start1	end1	start2	end2	col
2161984453	2161984453	3893683500	3893683500	28
2152411935	2152411935	3919635986	3919635986	28
4085402376	4085402376	2528449711	2528449711	28
3736565160	3736565160	322868056	322868056	28
3738205953	3738205953	325529313	325529313	28
3739074994	3739074994	327018583	327018583	28
3717516555	3717516555	338518886	338518886	28
4041069616	4041069616	362667684	362667684	28
4040441978	4040441978	363438757	363438757	28
2250865875	2250865875	3959964850	3959964850	28
3711039816	3711039816	352928958	352928958	28
2198635595	2198635595	3982183989	3982183989	28
2191772247	2191772247	4000915229	4000915229	28
2120927703	2120927703	4005278427	4005278427	28
2211836703	2211836703	3991400320	3991400320	28
2214591676	2214591676	3993110654	3993110654	28
2162517008	2162517008	3893153448	3893153448	28
2190795598	2190795598	4001574877	4001574877	28
2220374093	2220374093	3980731981	3980731981	28
3649100278	3649100278	42944727	42944727	27
4390980981	4390980981	4561031453	4561031453	27
4389619808	4389619808	4557562834	4557562834	27
4389585278	4389585278	4557480806	4557480806	27
4389525049	4389525049	4557405621	4557405621	27
4387068729	4387068729	4560232484	4560232484	27
3646074240	3646074240	637598031	637598031	27
3646146776	3646146776	637642570	637642570	27
3649069407	3649069407	640438971	640438971	27
4379348732	4379348732	4521074688	4521074688	27
3651717771	3651717771	643000733	643000733	27
3656231322	3656231322	648409795	648409795	27
3658038981	3658038981	651156672	651156672	27
3670551086	3670551086	567502876	567502876	27
3669797719	3669797719	565561327	565561327	27
3669395154	3669395154	564798741	564798741	27
3666441845	3666441845	799206975	799206975	27
3659345560	3659345560	778900263	778900263	27
3653770037	3653770037	645391647	645391647	27
3938018830	3938018830	394361668	394361668	26
3934653122	3934653122	422168403	422168403	26
3930126316	3930126316	408393536	408393536	26
3929318961	3929318961	402876169	402876169	26
3928302990	3928302990	398384531	398384531	26
3936962456	3936962456	396448616	396448616	26
4232584547	4232584547	1807554247	1807554247	26
4021038036	4021038036	388867446	388867446	26
4024093844	4024093844	385109604	385109604	26
4026481505	4026481505	381898519	381898519	26
4031357110	4031357110	375216767	375216767	26
4023783318	4023783318	385548532	385548532	26
2825367616	2825367616	2107405040	2107405040	25
4325376712	4325376712	4647501189	4647501189	25
2563298253	2563298253	4659990160	4659990160	25
4322828195	4322828195	4673505489	4673505489	25
3390425458	3390425458	4675640241	4675640241	25
3673169840	3673169840	4669230173	4669230173	25
3674908593	3674908593	4665317918	4665317918	25
2844624719	2844624719	2104841438	2104841438	25
2832553620	2832553620	2094231251	2094231251	25
2838225958	2838225958	2099266518	2099266518	25
4075917720	4075917720	2514965296	2514965296	25
3761620861	3761620861	2486669710	2486669710	25
1481027280	1481027280	2512387790	2512387790	25
4328855654	4328855654	4605690051	4605690051	25
4325823047	4325823047	4600881817	4600881817	25
4325583881	4325583881	4600478297	4600478297	25
2526647426	2526647426	4637050472	4637050472	25
2575765450	2575765450	4652442531	4652442531	25
2533385011	2533385011	4631593929	4631593929	25
2582597782	2582597782	4657529638	4657529638	25
2562298327	2562298327	4607146004	4607146004	25
2562885979	2562885979	4606484080	4606484080	25
2542729125	2542729125	4624341491	4624341491	25
2539441540	2539441540	4626944744	4626944744	25
2537400516	2537400516	4628162201	4628162201	25
2560594880	2560594880	4608739398	4608739398	25
1998492458	1998492458	4898225688	4898225688	25
2517814189	2517814189	4646917082	4646917082	25
2519478077	2519478077	4644646440	4644646440	25
2526454634	2526454634	4637385074	4637385074	25
2519825813	2519825813	4644279777	4644279777	25
4708980915	4708980915	5027651094	5027651094	24
4715880584	4715880584	5031837218	5031837218	24
4713758211	4713758211	5030359734	5030359734	24
4710395560	4710395560	5028393605	5028393605	24
4769976862	4769976862	5045595973	5045595973	24
2068151039	2068151039	1362045051	1362045051	23
2328963661	2328963661	1384179217	1384179217	23
2065947183	2065947183	1360120155	1360120155	23
2334229247	2334229247	1382696770	1382696770	23
2068214534	2068214534	1362113965	1362113965	23
2093992314	2093992314	1379046437	1379046437	23
2039473303	2039473303	1382597224	1382597224	23
2324186450	2324186450	1388273150	1388273150	23
2328539072	2328539072	1384289297	1384289297	23
4831877175	4831877175	1284214871	1284214871	23
3146833390	3146833390	4428742384	4428742384	23
1223509895	1223509895	3117724533	3117724533	23
4832505622	4832505622	1283384995	1283384995	23
4831180652	4831180652	1286214793	1286214793	23
2041681838	2041681838	1341169141	1341169141	23
4828223555	4828223555	1335557249	1335557249	23
4825565221	4825565221	1329803966	1329803966	23
1197639084	1197639084	3135295850	3135295850	23
626787811	626787811	4200678056	4200678056	22
631532125	631532125	4197990631	4197990631	22
631414463	631414463	4197993060	4197993060	22
602023073	602023073	4202255800	4202255800	22
626366916	626366916	4200999691	4200999691	22
629448838	629448838	4199086461	4199086461	22
626950583	626950583	4200613754	4200613754	22
628730262	628730262	4199518038	4199518038	22
629084437	629084437	4199389003	4199389003	22
4324094482	4324094482	4685815347	4685815347	22
4363737800	4363737800	4727219300	4727219300	22
3680498147	3680498147	4726678004	4726678004	22
3222188568	3222188568	5099461821	5099461821	22
3681058858	3681058858	4727353228	4727353228	22
3674044750	3674044750	4717370699	4717370699	22
3698991213	3698991213	4701587789	4701587789	22
3683371231	3683371231	4729541619	4729541619	22
3682080424	3682080424	4728225133	4728225133	22
3682819353	3682819353	4728996274	4728996274	22
3674673767	3674673767	4715926663	4715926663	22
706063315	706063315	5096664008	5096664008	22
3092652788	3092652788	5072491659	5072491659	22
3093595260	3093595260	5070688965	5070688965	22
4618870141	4618870141	4433775612	4433775612	21
3073350740	3073350740	4451418971	4451418971	21
3066164367	3066164367	4444125884	4444125884	21
3065759460	3065759460	4443797978	4443797978	21
3062960798	3062960798	4439855536	4439855536	21
3144585421	3144585421	4431377603	4431377603	21
3146880996	3146880996	4428680546	4428680546	21
3148372193	3148372193	4427058101	4427058101	21
3149930399	3149930399	4425708029	4425708029	21
3146928921	3146928921	4428474823	4428474823	21
4624405281	4624405281	4435715189	4435715189	21
3156446737	3156446737	4515280211	4515280211	21
3153651909	3153651909	4414110261	4414110261	21
4792196900	4792196900	4484390510	4484390510	21
4792070924	4792070924	4484612327	4484612327	21
3184055338	3184055338	4495668649	4495668649	21
3175326196	3175326196	4500714189	4500714189	21
3152243615	3152243615	4421014995	4421014995	21
3515974731	3515974731	2275748988	2275748988	20
2516298992	2516298992	4073745065	4073745065	20
2585026210	2585026210	4068021071	4068021071	20
1822644588	1822644588	4067344563	4067344563	20
2503914059	2503914059	4061196952	4061196952	20
2505500130	2505500130	4063369241	4063369241	20
4044214410	4044214410	285976826	285976826	20
621884902	621884902	4210880144	4210880144	20
3516355750	3516355750	2274576357	2274576357	20
3516130076	3516130076	2275408874	2275408874	20
3516192563	3516192563	2275271218	2275271218	20
3516245043	3516245043	2274807103	2274807103	20
3516426613	3516426613	2274530054	2274530054	20
1961194373	1961194373	4086516136	4086516136	20
1961280781	1961280781	4086410096	4086410096	20
2514627447	2514627447	4075250855	4075250855	20
2516238249	2516238249	4073773052	4073773052	20
3468136573	3468136573	4083548366	4083548366	20
2512803221	2512803221	4077262125	4077262125	20
1845512231	1845512231	4104969156	4104969156	20
1955662474	1955662474	4089754101	4089754101	20
1869244374	1869244374	4049785221	4049785221	20
1867578958	1867578958	4048732943	4048732943	20
1867460196	1867460196	4048664869	4048664869	20
1857474109	1857474109	4058075050	4058075050	20
1842183266	1842183266	4101235547	4101235547	20
1839477529	1839477529	4098843376	4098843376	20
1870172505	1870172505	4050540619	4050540619	20
1937260622	1937260622	4121706970	4121706970	20
1940152160	1940152160	4117831792	4117831792	20
1828147874	1828147874	4024820071	4024820071	20
1823854699	1823854699	4030187393	4030187393	20
1947317157	1947317157	4094974678	4094974678	20
1947364886	1947364886	4094849241	4094849241	20
1940044311	1940044311	4117993520	4117993520	20
3530124837	3530124837	2149230586	2149230586	19
85929462	85929462	2297069716	2297069716	19
3524333811	3524333811	2160840122	2160840122	19
3525783735	3525783735	2157774352	2157774352	19
3527489052	3527489052	2154204658	2154204658	19
3527643675	3527643675	2153901004	2153901004	19
3535546145	3535546145	2140813157	2140813157	19
3533966648	3533966648	2143137899	2143137899	19
3534926349	3534926349	2141949158	2141949158	19
1044642596	1044642596	2379356245	2379356245	19
3558117450	3558117450	2242764244	2242764244	19
3552803034	3552803034	2249484941	2249484941	19
1404423276	1404423276	3237654490	3237654490	19
81180063	81180063	2293250562	2293250562	19
81450599	81450599	2293809279	2293809279	19
107542335	107542335	2234231768	2234231768	19
81082126	81082126	2293043736	2293043736	19
149595062	149595062	2201830910	2201830910	19
105846088	105846088	2286041103	2286041103	19
179785777	179785777	2177187824	2177187824	19
171365460	171365460	2185376506	2185376506	19
160387272	160387272	2193212956	2193212956	19
151168234	151168234	2200498063	2200498063	19
151864564	151864564	2200003535	2200003535	19
145941168	145941168	2205307424	2205307424	19
145141655	145141655	2206166087	2206166087	19
115406946	115406946	2227820028	2227820028	19
112046033	112046033	2230901318	2230901318	19
109425654	109425654	2231706261	2231706261	19
107712811	107712811	2234010165	2234010165	19
4253484011	4253484011	121818434	121818434	18
4255177032	4255177032	123799099	123799099	18
4258089926	4258089926	128562687	128562687	18
4258856350	4258856350	129760533	129760533	18
4263188240	4263188240	136980410	136980410	18
849906816	849906816	144015302	144015302	18
900000273	900000273	180609097	180609097	18
4250825861	4250825861	115866011	115866011	18
4247230251	4247230251	109500669	109500669	18
4241189826	4241189826	98719606	98719606	18
4241093335	4241093335	98500923	98500923	18
4238892032	4238892032	94138926	94138926	18
4235637656	4235637656	86544033	86544033	18
872039716	872039716	158721136	158721136	18
4275227019	4275227019	141677023	141677023	18
910318691	910318691	187205875	187205875	18
4264406548	4264406548	250750087	250750087	18
917150171	917150171	264773320	264773320	18
4267128366	4267128366	256056689	256056689	18
4267060832	4267060832	255838524	255838524	18
4266986291	4266986291	255495395	255495395	18
4264464701	4264464701	250797420	250797420	18
4269607395	4269607395	262620806	262620806	18
2919691424	2919691424	234152500	234152500	18
2918516297	2918516297	232909089	232909089	18
2939092699	2939092699	224265626	224265626	18
2953838168	2953838168	206032240	206032240	18
2965723448	2965723448	192459305	192459305	18
2967776470	2967776470	190811795	190811795	18
3605743916	3605743916	684470236	684470236	17
3571016493	3571016493	712251744	712251744	17
3584287388	3584287388	702429694	702429694	17
3586432200	3586432200	701258649	701258649	17
3598322073	3598322073	692022469	692022469	17
3600385762	3600385762	689503504	689503504	17
3628771659	3628771659	659977484	659977484	17
3621992935	3621992935	667346660	667346660	17
3628153900	3628153900	660738026	660738026	17
3628929680	3628929680	659852018	659852018	17
3630980259	3630980259	621756094	621756094	17
3565760219	3565760219	719745745	719745745	17
3566567256	3566567256	718676500	718676500	17
1004337992	1004337992	588469581	588469581	17
986624444	986624444	721831636	721831636	17
965884671	965884671	734311760	734311760	17
947055315	947055315	799444030	799444030	17
941061741	941061741	605461379	605461379	17
991213135	991213135	571468687	571468687	17
1012212346	1012212346	580032389	580032389	17
3632777289	3632777289	623625328	623625328	17
4931426020	4931426020	653120603	653120603	17
4927231351	4927231351	534841882	534841882	17
4928920481	4928920481	541163850	541163850	17
4928781530	4928781530	539764392	539764392	17
4934805489	4934805489	600055036	600055036	17
3631190243	3631190243	621983130	621983130	17
3626330626	3626330626	662806579	662806579	17
3636176413	3636176413	627157578	627157578	17
581288867	581288867	108645267	108645267	17
4371398503	4371398503	4526432888	4526432888	17
549474662	549474662	4553466428	4553466428	17
549391699	549391699	4553534342	4553534342	17
566583650	566583650	4541841081	4541841081	17
566894684	566894684	4541678741	4541678741	17
572693151	572693151	4538410618	4538410618	17
576459800	576459800	4535980738	4535980738	17
577717240	577717240	4535186464	4535186464	17
578831985	578831985	4534435614	4534435614	17
579974638	579974638	4531021342	4531021342	17
580778884	580778884	4531615446	4531615446	17
581068501	581068501	4531867966	4531867966	17
557276088	557276088	4553353986	4553353986	17
581801057	581801057	4532447608	4532447608	17
584283812	584283812	4530532821	4530532821	17
547976859	547976859	4569179386	4569179386	17
4382829342	4382829342	4524885191	4524885191	17
583111170	583111170	4533443439	4533443439	17
583675878	583675878	4533883779	4533883779	17
4371414747	4371414747	4526367653	4526367653	17
587062746	587062746	4528871071	4528871071	17
587386067	587386067	4528621585	4528621585	17
534048447	534048447	4580019427	4580019427	17
541019468	541019468	4574456904	4574456904	17
547583016	547583016	4569555883	4569555883	17
1099959830	1099959830	2323060752	2323060752	16
1141114645	1141114645	2351212576	2351212576	16
1105555687	1105555687	2327830540	2327830540	16
1103102309	1103102309	2325765008	2325765008	16
1100053853	1100053853	2323122832	2323122832	16
1088459892	1088459892	2313632310	2313632310	16
1099920909	1099920909	2323002681	2323002681	16
1078024116	1078024116	2302555796	2302555796	16
1088227376	1088227376	2313389808	2313389808	16
1087294090	1087294090	2312534453	2312534453	16
1079695286	1079695286	2304970439	2304970439	16
1126094213	1126094213	2344338593	2344338593	16
1128155122	1128155122	2346271830	2346271830	16
1040490833	1040490833	2383967749	2383967749	16
1116379427	1116379427	2336517585	2336517585	16
1116293516	1116293516	2336437814	2336437814	16
1039598192	1039598192	2384714825	2384714825	16
1040223770	1040223770	2384230375	2384230375	16
1040302705	1040302705	2384155442	2384155442	16
1030913245	1030913245	2411091171	2411091171	16
1154985799	1154985799	2366431621	2366431621	16
1058675662	1058675662	2366875218	2366875218	16
1058461023	1058461023	2367115839	2367115839	16
1027838464	1027838464	2400261997	2400261997	16
1028943498	1028943498	2401611704	2401611704	16
1077826791	1077826791	2302121145	2302121145	16
1077898619	1077898619	2302288747	2302288747	16
1049917793	1049917793	2374946182	2374946182	16
1077545586	1077545586	2301823510	2301823510	16
3205998803	3205998803	4974682873	4974682873	16
1141592013	1141592013	2350859389	2350859389	16
3077179975	3077179975	4948152889	4948152889	16
3056555490	3056555490	4938888760	4938888760	16
3057485913	3057485913	4940378703	4940378703	16
3058748851	3058748851	4938847285	4938847285	16
3098110981	3098110981	4957177674	4957177674	16
3202013590	3202013590	4964452313	4964452313	16
3202098879	3202098879	4964617174	4964617174	16
3202189874	3202189874	4979656590	4979656590	16
3202250529	3202250529	4979455913	4979455913	16
3202422152	3202422152	4979228227	4979228227	16
3203476656	3203476656	4977795229	4977795229	16
3077417507	3077417507	4948310147	4948310147	16
3206036841	3206036841	4974651900	4974651900	16
4306500491	4306500491	55338288	55338288	16
3211417348	3211417348	4966226842	4966226842	16
1113220207	1113220207	2333813324	2333813324	16
4319271005	4319271005	24614063	24614063	16
4316595533	4316595533	36294879	36294879	16
4508496008	4508496008	14714473	14714473	16
4306455825	4306455825	55402969	55402969	16
4306406105	4306406105	55475270	55475270	16
4305746707	4305746707	56381577	56381577	16
4291110442	4291110442	74781497	74781497	16
4289488275	4289488275	77617143	77617143	16
1365408405	1365408405	3172486924	3172486924	15
1257443857	1257443857	3268726992	3268726992	15
1365443909	1365443909	3172527236	3172527236	15
1374134621	1374134621	3343925613	3343925613	15
1362179123	1362179123	1229420452	1229420452	15
1361787561	1361787561	3246048854	3246048854	15
1156357595	1156357595	3250403804	3250403804	15
1153342114	1153342114	3248318457	3248318457	15
1153884213	1153884213	3247444978	3247444978	15
1238539108	1238539108	3304301454	3304301454	15
1347390887	1347390887	3320123986	3320123986	15
1310282469	1310282469	3280500774	3280500774	15
1259271159	1259271159	3270181639	3270181639	15
1259344794	1259344794	3270210657	3270210657	15
1263004511	1263004511	3272600181	3272600181	15
1268323131	1268323131	3278140842	3278140842	15
1270889050	1270889050	3279914618	3279914618	15
1297345567	1297345567	3288788417	3288788417	15
1376628791	1376628791	3340074537	3340074537	15
3436736369	3436736369	943540219	943540219	15
3444134431	3444134431	952427402	952427402	15
3850224163	3850224163	3180874616	3180874616	15
3852116096	3852116096	3348181570	3348181570	15
1310145543	1310145543	3280603695	3280603695	15
3847132962	3847132962	3176755469	3176755469	15
3828606568	3828606568	3200140451	3200140451	15
3846340479	3846340479	3345664986	3345664986	15
1417849578	1417849578	3225038216	3225038216	15
1419351607	1419351607	3222292721	3222292721	15
3802000254	3802000254	3219668065	3219668065	15
3815699299	3815699299	3213561495	3213561495	15
3817620723	3817620723	3211899609	3211899609	15
3817931124	3817931124	3211127717	3211127717	15
3825828859	3825828859	3202993921	3202993921	15
3826009014	3826009014	3202767599	3202767599	15
3827568745	3827568745	3201060617	3201060617	15
1418005576	1418005576	3224787337	3224787337	15
3831414118	3831414118	3197805087	3197805087	15
3842297956	3842297956	3186271310	3186271310	15
3833744692	3833744692	3195272278	3195272278	15
3846191848	3846191848	3181218086	3181218086	15
3844198365	3844198365	3183862009	3183862009	15
3845844910	3845844910	3181322657	3181322657	15
3841989899	3841989899	3186635160	3186635160	15
3836333149	3836333149	3192694179	3192694179	15
3835375215	3835375215	3193719087	3193719087	15
3834889087	3834889087	3194152852	3194152852	15
4687492009	4687492009	3382149052	3382149052	14
4896752379	4896752379	2882709524	2882709524	14
4896351620	4896351620	2882830212	2882830212	14
4801252840	4801252840	1163177773	1163177773	14
5001133909	5001133909	2877305242	2877305242	14
5000573254	5000573254	2877410261	2877410261	14
4834673253	4834673253	1156834412	1156834412	14
4976290412	4976290412	2847110974	2847110974	14
5015889319	5015889319	2848349037	2848349037	14
5142118841	5142118841	2951955613	2951955613	14
5141961520	5141961520	2951854043	2951854043	14
5124519150	5124519150	2933704206	2933704206	14
1161563792	1161563792	3157450453	3157450453	14
5057733420	5057733420	2892612961	2892612961	14
5098463739	5098463739	2950567605	2950567605	14
5098606504	5098606504	2950358969	2950358969	14
5100315096	5100315096	2949362324	2949362324	14
1496001534	1496001534	4769284011	4769284011	14
1486349360	1486349360	4759492448	4759492448	14
1492480513	1492480513	4756769067	4756769067	14
1505608599	1505608599	4775359992	4775359992	14
1515821300	1515821300	4782587044	4782587044	14
1544797303	1544797303	4802053776	4802053776	14
4937565203	4937565203	4750915195	4750915195	14
4939318023	4939318023	4760953023	4760953023	14
1526147534	1526147534	4789521686	4789521686	14
1525986568	1525986568	4789416479	4789416479	14
1524760662	1524760662	4788571424	4788571424	14
1523915312	1523915312	4788006121	4788006121	14
5150715105	5150715105	4756354210	4756354210	14
1514056465	1514056465	4781282897	4781282897	14
1513500219	1513500219	4780919909	4780919909	14
1512445998	1512445998	4779837670	4779837670	14
1512847916	1512847916	4780305846	4780305846	14
1556387321	1556387321	4810580336	4810580336	14
1552080176	1552080176	4806952861	4806952861	14
1513551446	1513551446	4780957075	4780957075	14
1544822908	1544822908	4802067921	4802067921	14
2268570214	2268570214	1456862548	1456862548	13
1606654353	1606654353	1497990412	1497990412	13
4278412455	4278412455	280008736	280008736	13
1585870986	1585870986	1482853993	1482853993	13
2266870260	2266870260	1461589983	1461589983	13
2267783542	2267783542	1459844344	1459844344	13
2273945589	2273945589	1443815440	1443815440	13
2269625301	2269625301	1453993633	1453993633	13
2271869655	2271869655	1448437842	1448437842	13
2273979667	2273979667	1443736446	1443736446	13
2292025727	2292025727	1422418096	1422418096	13
1614819551	1614819551	1504927740	1504927740	13
1609078955	1609078955	1500485336	1500485336	13
1485279142	1485279142	1532367101	1532367101	13
1636454207	1636454207	1522132867	1522132867	13
1637830911	1637830911	1523694045	1523694045	13
1640655986	1640655986	1525750230	1525750230	13
1641306863	1641306863	1526108556	1526108556	13
1642438266	1642438266	1526955437	1526955437	13
1490118267	1490118267	1528124526	1528124526	13
1490169208	1490169208	1528191558	1528191558	13
1479828269	1479828269	1531983713	1531983713	13
1430309295	1430309295	1535486857	1535486857	13
1430353743	1430353743	1535904957	1535904957	13
1438124051	1438124051	1546219420	1546219420	13
1438586144	1438586144	1547049597	1547049597	13
2304964729	2304964729	1406268818	1406268818	13
2293288637	2293288637	1420650316	1420650316	13
1914722788	1914722788	1264435405	1264435405	13
4747222048	4747222048	1626647583	1626647583	13
1899049485	1899049485	1252581028	1252581028	13
1899139296	1899139296	1252680325	1252680325	13
1923984042	1923984042	2815785924	2815785924	13
4485404765	4485404765	2632180710	2632180710	13
2881450356	2881450356	2814254859	2814254859	13
636952482	636952482	4194626419	4194626419	12
658147819	658147819	4180490289	4180490289	12
2703711744	2703711744	986873326	986873326	12
2703832786	2703832786	986682474	986682474	12
2675744097	2675744097	1017611125	1017611125	12
2675858848	2675858848	1017530880	1017530880	12
2683110782	2683110782	1012298385	1012298385	12
623086052	623086052	4139744054	4139744054	12
659072104	659072104	4179898456	4179898456	12
641963252	641963252	4191525061	4191525061	12
658082821	658082821	4180595448	4180595448	12
657854168	657854168	4180771788	4180771788	12
2702357362	2702357362	989088549	989088549	12
643529851	643529851	4190512764	4190512764	12
643671565	643671565	4190434213	4190434213	12
643831398	643831398	4190374891	4190374891	12
648128580	648128580	4187135750	4187135750	12
649883403	649883403	4185839951	4185839951	12
2703361207	2703361207	987498081	987498081	12
2668947880	2668947880	1023076878	1023076878	12
2700968271	2700968271	992448640	992448640	12
3003876799	3003876799	770223844	770223844	12
3424222565	3424222565	929018712	929018712	12
3420167883	3420167883	924033574	924033574	12
2698820099	2698820099	995720768	995720768	12
3022507080	3022507080	592839736	592839736	12
3021983424	3021983424	857776649	857776649	12
3021682652	3021682652	857550537	857550537	12
3015145647	3015145647	861433299	861433299	12
3010368791	3010368791	776449620	776449620	12
3416764734	3416764734	919990475	919990475	12
3001741048	3001741048	767637878	767637878	12
2975615817	2975615817	750190603	750190603	12
3468962209	3468962209	804574190	804574190	12
3470749925	3470749925	808522785	808522785	12
3473983283	3473983283	813593901	813593901	12
657317988	657317988	4181151515	4181151515	12
2990768021	2990768021	756624006	756624006	12
4998986373	4998986373	2995596158	2995596158	10
4756825789	4756825789	3487578748	3487578748	10
4757829822	4757829822	3486558730	3486558730	10
4759067600	4759067600	3485266102	3485266102	10
2876036492	2876036492	2039826041	2039826041	10
5033843581	5033843581	2987943717	2987943717	10
5023749928	5023749928	2994168582	2994168582	10
76970235	76970235	3063444821	3063444821	10
4998771253	4998771253	2995953585	2995953585	10
41478731	41478731	3031430056	3031430056	10
76742462	76742462	3063217775	3063217775	10
72170420	72170420	3058436485	3058436485	10
67838118	67838118	3053585467	3053585467	10
4463196048	4463196048	3545300638	3545300638	10
4490882311	4490882311	3532931844	3532931844	10
4488236721	4488236721	3501010143	3501010143	10
4463290502	4463290502	3545254544	3545254544	10
4503681577	4503681577	3521961939	3521961939	10
62685137	62685137	3048871770	3048871770	10
4517964880	4517964880	3512852075	3512852075	10
4518265331	4518265331	3512619278	3512619278	10
4755169175	4755169175	3567066090	3567066090	10
4752212921	4752212921	3573618301	3573618301	10
4752061328	4752061328	3574000661	3574000661	10
4441823615	4441823615	3538213182	3538213182	10
4470266423	4470266423	3488995461	3488995461	10
4438584020	4438584020	3536437440	3536437440	10
5037012126	5037012126	2985656969	2985656969	10
4487013613	4487013613	3500064458	3500064458	10
4486102654	4486102654	3499453493	3499453493	10
4477745354	4477745354	3494094913	3494094913	10
4473320342	4473320342	3491237225	3491237225	10
65149867	65149867	3051840395	3051840395	10
4506112641	4506112641	3520281378	3520281378	10
4980495	4980495	3068693810	3068693810	10
4863152349	4863152349	1202959780	1202959780	10
5045288940	5045288940	2978906377	2978906377	10
4837320857	4837320857	1154322586	1154322586	10
2083912	2083912	3074100100	3074100100	10
4850448878	4850448878	1179649491	1179649491	10
4851733462	4851733462	1181421316	1181421316	10
4852094250	4852094250	1181971064	1181971064	10
4852125680	4852125680	1182090228	1182090228	10
4856616730	4856616730	1190292720	1190292720	10
4838757463	4838757463	1176841661	1176841661	10
4864765339	4864765339	1204927126	1204927126	10
4879864867	4879864867	1280494888	1280494888	10
1272551469	1272551469	3098097039	3098097039	10
1246023325	1246023325	3094696100	3094696100	10
10067856	10067856	3086281761	3086281761	10
2913335665	2913335665	3082520743	3082520743	10
1167177	1167177	3076165290	3076165290	10
4865321608	4865321608	1205397089	1205397089	10
3300917270	3300917270	2703876127	2703876127	9
3376997116	3376997116	2743027920	2743027920	9
3381892345	3381892345	2738756872	2738756872	9
2258020869	2258020869	2728814379	2728814379	9
2258236812	2258236812	2727673063	2727673063	9
3307650722	3307650722	2709494722	2709494722	9
3266386442	3266386442	2674216148	2674216148	9
3297348316	3297348316	2700815694	2700815694	9
3269638234	3269638234	2676905452	2676905452	9
3267262047	3267262047	2674885874	2674885874	9
3246883760	3246883760	2656944481	2656944481	9
3334048024	3334048024	2766709071	2766709071	9
3232712439	3232712439	2640459875	2640459875	9
3258471254	3258471254	2667471224	2667471224	9
3398279082	3398279082	2616776854	2616776854	9
3345703858	3345703858	2759738514	2759738514	9
3399786035	3399786035	2605431523	2605431523	9
4080334209	4080334209	2533083235	2533083235	9
1802446073	1802446073	2541959203	2541959203	9
1802155316	1802155316	2542248794	2542248794	9
1801354025	1801354025	2542638377	2542638377	9
3363714043	3363714043	2756974435	2756974435	9
1777931085	1777931085	2559593455	2559593455	9
1778066567	1778066567	2559498393	2559498393	9
4120026588	4120026588	2569875150	2569875150	9
4090081134	4090081134	2600821203	2600821203	9
4089924440	4089924440	2601166643	2601166643	9
4088889786	4088889786	2602528130	2602528130	9
3399735014	3399735014	2605377935	2605377935	9
1800861675	1800861675	2543056011	2543056011	9
3401472531	3401472531	2614784689	2614784689	9
2900297776	2900297776	2806210027	2806210027	9
3398516351	3398516351	2615006612	2615006612	9
3370255053	3370255053	2752582746	2752582746	9
2910557910	2910557910	2804205498	2804205498	9
2905218096	2905218096	2812711800	2812711800	9
2903445975	2903445975	2810413216	2810413216	9
3323939454	3323939454	2748495553	2748495553	9
2883520246	2883520246	2833107346	2833107346	9
3395747332	3395747332	2621245648	2621245648	9
3344509576	3344509576	2760246078	2760246078	9
3398349872	3398349872	2616661360	2616661360	9
3394763957	3394763957	2623415104	2623415104	9
4643997004	4643997004	3427804611	3427804611	8
288653049	288653049	3823287657	3823287657	8
327235932	327235932	3850468569	3850468569	8
479663241	479663241	4143750357	4143750357	8
2614056124	2614056124	1069719936	1069719936	8
2614180635	2614180635	1069665808	1069665808	8
4647069489	4647069489	3426025124	3426025124	8
4646589625	4646589625	3426252644	3426252644	8
528091130	528091130	4385826648	4385826648	8
1652469790	1652469790	4379545499	4379545499	8
528283515	528283515	4386489339	4386489339	8
3750544271	3750544271	509549184	509549184	8
3751623722	3751623722	2633291036	2633291036	8
3752256782	3752256782	499816459	499816459	8
3752563249	3752563249	448913745	448913745	8
3051843361	3051843361	491271786	491271786	8
3751515515	3751515515	501524030	501524030	8
2612909520	2612909520	1070916909	1070916909	8
432951477	432951477	3812511049	3812511049	8
4649605633	4649605633	3479543708	3479543708	8
4638758611	4638758611	3483620444	3483620444	8
3407285163	3407285163	886491756	886491756	8
2610857654	2610857654	1072948467	1072948467	8
2609993961	2609993961	1073858899	1073858899	8
3402500277	3402500277	907752381	907752381	8
4336736114	4336736114	1086697820	1086697820	8
4332303084	4332303084	1082264614	1082264614	8
2636568757	2636568757	1050354776	1050354776	8
2620145513	2620145513	1036169360	1036169360	8
2618685858	2618685858	1065417871	1065417871	8
2618356268	2618356268	1065681288	1065681288	8
4532502729	4532502729	3435772245	3435772245	8
4536361571	4536361571	3433679096	3433679096	8
4536471551	4536471551	3433636530	3433636530	8
4613765212	4613765212	3397093809	3397093809	8
4651761108	4651761108	3482288152	3482288152	8
4652138957	4652138957	3438735355	3438735355	8
4663659451	4663659451	3445257542	3445257542	8
4669185669	4669185669	3448240579	3448240579	8
4649228148	4649228148	3479331572	3479331572	8
4631213351	4631213351	2454698049	2454698049	8
3051001437	3051001437	488602689	488602689	8
4630739553	4630739553	3361054871	3361054871	8
3049989846	3049989846	486862844	486862844	8
3049685393	3049685393	486288716	486288716	8
3049621384	3049621384	486196308	486196308	8
3984714749	3984714749	465708228	465708228	8
3981640729	3981640729	469756781	469756781	8
3974330865	3974330865	477905481	477905481	8
3974203207	3974203207	478160944	478160944	8
3972670582	3972670582	480340883	480340883	8
3965292896	3965292896	460614966	460614966	8
3962150278	3962150278	463980159	463980159	8
3961094679	3961094679	446200736	446200736	8
3960601124	3960601124	445867389	445867389	8
4559277392	4559277392	3461621091	3461621091	8
4564610611	4564610611	3464734768	3464734768	8
4574348060	4574348060	3469568077	3469568077	8
4574832176	4574832176	3469853445	3469853445	8
4592917308	4592917308	3422184805	3422184805	8
4637367856	4637367856	3380407493	3380407493	8
4797227214	4797227214	3373831515	3373831515	8
315632303	315632303	3818496739	3818496739	8
2407385091	2407385091	3757978632	3757978632	8
437048104	437048104	3810249229	3810249229	8
375624437	375624437	3773172872	3773172872	8
443438461	443438461	3806406551	3806406551	8
2411320334	2411320334	3754763510	3754763510	8
467867385	467867385	3887793436	3887793436	8
1061849493	1061849493	3760282657	3760282657	8
2397367564	2397367564	3764140574	3764140574	8
422312965	422312965	3776680747	3776680747	8
384080980	384080980	3879553140	3879553140	8
2408656629	2408656629	3757308020	3757308020	8
420452536	420452536	3777568724	3777568724	8
413317317	413317317	3780909504	3780909504	8
386381213	386381213	3794501082	3794501082	8
458535535	458535535	3798103192	3798103192	8
385210500	385210500	3795075476	3795075476	8
462161114	462161114	3796629113	3796629113	8
419832343	419832343	260318433	260318433	8
914531723	914531723	267117054	267117054	7
2707026728	2707026728	4365211159	4365211159	7
2706661678	2706661678	4365411947	4365411947	7
2705730698	2705730698	4366671883	4366671883	7
519864496	519864496	4370470148	4370470148	7
839360140	839360140	272984587	272984587	7
913070099	913070099	268093599	268093599	7
838969324	838969324	272603466	272603466	7
845217461	845217461	276211752	276211752	7
845413147	845413147	276322556	276322556	7
2722631346	2722631346	4344401627	4344401627	7
4278091046	4278091046	280348650	280348650	7
2720658760	2720658760	4347172499	4347172499	7
2501429852	2501429852	4286974453	4286974453	7
2752619110	2752619110	4315481805	4315481805	7
2753315807	2753315807	4314764250	4314764250	7
2763059865	2763059865	4305609864	4305609864	7
2763817464	2763817464	4304831596	4304831596	7
2765880745	2765880745	4302612611	4302612611	7
2773000459	2773000459	4292617568	4292617568	7
4087619838	4087619838	2526216152	2526216152	7
2501247010	2501247010	4286797733	4286797733	7
2500352574	2500352574	4285461326	4285461326	7
2254777834	2254777834	3910292902	3910292902	7
2489932246	2489932246	4271261323	4271261323	7
2488729758	2488729758	4269755189	4269755189	7
3746545680	3746545680	284041735	284041735	7
2854774121	2854774121	2086796996	2086796996	7
4085290675	4085290675	2528466082	2528466082	7
2879162205	2879162205	2033194402	2033194402	7
4408524042	4408524042	1702431720	1702431720	7
4396692972	4396692972	1690470080	1690470080	7
4396635702	4396635702	1690434673	1690434673	7
4391596671	4391596671	1685757595	1685757595	7
244211286	244211286	1682086500	1682086500	7
244747290	244747290	1681941627	1681941627	7
246177866	246177866	1680536239	1680536239	7
264792153	264792153	1667581352	1667581352	7
2819454437	2819454437	1983264362	1983264362	7
2816590516	2816590516	1986671604	1986671604	7
2879775758	2879775758	2028527051	2028527051	7
2879253078	2879253078	2033001821	2033001821	7
2878976435	2878976435	2033302874	2033302874	7
4084789542	4084789542	2529117845	2529117845	7
2878585165	2878585165	2034497777	2034497777	7
2876257304	2876257304	2039144157	2039144157	7
2870207349	2870207349	2045596049	2045596049	7
2866863981	2866863981	2064173773	2064173773	7
2856932058	2856932058	2088924715	2088924715	7
2856215766	2856215766	2088209892	2088209892	7
2483208480	2483208480	4265635559	4265635559	7
2854157530	2854157530	2086079076	2086079076	7
2846230148	2846230148	2079144700	2079144700	7
1961495803	1961495803	4086312969	4086312969	7
1961423895	1961423895	4086349338	4086349338	7
4050091057	4050091057	2506857954	2506857954	7
2485465123	2485465123	4267349584	4267349584	7
2760844182	2760844182	4307560179	4307560179	7
2475842649	2475842649	4261164252	4261164252	7
515876979	515876979	4407210092	4407210092	7
2390319874	2390319874	3889115417	3889115417	7
367308279	367308279	3871924482	3871924482	7
2413763813	2413763813	3838774275	3838774275	7
2412308777	2412308777	3845029226	3845029226	7
2474056126	2474056126	4260007365	4260007365	7
507767041	507767041	4399274853	4399274853	7
2341731704	2341731704	4253990528	4253990528	7
2338273275	2338273275	4257718493	4257718493	7
3049514975	3049514975	4259029289	4259029289	7
2349317107	2349317107	4246686752	4246686752	7
4017711380	4017711380	3748160736	3748160736	6
4013148859	4013148859	3738366947	3738366947	6
4012427216	4012427216	3740005376	3740005376	6
4012296215	4012296215	3740602994	3740602994	6
4014913913	4014913913	3743632775	3743632775	6
4015160944	4015160944	3744154014	3744154014	6
4015183226	4015183226	3744187223	3744187223	6
4015744014	4015744014	3744743421	3744743421	6
4016734424	4016734424	3746452674	3746452674	6
3941173835	3941173835	3754084688	3754084688	6
4020654001	4020654001	3752606793	3752606793	6
3941401324	3941401324	3752813914	3752813914	6
3862835934	3862835934	4992744524	4992744524	6
3867928639	3867928639	4998483123	4998483123	6
3986193468	3986193468	3725931343	3725931343	6
3854876127	3854876127	4982425290	4982425290	6
3855539022	3855539022	4983734006	4983734006	6
3855582859	3855582859	4983765312	4983765312	6
2465815244	2465815244	2446673201	2446673201	6
3985416527	3985416527	3726371863	3726371863	6
4133624098	4133624098	3721703371	3721703371	6
4134273680	4134273680	3723221276	3723221276	6
1733607515	1733607515	3692087509	3692087509	6
1687210525	1687210525	3668629480	3668629480	6
1693441557	1693441557	3671900197	3671900197	6
1701961445	1701961445	3676380406	3676380406	6
1706563040	1706563040	3678535927	3678535927	6
1711900977	1711900977	3681069129	3681069129	6
1713189290	1713189290	3681574215	3681574215	6
1713458739	1713458739	3681707117	3681707117	6
1716309442	1716309442	3683266115	3683266115	6
4122285759	4122285759	3705591140	3705591140	6
4134203768	4134203768	3723070965	3723070965	6
4127233150	4127233150	3710149679	3710149679	6
4129226952	4129226952	3711724383	3711724383	6
4132169200	4132169200	3716616439	3716616439	6
4132250961	4132250961	3716753218	3716753218	6
4037119946	4037119946	3721154845	3721154845	6
3858536796	3858536796	4987566957	4987566957	6
4134105056	4134105056	3722805548	3722805548	6
4134171957	4134171957	3722899589	3722899589	6
3857851971	3857851971	4986380599	4986380599	6
3875737310	3875737310	3054633679	3054633679	6
3858564125	3858564125	4987584147	4987584147	6
2020034233	2020034233	4917844215	4917844215	6
1996555361	1996555361	4897094166	4897094166	6
1997924799	1997924799	4897900590	4897900590	6
1998377843	1998377843	4898160629	4898160629	6
2000208102	2000208102	4899631437	4899631437	6
2001546828	2001546828	4900377884	4900377884	6
2002521273	2002521273	4901052096	4901052096	6
2006444068	2006444068	4925756584	4925756584	6
2013358553	2013358553	4921322561	4921322561	6
2020127881	2020127881	4917775674	4917775674	6
3859088682	3859088682	4987989928	4987989928	6
2020303236	2020303236	4917712770	4917712770	6
2021131217	2021131217	4917290554	4917290554	6
2021252317	2021252317	4917271435	4917271435	6
1973196648	1973196648	4913435811	4913435811	6
1973152723	1973152723	4913403427	4913403427	6
1970776812	1970776812	4911701893	4911701893	6
1968107168	1968107168	4907910554	4907910554	6
1968071647	1968071647	4907744760	4907744760	6
1995333144	1995333144	4896377933	4896377933	6
1987296319	1987296319	4883679766	4883679766	6
1976355263	1976355263	4890451173	4890451173	6
1975265629	1975265629	4891016445	4891016445	6
3859646516	3859646516	4988702289	4988702289	6
3864953334	3864953334	4995893236	4995893236	6
3875932215	3875932215	5006792545	5006792545	6
3877146530	3877146530	5023666444	5023666444	6
3874123699	3874123699	5005001930	5005001930	6
3873759361	3873759361	5004390201	5004390201	6
3873705974	3873705974	5004341297	5004341297	6
3873576959	3873576959	5004100620	5004100620	6
3873126790	3873126790	5003337351	5003337351	6
3872745484	3872745484	5002891423	5002891423	6
3872411429	3872411429	5002713820	5002713820	6
3871845719	3871845719	5002058568	5002058568	6
3876627764	3876627764	5025384563	5025384563	6
2030818007	2030818007	4874888167	4874888167	6
2028307130	2028307130	4871721752	4871721752	6
2027911251	2027911251	4883420159	4883420159	6
1974984660	1974984660	4891189277	4891189277	6
1654994973	1654994973	3650701745	3650701745	6
1967170311	1967170311	4906604116	4906604116	6
2455154430	2455154430	2440176585	2440176585	6
4136230281	4136230281	1925316504	1925316504	6
4170578193	4170578193	2019179759	2019179759	6
4170011759	4170011759	2018185635	2018185635	6
4169772124	4169772124	2017943077	2017943077	6
4169219715	4169219715	2017393728	2017393728	6
4165559598	4165559598	2014441412	2014441412	6
4155036755	4155036755	2000990910	2000990910	6
4150393907	4150393907	1994290019	1994290019	6
3405460445	3405460445	894512066	894512066	6
4136006845	4136006845	1924630136	1924630136	6
2441171757	2441171757	2461932638	2461932638	6
4137001479	4137001479	1928246135	1928246135	6
4137113873	4137113873	1928542892	1928542892	6
4137458775	4137458775	1931524661	1931524661	6
4138609100	4138609100	1935519198	1935519198	6
4138740692	4138740692	1935750414	1935750414	6
4145619182	4145619182	1950509094	1950509094	6
4146386062	4146386062	1951722478	1951722478	6
2425824204	2425824204	2476950574	2476950574	6
2446729133	2446729133	2466073901	2466073901	6
1966490503	1966490503	4905895894	4905895894	6
2440728842	2440728842	2461704586	2461704586	6
3760388192	3760388192	3599242717	3599242717	6
2439305605	2439305605	2460307997	2460307997	6
3747586594	3747586594	505416127	505416127	6
3748329548	3748329548	507603849	507603849	6
3749827328	3749827328	505047634	505047634	6
3755752937	3755752937	3594727089	3594727089	6
3757422016	3757422016	483710379	483710379	6
3758280597	3758280597	485285068	485285068	6
3759451435	3759451435	3600221076	3600221076	6
3747527385	3747527385	505293730	505293730	6
3761620861	3761620861	3597398646	3597398646	6
3772217978	3772217978	3613707228	3613707228	6
3780514109	3780514109	3623725213	3623725213	6
3780595322	3780595322	3623807739	3623807739	6
3780833732	3780833732	3624203064	3624203064	6
3791329484	3791329484	3637042687	3637042687	6
3791686216	3791686216	3637481328	3637481328	6
3764458714	3764458714	3604464787	3604464787	6
4190185859	4190185859	1815660521	1815660521	5
809906403	809906403	1842957088	1842957088	5
812026870	812026870	1840755787	1840755787	5
4223443245	4223443245	1792584899	1792584899	5
4233452148	4233452148	1809367831	1809367831	5
4231778635	4231778635	1807126358	1807126358	5
799012703	799012703	1850575541	1850575541	5
4201908247	4201908247	1791511244	1791511244	5
800725563	800725563	1849147039	1849147039	5
760558490	760558490	1876713859	1876713859	5
789646511	789646511	1857494488	1857494488	5
787024879	787024879	1859076161	1859076161	5
775704764	775704764	1866879606	1866879606	5
751120119	751120119	1884092592	1884092592	5
749589973	749589973	1885392991	1885392991	5
748529899	748529899	1886140065	1886140065	5
746943083	746943083	1887652632	1887652632	5
4215449025	4215449025	1778025542	1778025542	5
731435873	731435873	1895250843	1895250843	5
742484960	742484960	1900825687	1900825687	5
4215523779	4215523779	1778187833	1778187833	5
4176858939	4176858939	1970876356	1970876356	5
4214712800	4214712800	1776819782	1776819782	5
4211781074	4211781074	1772537604	1772537604	5
4880038180	4880038180	1287396126	1287396126	5
4803304447	4803304447	1191302598	1191302598	5
4812855733	4812855733	1308957723	1308957723	5
4813665494	4813665494	1315180538	1315180538	5
4818860927	4818860927	1316432218	1316432218	5
4824151860	4824151860	1325568455	1325568455	5
4824282127	4824282127	1325731292	1325731292	5
2456662405	2456662405	2450810264	2450810264	5
4181837716	4181837716	1979511732	1979511732	5
2457387499	2457387499	2455284482	2455284482	5
2454896090	2454896090	2457735654	2457735654	5
4175337621	4175337621	1969030250	1969030250	5
2808450536	2808450536	1646469796	1646469796	5
2807424435	2807424435	1647363546	1647363546	5
2812025538	2812025538	1642779199	1642779199	5
4423954489	4423954489	1718987300	1718987300	5
211138943	211138943	1725981653	1725981653	5
241554849	241554849	1750559578	1750559578	5
4207670211	4207670211	1766286747	1766286747	5
4808406825	4808406825	1309555723	1309555723	5
