start1	end1	start2	end2	col
383815358	383815358	2217977295	2217977295	28
460159625	460159625	2131147771	2131147771	28
4468882273	4468882273	4668920896	4668920896	28
3749679328	3749679328	4490434480	4490434480	28
3749062733	3749062733	4491204220	4491204220	28
73465020	73465020	527921234	527921234	28
2216211224	2216211224	4269997201	4269997201	28
3735438678	3735438678	4506244568	4506244568	28
3734873108	3734873108	4506713337	4506713337	28
2338015134	2338015134	3193735332	3193735332	28
4914407805	4914407805	832321723	832321723	28
375403857	375403857	2225403622	2225403622	28
382524614	382524614	2219460338	2219460338	28
2366588735	2366588735	3145321425	3145321425	28
342428252	342428252	2253609902	2253609902	28
358450555	358450555	2243842799	2243842799	28
410851640	410851640	2189590273	2189590273	28
382392774	382392774	2219657927	2219657927	28
464150879	464150879	2126845301	2126845301	28
954086898	954086898	1744048847	1744048847	27
1635056796	1635056796	2623185604	2623185604	27
2781389991	2781389991	1913674818	1913674818	27
2781426661	2781426661	1914687262	1914687262	27
2782002896	2782002896	1915466916	1915466916	27
2780119024	2780119024	1912469248	1912469248	27
964856270	964856270	1734194330	1734194330	27
962241434	962241434	1736800578	1736800578	27
1291847957	1291847957	215760034	215760034	27
2833225099	2833225099	1972073730	1972073730	27
942053603	942053603	1749785923	1749785923	27
954966826	954966826	1743076833	1743076833	27
955484531	955484531	1742613485	1742613485	27
4015103408	4015103408	4841571461	4841571461	27
3871387472	3871387472	4911740688	4911740688	27
1795838450	1795838450	1284588519	1284588519	27
4072876871	4072876871	4901738803	4901738803	27
1884715729	1884715729	1376136343	1376136343	27
915075979	915075979	1783225396	1783225396	27
3746505070	3746505070	4493889549	4493889549	26
2299626970	2299626970	3224469657	3224469657	26
3736073084	3736073084	4505748040	4505748040	26
5089794789	5089794789	382371320	382371320	26
2386327508	2386327508	3169428382	3169428382	26
2703783664	2703783664	3673749638	3673749638	26
4391605132	4391605132	4753885384	4753885384	26
2438050066	2438050066	3040479793	3040479793	26
3300843273	3300843273	2951666314	2951666314	26
3336282936	3336282936	2949669923	2949669923	26
3698768536	3698768536	4535325669	4535325669	26
2439239742	2439239742	3039171448	3039171448	26
3012188488	3012188488	3407260733	3407260733	25
1205712588	1205712588	991737308	991737308	25
4569565721	4569565721	1538074319	1538074319	25
1072627177	1072627177	1161172212	1161172212	25
1091775671	1091775671	1182094458	1182094458	25
4612610183	4612610183	1635211865	1635211865	25
4631609318	4631609318	1621450800	1621450800	25
3414303654	3414303654	5089822596	5089822596	25
3008795786	3008795786	3410665509	3410665509	25
3416092855	3416092855	5087943905	5087943905	25
1382278442	1382278442	113293001	113293001	25
4952893403	4952893403	884850035	884850035	25
5166417120	5166417120	467470257	467470257	25
4604971465	4604971465	1642308798	1642308798	25
4629419209	4629419209	1619831784	1619831784	25
4632135825	4632135825	1620410507	1620410507	25
4567850256	4567850256	1536210573	1536210573	25
1188881757	1188881757	1009111026	1009111026	25
4544710904	4544710904	1476370827	1476370827	25
1205858782	1205858782	991622110	991622110	25
4629385893	4629385893	1619788468	1619788468	25
4581147730	4581147730	1665583735	1665583735	25
1147029242	1147029242	1056044267	1056044267	25
1183530753	1183530753	1014534942	1014534942	25
1045296510	1045296510	1131421971	1131421971	25
4565303428	4565303428	1534088488	1534088488	25
4665159940	4665159940	1578292413	1578292413	25
1147563365	1147563365	1055520300	1055520300	25
4541064067	4541064067	1472871080	1472871080	25
4566373190	4566373190	1534938755	1534938755	25
4540828206	4540828206	1472611940	1472611940	25
3599883817	3599883817	797748673	797748673	24
4918678115	4918678115	837314584	837314584	24
3596092953	3596092953	793353513	793353513	24
4929948123	4929948123	852991760	852991760	24
4919080781	4919080781	837752786	837752786	24
4789819611	4789819611	2427276643	2427276643	23
4190853246	4190853246	3848532406	3848532406	23
2523964568	2523964568	3517941343	3517941343	23
4191483111	4191483111	3847850328	3847850328	23
2526149831	2526149831	3520121930	3520121930	23
2193185462	2193185462	4293804567	4293804567	23
4191545890	4191545890	3847771507	3847771507	23
4957223473	4957223473	890485990	890485990	23
4190481370	4190481370	3848632158	3848632158	23
2150834083	2150834083	4338184883	4338184883	23
1522254611	1522254611	1417874463	1417874463	23
1607647561	1607647561	2650951076	2650951076	23
2232661668	2232661668	4252406291	4252406291	23
4208492606	4208492606	3828418851	3828418851	23
2160445846	2160445846	4328811285	4328811285	23
2575670209	2575670209	3544924248	3544924248	23
4869570405	4869570405	2498302463	2498302463	23
1610418001	1610418001	2648141408	2648141408	23
947148829	947148829	1751096503	1751096503	22
925117753	925117753	1768875432	1768875432	22
925580520	925580520	1768794976	1768794976	22
931321888	931321888	1762669821	1762669821	22
1423738505	1423738505	67798093	67798093	22
2027782180	2027782180	3967753291	3967753291	22
2008883213	2008883213	3992526704	3992526704	22
2028391001	2028391001	3968261754	3968261754	22
886873391	886873391	1810916190	1810916190	22
826326882	826326882	1709176468	1709176468	22
1341402132	1341402132	160611344	160611344	22
818147528	818147528	1700467814	1700467814	22
1985331984	1985331984	4032824146	4032824146	22
910128274	910128274	1789379169	1789379169	22
913160307	913160307	1785519383	1785519383	22
876254712	876254712	1821440961	1821440961	22
1325543574	1325543574	178579843	178579843	22
1329755719	1329755719	173779810	173779810	22
1327325227	1327325227	176575185	176575185	22
1938579593	1938579593	4118204894	4118204894	22
856707746	856707746	1843010725	1843010725	22
850745942	850745942	1849403078	1849403078	22
855590058	855590058	1844200745	1844200745	22
128098461	128098461	588526224	588526224	21
185798735	185798735	662919973	662919973	21
1498481730	1498481730	1208857610	1208857610	21
179879927	179879927	656311164	656311164	21
176664427	176664427	1567958547	1567958547	21
1904559271	1904559271	1395341162	1395341162	21
1522327617	1522327617	1417824164	1417824164	21
1551053724	1551053724	1407152103	1407152103	21
128977183	128977183	589719110	589719110	21
1522365474	1522365474	1417794053	1417794053	21
209854252	209854252	679287137	679287137	21
1509634629	1509634629	1424960295	1424960295	21
1516347344	1516347344	1200000539	1200000539	21
117903608	117903608	576836880	576836880	21
117858561	117858561	3584025397	3584025397	21
1510146435	1510146435	1425550954	1425550954	21
1863243131	1863243131	1355691277	1355691277	21
128181517	128181517	588613781	588613781	21
3425357390	3425357390	5078151538	5078151538	20
127293773	127293773	587626973	587626973	20
70136168	70136168	523872484	523872484	20
69755301	69755301	523552353	523552353	20
65410615	65410615	519444105	519444105	20
66902614	66902614	520834268	520834268	20
5166015781	5166015781	468018896	468018896	20
2010810457	2010810457	3994069499	3994069499	20
4465380443	4465380443	4672545164	4672545164	20
4485007866	4485007866	4652074221	4652074221	20
4483593274	4483593274	4653495472	4653495472	20
3588829624	3588829624	5160135758	5160135758	20
4465355296	4465355296	4672584767	4672584767	20
123548254	123548254	583480542	583480542	20
1816580048	1816580048	1305842497	1305842497	20
126535252	126535252	586859624	586859624	20
127337158	127337158	587682732	587682732	20
1813720446	1813720446	1303073376	1303073376	20
125411953	125411953	585438627	585438627	20
1828167316	1828167316	1317902337	1317902337	20
1830975870	1830975870	1320574005	1320574005	20
1863804227	1863804227	1356046020	1356046020	20
1552568416	1552568416	1405617705	1405617705	20
198438842	198438842	671305975	671305975	20
71548027	71548027	525423780	525423780	20
1785165156	1785165156	1274948517	1274948517	20
1833521455	1833521455	1323333381	1323333381	20
1774600167	1774600167	1263784521	1263784521	20
171377596	171377596	646506484	646506484	20
55164531	55164531	508013184	508013184	20
1825137719	1825137719	1314910910	1314910910	20
1812681005	1812681005	1304237774	1304237774	20
1828735297	1828735297	1318297744	1318297744	20
1828636128	1828636128	1318217686	1318217686	20
1778315657	1778315657	1267722593	1267722593	20
3590339215	3590339215	5157724904	5157724904	19
3425552282	3425552282	5077997212	5077997212	19
4466843180	4466843180	4670996805	4670996805	19
3446637864	3446637864	5051843975	5051843975	19
3418433200	3418433200	5085548119	5085548119	19
4472724368	4472724368	4664699286	4664699286	19
4461846612	4461846612	4675079067	4675079067	19
4416036579	4416036579	4728311802	4728311802	19
4471809098	4471809098	4665798140	4665798140	19
1771810405	1771810405	1259788559	1259788559	19
4320910582	4320910582	4631063220	4631063220	19
3363671530	3363671530	4635082830	4635082830	19
3060181282	3060181282	3353749666	3353749666	19
4411197223	4411197223	4733721848	4733721848	19
4413495169	4413495169	4731284610	4731284610	19
4473737158	4473737158	4663634745	4663634745	19
4411245496	4411245496	4733634949	4733634949	19
4410133866	4410133866	4734552168	4734552168	19
3425610496	3425610496	5077913525	5077913525	19
4334028205	4334028205	4616170767	4616170767	19
4451939429	4451939429	4685568828	4685568828	19
4474193941	4474193941	4663167449	4663167449	19
2962125452	2962125452	4596452261	4596452261	19
3426125498	3426125498	5077281544	5077281544	19
4390914667	4390914667	4755171684	4755171684	19
199446768	199446768	670224477	670224477	19
4473304505	4473304505	4664187084	4664187084	19
4475413317	4475413317	4661810875	4661810875	19
4475158525	4475158525	4662059546	4662059546	19
4478176496	4478176496	4658796939	4658796939	19
3201329827	3201329827	2830905656	2830905656	18
2383058415	2383058415	3165479123	3165479123	18
3728111907	3728111907	4514108628	4514108628	18
5146297187	5146297187	400700966	400700966	18
3793282462	3793282462	4439651837	4439651837	18
5082015313	5082015313	373198191	373198191	18
3066010302	3066010302	3347410785	3347410785	18
2390023019	2390023019	3173495979	3173495979	18
2391761538	2391761538	3175503204	3175503204	18
2173431928	2173431928	4315377211	4315377211	18
3491921657	3491921657	5001179605	5001179605	18
2147445209	2147445209	4342059640	4342059640	18
3687140762	3687140762	4547204193	4547204193	18
82920515	82920515	539117425	539117425	18
3660580353	3660580353	4581647659	4581647659	18
3722549027	3722549027	4521077920	4521077920	18
5103913429	5103913429	437665384	437665384	18
3717001048	3717001048	4527507687	4527507687	18
5166447064	5166447064	467426068	467426068	18
3737052193	3737052193	4504852333	4504852333	18
3737251706	3737251706	4504806965	4504806965	18
3739118211	3739118211	4502825382	4502825382	18
89532765	89532765	545749348	545749348	18
3719781173	3719781173	4524105347	4524105347	18
3720415037	3720415037	4523617308	4523617308	18
5152640230	5152640230	390991797	390991797	18
5124787019	5124787019	420188820	420188820	18
5115203379	5115203379	427194483	427194483	18
78055598	78055598	533330114	533330114	18
1766092358	1766092358	1253363014	1253363014	17
4036465964	4036465964	4864612528	4864612528	17
3873463668	3873463668	4920022494	4920022494	17
1843141047	1843141047	1333373305	1333373305	17
4003511233	4003511233	4830445602	4830445602	17
4025859168	4025859168	4852886870	4852886870	17
1860341076	1860341076	1352698280	1352698280	17
3994757312	3994757312	4822153548	4822153548	17
4015639741	4015639741	4842174021	4842174021	17
3945804202	3945804202	4933762009	4933762009	17
4014304528	4014304528	4841124796	4841124796	17
3991003642	3991003642	4811358138	4811358138	17
4097094001	4097094001	4943039405	4943039405	17
1882179341	1882179341	1373865327	1373865327	17
1886454211	1886454211	1378001536	1378001536	17
1798608045	1798608045	1287525946	1287525946	17
4072942261	4072942261	4901814829	4901814829	17
1883338806	1883338806	1374786923	1374786923	17
1864437361	1864437361	1353649843	1353649843	17
4075402094	4075402094	4938334003	4938334003	17
3996257042	3996257042	4823709932	4823709932	17
1349261468	1349261468	151413883	151413883	17
2628192379	2628192379	3631369134	3631369134	17
1894153370	1894153370	1385392156	1385392156	17
1900922947	1900922947	1391804868	1391804868	17
1856319459	1856319459	1349197197	1349197197	17
4014493808	4014493808	1161301131	1161301131	17
4017740712	4017740712	4844267370	4844267370	17
1882602546	1882602546	1374213776	1374213776	17
2821440777	2821440777	1958353675	1958353675	17
2828477534	2828477534	1966911332	1966911332	17
2734349790	2734349790	2032109776	2032109776	17
2734315390	2734315390	2032256799	2032256799	17
2874264757	2874264757	2018231480	2018231480	17
2874100009	2874100009	2018054151	2018054151	17
2818751590	2818751590	1955802313	1955802313	17
2877745671	2877745671	2021671428	2021671428	17
1565139681	1565139681	2567672543	2567672543	17
2764007408	2764007408	2043356534	2043356534	17
2822153588	2822153588	1959118405	1959118405	17
2821583714	2821583714	1958481004	1958481004	17
2821509874	2821509874	1958419890	1958419890	17
2734351707	2734351707	2031943711	2031943711	17
1635404177	1635404177	2622865370	2622865370	17
254498312	254498312	2264750146	2264750146	17
2829404401	2829404401	1967943566	1967943566	17
2830793133	2830793133	1969423612	1969423612	17
2744658543	2744658543	2047288092	2047288092	17
2744453795	2744453795	2047037903	2047037903	17
2828502516	2828502516	1966943911	1966943911	17
2790366862	2790366862	1925921323	1925921323	17
1562175839	1562175839	2564534816	2564534816	17
2832479197	2832479197	1971164668	1971164668	17
2900323452	2900323452	1888132500	1888132500	17
1119557970	1119557970	1088171812	1088171812	17
1868015581	1868015581	1358123460	1358123460	16
139098999	139098999	601719250	601719250	16
1814011038	1814011038	1302862256	1302862256	16
1872082257	1872082257	1362652262	1362652262	16
45929119	45929119	497975286	497975286	16
1773755875	1773755875	1262796266	1262796266	16
1868051223	1868051223	1358161727	1358161727	16
102017936	102017936	559123488	559123488	16
45742608	45742608	497833826	497833826	16
1774391767	1774391767	1263479543	1263479543	16
5147865010	5147865010	395537714	395537714	16
101609097	101609097	558751924	558751924	16
100371854	100371854	558020752	558020752	16
1819899586	1819899586	1308896583	1308896583	16
243871489	243871489	486564782	486564782	16
243808448	243808448	486355133	486355133	16
1877895109	1877895109	1368867625	1368867625	16
1820869886	1820869886	1310438388	1310438388	16
1820962475	1820962475	1310537306	1310537306	16
1821254637	1821254637	1310843639	1310843639	16
114910723	114910723	573292292	573292292	16
114685235	114685235	573051921	573051921	16
1768847763	1768847763	1256480135	1256480135	16
1823247321	1823247321	1312991489	1312991489	16
1874427995	1874427995	1365186562	1365186562	16
1823522147	1823522147	1313184232	1313184232	16
102178563	102178563	559245729	559245729	16
110627319	110627319	568531002	568531002	16
1823484697	1823484697	1313144623	1313144623	16
1069820693	1069820693	1157796889	1157796889	16
139338616	139338616	601944605	601944605	16
3192180136	3192180136	2821028273	2821028273	16
1125982814	1125982814	1080447849	1080447849	16
2302095752	2302095752	3227050192	3227050192	16
2313947534	2313947534	3245165030	3245165030	16
3264524779	3264524779	2901382974	2901382974	16
3395262919	3395262919	2765383160	2765383160	16
2364634828	2364634828	3143335249	3143335249	16
2364603271	2364603271	3143300200	3143300200	16
2325706386	2325706386	3235366637	3235366637	16
2886346976	2886346976	1903735800	1903735800	16
3269085840	3269085840	2906304721	2906304721	16
2372438269	2372438269	3151915479	3151915479	16
2376760919	2376760919	3157648210	3157648210	16
2353753407	2353753407	3211015505	3211015505	16
3229610930	3229610930	2860793304	2860793304	16
212465916	212465916	692797986	692797986	16
3290449869	3290449869	2962933861	2962933861	16
3200034785	3200034785	2829369851	2829369851	16
3219904636	3219904636	2849262553	2849262553	16
3177137442	3177137442	2784201972	2784201972	16
3177012547	3177012547	2784169314	2784169314	16
3260375315	3260375315	2895629670	2895629670	16
3282815486	3282815486	2922650855	2922650855	16
3281969885	3281969885	2921730862	2921730862	16
3036781336	3036781336	3380757607	3380757607	15
3015061434	3015061434	3403613645	3403613645	15
3036747759	3036747759	3380793281	3380793281	15
2992283823	2992283823	3427168614	3427168614	15
2986942431	2986942431	3432258205	3432258205	15
2063715637	2063715637	4108279426	4108279426	15
696021524	696021524	4019246032	4019246032	15
2057641728	2057641728	4100191079	4100191079	15
2988304172	2988304172	3431257103	3431257103	15
1977630865	1977630865	4041555360	4041555360	15
1980745089	1980745089	4038005229	4038005229	15
2993772035	2993772035	3425629148	3425629148	15
1979106477	1979106477	4039952929	4039952929	15
1979122273	1979122273	4039917672	4039917672	15
2992822609	2992822609	3426649050	3426649050	15
143728591	143728591	606875121	606875121	15
2993603385	2993603385	3425886027	3425886027	15
3079170622	3079170622	3332418736	3332418736	15
3041645304	3041645304	3375274655	3375274655	15
2116922297	2116922297	4226202781	4226202781	15
2107975322	2107975322	4216519945	4216519945	15
3041460425	3041460425	3375557808	3375557808	15
4956055243	4956055243	889087234	889087234	15
2993815834	2993815834	3425602314	3425602314	15
3035469122	3035469122	3382183803	3382183803	15
700518606	700518606	4024334040	4024334040	15
3047639273	3047639273	3368887064	3368887064	15
1974053326	1974053326	4045475765	4045475765	15
1975257351	1975257351	4044125517	4044125517	15
1976645913	1976645913	4042668715	4042668715	15
2993218183	2993218183	3426161669	3426161669	15
2991196591	2991196591	3428503539	3428503539	15
2993748118	2993748118	3425679421	3425679421	15
2057578913	2057578913	4100113399	4100113399	15
2998855153	2998855153	3420264254	3420264254	15
699874545	699874545	4023653688	4023653688	15
3062974428	3062974428	3350674004	3350674004	15
1985572776	1985572776	4032549169	4032549169	15
3057611687	3057611687	3357254533	3357254533	15
1315327482	1315327482	188144555	188144555	15
1951311345	1951311345	4133603380	4133603380	15
1296886278	1296886278	210094958	210094958	15
3034774348	3034774348	3382783321	3382783321	15
1296862744	1296862744	3357478071	3357478071	15
1313158235	1313158235	191275598	191275598	15
3059916853	3059916853	3353834103	3353834103	15
1314680786	1314680786	189602458	189602458	15
1075566194	1075566194	1164239444	1164239444	14
1711390903	1711390903	2713979429	2713979429	14
1352588853	1352588853	148485192	148485192	14
4809710331	4809710331	2449187938	2449187938	14
1467955367	1467955367	18249587	18249587	14
1665532775	1665532775	2671091882	2671091882	14
2610882674	2610882674	3612708361	3612708361	14
1317512155	1317512155	186009669	186009669	14
1378850013	1378850013	117276058	117276058	14
2811226414	2811226414	1948535868	1948535868	14
2811086715	2811086715	1948384787	1948384787	14
2866354592	2866354592	2009392624	2009392624	14
1170145213	1170145213	1026163303	1026163303	14
280585167	280585167	2098264858	2098264858	14
1628625262	1628625262	2629721202	2629721202	14
1628338639	1628338639	2629865821	2629865821	14
1653455651	1653455651	2654705885	2654705885	14
4763123582	4763123582	2395073724	2395073724	14
1620915475	1620915475	2637184760	2637184760	14
1695424611	1695424611	2698547197	2698547197	14
1616330588	1616330588	2641706794	2641706794	14
2872820033	2872820033	2075047980	2075047980	14
1643836211	1643836211	2614007224	2614007224	14
1624224804	1624224804	2633881209	2633881209	14
815746091	815746091	1697878869	1697878869	14
1592641195	1592641195	2595822921	2595822921	14
677029931	677029931	4003909215	4003909215	14
1688787720	1688787720	2692404427	2692404427	14
1687922646	1687922646	2691518968	2691518968	14
1623818273	1623818273	2634304525	2634304525	14
1596893742	1596893742	2601749795	2601749795	14
1720666042	1720666042	2723705079	2723705079	14
1624008977	1624008977	2634151444	2634151444	14
1623131455	1623131455	2635070512	2635070512	14
2871606342	2871606342	2015812417	2015812417	14
1622485367	1622485367	2635802069	2635802069	14
1720734330	1720734330	2723986317	2723986317	14
1643871743	1643871743	2613924931	2613924931	14
2145278117	2145278117	4344422246	4344422246	13
2588356026	2588356026	3530741594	3530741594	13
3692028330	3692028330	4542414511	4542414511	13
2664060110	2664060110	3507182058	3507182058	13
2190943075	2190943075	4296541676	4296541676	13
4794566762	4794566762	2432382227	2432382227	13
2167099496	2167099496	4321800613	4321800613	13
2149697117	2149697117	4339597222	4339597222	13
2164380232	2164380232	4324678470	4324678470	13
4136711396	4136711396	3909941957	3909941957	13
4301695821	4301695821	3745794644	3745794644	13
1086741562	1086741562	2391628394	2391628394	13
2589480397	2589480397	3529595255	3529595255	13
4706687335	4706687335	2325878933	2325878933	13
2562049162	2562049162	3558895202	3558895202	13
4757562668	4757562668	2393758167	2393758167	13
2544652347	2544652347	3578806419	3578806419	13
2545223870	2545223870	3578268633	3578268633	13
2504132427	2504132427	3698035168	3698035168	13
2542177046	2542177046	3581980810	3581980810	13
2543314279	2543314279	3580518947	3580518947	13
2570667785	2570667785	3550173969	3550173969	13
2592022611	2592022611	3526921795	3526921795	13
2562798071	2562798071	3558211163	3558211163	13
4119952993	4119952993	3926898651	3926898651	13
4119208132	4119208132	3927905511	3927905511	13
4198017223	4198017223	3839744215	3839744215	13
2091156288	2091156288	4204811317	4204811317	13
1549034993	1549034993	2558831440	2558831440	13
3530128722	3530128722	5111310144	5111310144	13
1165431140	1165431140	1034273344	1034273344	13
2877786572	2877786572	2021714041	2021714041	13
427244748	427244748	2170244268	2170244268	13
402990868	402990868	2218404989	2218404989	13
1355706973	1355706973	145043067	145043067	13
941406177	941406177	1749118190	1749118190	12
2006386782	2006386782	3989865133	3989865133	12
4777131682	4777131682	2412807904	2412807904	12
4777175103	4777175103	2412877519	2412877519	12
4813096720	4813096720	2452314961	2452314961	12
4813152584	4813152584	2452378003	2452378003	12
2679823353	2679823353	3488288607	3488288607	12
4258770367	4258770367	3773518774	3773518774	12
2036837194	2036837194	3959507114	3959507114	12
1427523337	1427523337	64966822	64966822	12
906160366	906160366	1792648427	1792648427	12
2006592985	2006592985	3990090417	3990090417	12
4814620927	4814620927	2454602147	2454602147	12
1418400084	1418400084	73498224	73498224	12
857539327	857539327	1842068744	1842068744	12
857644230	857644230	1842011689	1842011689	12
864054167	864054167	1834734202	1834734202	12
890955425	890955425	1806637811	1806637811	12
4797128620	4797128620	2435097492	2435097492	12
4823702950	4823702950	2463654579	2463654579	12
4816884620	4816884620	2456701509	2456701509	12
4109202583	4109202583	3713974722	3713974722	12
2189413700	2189413700	4298252497	4298252497	12
2187473076	2187473076	4300444041	4300444041	12
4818454232	4818454232	2458380005	2458380005	12
1803487218	1803487218	1292830924	1292830924	12
1804551842	1804551842	1293892814	1293892814	12
4029800311	4029800311	4856932513	4856932513	12
4033924335	4033924335	4861403941	4861403941	12
4047588122	4047588122	4875778270	4875778270	12
4316841015	4316841015	3712600871	3712600871	12
1754682962	1754682962	1234028879	1234028879	12
1506625868	1506625868	1210958718	1210958718	12
3274957721	3274957721	2913828671	2913828671	12
4097637632	4097637632	4942279209	4942279209	12
4036520635	4036520635	4864645323	4864645323	12
905796153	905796153	1792915535	1792915535	12
4052756743	4052756743	4881029267	4881029267	12
2809138280	2809138280	1946339666	1946339666	10
2476616517	2476616517	3047021527	3047021527	10
2435502423	2435502423	3043306615	3043306615	10
334939363	334939363	2306797562	2306797562	10
1969699930	1969699930	4050171368	4050171368	10
2789553317	2789553317	1925090612	1925090612	10
2787443908	2787443908	1922623361	1922623361	10
2835191345	2835191345	1974077294	1974077294	10
2808813672	2808813672	1946005079	1946005079	10
2852178201	2852178201	1992023109	1992023109	10
2835367476	2835367476	1974202903	1974202903	10
1571326230	1571326230	2575312734	2575312734	10
1583475854	1583475854	2587320710	2587320710	10
393528360	393528360	2207991430	2207991430	10
406949706	406949706	2193313518	2193313518	10
424132423	424132423	2173655813	2173655813	10
415948747	415948747	2182368128	2182368128	10
2415381498	2415381498	3108971971	3108971971	10
2791540942	2791540942	1927121544	1927121544	10
2433053480	2433053480	3130125669	3130125669	10
2433538752	2433538752	3130530497	3130530497	10
401513205	401513205	2199164900	2199164900	10
426443177	426443177	2171188764	2171188764	10
2488878800	2488878800	3035727440	3035727440	10
262204058	262204058	2286331277	2286331277	10
2405563702	2405563702	3098011369	3098011369	10
2403836458	2403836458	3096210659	3096210659	10
4879430684	4879430684	2490735217	2490735217	10
424008351	424008351	2173791885	2173791885	10
402660696	402660696	2197793323	2197793323	10
2470396902	2470396902	3058641895	3058641895	10
397614498	397614498	2203180673	2203180673	10
2779203456	2779203456	1911522772	1911522772	10
2410858411	2410858411	3104392367	3104392367	10
1577423593	1577423593	2581461445	2581461445	10
2196297903	2196297903	4290898990	4290898990	10
3861336658	3861336658	4917893738	4917893738	10
2605196810	2605196810	3606375995	3606375995	10
2835864369	2835864369	1975036662	1975036662	10
2554445708	2554445708	3568495374	3568495374	10
4883329921	4883329921	2486974975	2486974975	10
4883686908	4883686908	2486538584	2486538584	10
4883784196	4883784196	2486494519	2486494519	10
4280512580	4280512580	3750623160	3750623160	10
4840432999	4840432999	2480451397	2480451397	10
2206413638	2206413638	4280019815	4280019815	10
2229003558	2229003558	4255442872	4255442872	10
2796470707	2796470707	1932367083	1932367083	10
2892508877	2892508877	1895699759	1895699759	10
1605736478	1605736478	2652977096	2652977096	10
4249109649	4249109649	3784538275	3784538275	10
2801373731	2801373731	1937901469	1937901469	10
4124434991	4124434991	3922342077	3922342077	10
1398409100	1398409100	94348307	94348307	9
1371223976	1371223976	125549858	125549858	9
1273155320	1273155320	237872234	237872234	9
262703580	262703580	2285406515	2285406515	9
1285608363	1285608363	222642608	222642608	9
1394260031	1394260031	99058783	99058783	9
1407527367	1407527367	84446024	84446024	9
1400818189	1400818189	91751811	91751811	9
1406136011	1406136011	86061308	86061308	9
1406413314	1406413314	85722305	85722305	9
1249681407	1249681407	7416887	7416887	9
283462764	283462764	2094699079	2094699079	9
1413548723	1413548723	78372694	78372694	9
1358913018	1358913018	140210786	140210786	9
4962063967	4962063967	896149294	896149294	9
1385093588	1385093588	109740857	109740857	9
476289004	476289004	2111577793	2111577793	9
255625842	255625842	2263148360	2263148360	9
1414952601	1414952601	76660029	76660029	9
1414888094	1414888094	76834381	76834381	9
1702374538	1702374538	2704797902	2704797902	9
1377151684	1377151684	118731622	118731622	9
1172417683	1172417683	1028736281	1028736281	9
1172623831	1172623831	1028828887	1028828887	9
1407311577	1407311577	84766077	84766077	9
1362929912	1362929912	134578348	134578348	9
1363039442	1363039442	134494394	134494394	9
1363647160	1363647160	133947716	133947716	9
295072805	295072805	2081667637	2081667637	9
2892133622	2892133622	1896136769	1896136769	9
4962817978	4962817978	897026024	897026024	9
1110206867	1110206867	1101942935	1101942935	9
4962771683	4962771683	896974676	896974676	9
1379340441	1379340441	116713647	116713647	9
1710154245	1710154245	2712878953	2712878953	9
2745806849	2745806849	2043139654	2043139654	9
1673556627	1673556627	2678800626	2678800626	9
1370105887	1370105887	126986210	126986210	9
304824638	304824638	2071072253	2071072253	9
4959411269	4959411269	893379476	893379476	9
1385330094	1385330094	109544675	109544675	9
4962092481	4962092481	896229952	896229952	9
4958598241	4958598241	892542675	892542675	9
1136386104	1136386104	1069397580	1069397580	8
3925086467	3925086467	761109727	761109727	8
3346251991	3346251991	2992283711	2992283711	8
4117137640	4117137640	3931636984	3931636984	8
2184145545	2184145545	4304126036	4304126036	8
2184116612	2184116612	4304193456	4304193456	8
1182167276	1182167276	1016462754	1016462754	8
1182071985	1182071985	1016550304	1016550304	8
2159311449	2159311449	4329354888	4329354888	8
3785429251	3785429251	4448045024	4448045024	8
3695993299	3695993299	4538422973	4538422973	8
2370050900	2370050900	3149426696	3149426696	8
3853043933	3853043933	4430898851	4430898851	8
3740738147	3740738147	4500823349	4500823349	8
5101033641	5101033641	440504590	440504590	8
3335083258	3335083258	2980829435	2980829435	8
2157555418	2157555418	4331463064	4331463064	8
2200770867	2200770867	4286440012	4286440012	8
3306189950	3306189950	2946130815	2946130815	8
4646529979	4646529979	1600280581	1600280581	8
1094121950	1094121950	1184179455	1184179455	8
2605908337	2605908337	3607161161	3607161161	8
2540410964	2540410964	3583590941	3583590941	8
4764781102	4764781102	2397122460	2397122460	8
4267186014	4267186014	3772777562	3772777562	8
2994300789	2994300789	3425218229	3425218229	8
4804318310	4804318310	2443482021	2443482021	8
4900660469	4900660469	2526019029	2526019029	8
4820670839	4820670839	2460819875	2460819875	8
2669545949	2669545949	3501529952	3501529952	8
2668976368	2668976368	3502181926	3502181926	8
1136830073	1136830073	1068786798	1068786798	8
4645893960	4645893960	1600676691	1600676691	8
1126283560	1126283560	1080181536	1080181536	8
1218297903	1218297903	976953279	976953279	8
1224427175	1224427175	968130365	968130365	8
1131063510	1131063510	1074935268	1074935268	8
1104705414	1104705414	1096031540	1096031540	8
1193976313	1193976313	1003145083	1003145083	8
4646107992	4646107992	1600541590	1600541590	8
1135110420	1135110420	1187611006	1187611006	8
2175137763	2175137763	4313627412	4313627412	8
1190182400	1190182400	1006908634	1006908634	8
3805154625	3805154625	4372929444	4372929444	8
3662055971	3662055971	4580100656	4580100656	8
5166475881	5166475881	467388804	467388804	8
2144620342	2144620342	4345147882	4345147882	8
4118937512	4118937512	3928444378	3928444378	8
3734166494	3734166494	4507475806	4507475806	8
90601284	90601284	547426613	547426613	8
3629370387	3629370387	903511531	903511531	8
3790060930	3790060930	4724155325	4724155325	8
3788465429	3788465429	4444846574	4444846574	8
3787728079	3787728079	4445563213	4445563213	8
3787633561	3787633561	4445696731	4445696731	8
1179985325	1179985325	1018855210	1018855210	8
1176979097	1176979097	1021962611	1021962611	8
1173623266	1173623266	1025443642	1025443642	8
1173539802	1173539802	1025623068	1025623068	8
1096182264	1096182264	1186834465	1186834465	8
1136447885	1136447885	1069312622	1069312622	8
1105542109	1105542109	1096933253	1096933253	8
3244224004	3244224004	2876805288	2876805288	8
3620422510	3620422510	820496998	820496998	8
3245578720	3245578720	2878116305	2878116305	8
4268362310	4268362310	3763885957	3763885957	8
3248220036	3248220036	2881060162	2881060162	8
3927148820	3927148820	763032008	763032008	8
4956683671	4956683671	889820492	889820492	8
4911793724	4911793724	829446733	829446733	8
4988248482	4988248482	955697509	955697509	8
5012980956	5012980956	725724443	725724443	8
3707870587	3707870587	4584411569	4584411569	8
3621762666	3621762666	821583161	821583161	8
3923737759	3923737759	759408463	759408463	8
3920229713	3920229713	756905453	756905453	8
4175687484	4175687484	3865536800	3865536800	8
3306563092	3306563092	2945536365	2945536365	8
4176013821	4176013821	3865215035	3865215035	8
3314827596	3314827596	1587220747	1587220747	8
3923451665	3923451665	759035518	759035518	8
3787212566	3787212566	4446069552	4446069552	7
3799171832	3799171832	4433727034	4433727034	7
3798962111	3798962111	4433762344	4433762344	7
3840816561	3840816561	4415317669	4415317669	7
3820456215	3820456215	4389890451	4389890451	7
5053333315	5053333315	355221405	355221405	7
3792497595	3792497595	4440415850	4440415850	7
89135668	89135668	545232905	545232905	7
3733424543	3733424543	4508779787	4508779787	7
3733557741	3733557741	4508715728	4508715728	7
3702107420	3702107420	4590777433	4590777433	7
5145292877	5145292877	401934842	401934842	7
5107369172	5107369172	434864348	434864348	7
3821480632	3821480632	4391335755	4391335755	7
3761481614	3761481614	4477607995	4477607995	7
3760915739	3760915739	4478020829	4478020829	7
3756543892	3756543892	4483021169	4483021169	7
3110255945	3110255945	3297412253	3297412253	7
3712976587	3712976587	4531411590	4531411590	7
3111055044	3111055044	3297261335	3297261335	7
4340262327	4340262327	4610034408	4610034408	7
3820645556	3820645556	4390167403	4390167403	7
5061741249	5061741249	347774589	347774589	7
470839725	470839725	2118645104	2118645104	7
3819184767	3819184767	4388440386	4388440386	7
4266396740	4266396740	3771841809	3771841809	7
5148375660	5148375660	396014776	396014776	7
3098023952	3098023952	3311554432	3311554432	7
263420542	263420542	2284973433	2284973433	7
3080353955	3080353955	3331809674	3331809674	7
3452583390	3452583390	5045638371	5045638371	7
4459079306	4459079306	4677870247	4677870247	7
4459101373	4459101373	4677850201	4677850201	7
4461583967	4461583967	4675261490	4675261490	7
4403821035	4403821035	4741406892	4741406892	7
3470543176	3470543176	5027047070	5027047070	7
4392771201	4392771201	4752302875	4752302875	7
3462688607	3462688607	5035784317	5035784317	7
4400545380	4400545380	4744340730	4744340730	7
4392899060	4392899060	4751960022	4751960022	7
2975266390	2975266390	3444554644	3444554644	7
3080215638	3080215638	3331950482	3331950482	7
3080411657	3080411657	3331390821	3331390821	7
366769455	366769455	2234310393	2234310393	7
3081098426	3081098426	3330975016	3330975016	7
3113334095	3113334095	3294471406	3294471406	7
1970819699	1970819699	4048944860	4048944860	7
3084168103	3084168103	3327387328	3327387328	7
1469859766	1469859766	21613672	21613672	7
1882312429	1882312429	1373955542	1373955542	7
5075861393	5075861393	332225778	332225778	7
1468356341	1468356341	18855671	18855671	7
3093456664	3093456664	3316884290	3316884290	7
99477458	99477458	557153162	557153162	7
99432277	99432277	557088895	557088895	7
3709621852	3709621852	2112829259	2112829259	7
5091764730	5091764730	449289673	449289673	7
3102414110	3102414110	3305672118	3305672118	7
3755364077	3755364077	4484302856	4484302856	7
5144211422	5144211422	402707214	402707214	7
4993220853	4993220853	950105352	950105352	7
3394344562	3394344562	2764222795	2764222795	7
3315419445	3315419445	2936103790	2936103790	7
3350213361	3350213361	2996035490	2996035490	7
5144365414	5144365414	402564054	402564054	7
3774725282	3774725282	4460369398	4460369398	7
3783976875	3783976875	4449285696	4449285696	7
3704947469	3704947469	4587482658	4587482658	7
5043273662	5043273662	365705740	365705740	7
75465423	75465423	530263775	530263775	7
4915337411	4915337411	833349574	833349574	6
3896110954	3896110954	909042724	909042724	6
3881160611	3881160611	3614474934	3614474934	6
3891136520	3891136520	915002471	915002471	6
4949712474	4949712474	880823969	880823969	6
4277183551	4277183551	3753698476	3753698476	6
4923519723	4923519723	858971013	858971013	6
4278357133	4278357133	3752495010	3752495010	6
4277165448	4277165448	3753821955	3753821955	6
3934746454	3934746454	770661977	770661977	6
3634852026	3634852026	729968470	729968470	6
5001703449	5001703449	714289685	714289685	6
4824095031	4824095031	2464044149	2464044149	6
4841799556	4841799556	2481941248	2481941248	6
5002159702	5002159702	714770545	714770545	6
2646701018	2646701018	3652398330	3652398330	6
2651201272	2651201272	3657931876	3657931876	6
4752421287	4752421287	2383227259	2383227259	6
4674043059	4674043059	1568302098	1568302098	6
4950176264	4950176264	881331682	881331682	6
4956434722	4956434722	889529788	889529788	6
4169404609	4169404609	3872568867	3872568867	6
4914487135	4914487135	832422075	832422075	6
2091645401	2091645401	4203798854	4203798854	6
4245397087	4245397087	3788285937	3788285937	6
4245907500	4245907500	4133922422	4133922422	6
4995494785	4995494785	947430732	947430732	6
3932917995	3932917995	768783709	768783709	6
3933627349	3933627349	769534745	769534745	6
4188769983	4188769983	3851097136	3851097136	6
3628345276	3628345276	828583345	828583345	6
4253693616	4253693616	1939924101	1939924101	6
4169459663	4169459663	3872520222	3872520222	6
3939100386	3939100386	774888343	774888343	6
3937480584	3937480584	773134785	773134785	6
4953409526	4953409526	885618647	885618647	6
4953452424	4953452424	885686667	885686667	6
4956075465	4956075465	889113378	889113378	6
4391245551	4391245551	4754791319	4754791319	6
4287159223	4287159223	3750258078	3750258078	6
4169469944	4169469944	3872428079	3872428079	6
2650062584	2650062584	3656394826	3656394826	6
2646017762	2646017762	3651866610	3651866610	6
4746041879	4746041879	2376322905	2376322905	6
4641776504	4641776504	1605156484	1605156484	6
4636771979	4636771979	1610408257	1610408257	6
4634721411	4634721411	1612535104	1612535104	6
4665026615	4665026615	1578566830	1578566830	6
4665384673	4665384673	1578040791	1578040791	6
4667893930	4667893930	1575378562	1575378562	6
4668610466	4668610466	1574423813	1574423813	6
1111533972	1111533972	1103558238	1103558238	6
4582717714	4582717714	1664239083	1664239083	6
4641859237	4641859237	1604822901	1604822901	6
4753554710	4753554710	2385066262	2385066262	6
4642070912	4642070912	1604794178	1604794178	6
4656958544	4656958544	1587518018	1587518018	6
4657066534	4657066534	1587489816	1587489816	6
4578112076	4578112076	1661705552	1661705552	6
4656765970	4656765970	1587784597	1587784597	6
4637736612	4637736612	1609187013	1609187013	6
4549119902	4549119902	1481233408	1481233408	6
1156672021	1156672021	1043117300	1043117300	6
1111175798	1111175798	1103086492	1103086492	6
4635636207	4635636207	1611508368	1611508368	6
1127989931	1127989931	1078281836	1078281836	6
4628037653	4628037653	1618266943	1618266943	6
4753051365	4753051365	2383907721	2383907721	6
4876401976	4876401976	2492111791	2492111791	6
2538446897	2538446897	3585554348	3585554348	6
2646482233	2646482233	3652132956	3652132956	6
2539458865	2539458865	3584254485	3584254485	6
4857159091	4857159091	2510591892	2510591892	6
2539302974	2539302974	3584549703	3584549703	6
2539131639	2539131639	3584741234	3584741234	6
2657285620	2657285620	3668567852	3668567852	6
2539669055	2539669055	3584087996	3584087996	6
4454337141	4454337141	4683123909	4683123909	6
4454554806	4454554806	4682904437	4682904437	6
4448499264	4448499264	4692253325	4692253325	6
1236244893	1236244893	960809243	960809243	6
1063245357	1063245357	1150901754	1150901754	6
4635738176	4635738176	1611474277	1611474277	6
4633539746	4633539746	1613234466	1613234466	6
3924784729	3924784729	760812978	760812978	6
4548374707	4548374707	1480261942	1480261942	6
4578323514	4578323514	1661336802	1661336802	6
3065527909	3065527909	3347897417	3347897417	6
3472475528	3472475528	5024866640	5024866640	6
3472914876	3472914876	5023716666	5023716666	6
3473461150	3473461150	5023600366	5023600366	6
4414637662	4414637662	4730013509	4730013509	6
146893468	146893468	611016105	611016105	6
3476533785	3476533785	5019985505	5019985505	6
3450490880	3450490880	5047808267	5047808267	6
4193378427	4193378427	3844907630	3844907630	6
3502731333	3502731333	4987955062	4987955062	6
1125777177	1125777177	1522975072	1522975072	6
3502484630	3502484630	4988180717	4988180717	6
3003440137	3003440137	3415768338	3415768338	6
3002268802	3002268802	3417031296	3417031296	6
3004356369	3004356369	3414686103	3414686103	6
3004238159	3004238159	3414890833	3414890833	6
3077734475	3077734475	3334471056	3334471056	6
3530846482	3530846482	5112147558	5112147558	6
4595869944	4595869944	1656810508	1656810508	6
1063026066	1063026066	1150685832	1150685832	6
1120600010	1120600010	1087384912	1087384912	6
1075730693	1075730693	1164430089	1164430089	6
3886983763	3886983763	921545450	921545450	6
1152589712	1152589712	1048900630	1048900630	6
3684030623	3684030623	4550731933	4550731933	6
3685079596	3685079596	4549723229	4549723229	6
4298717461	4298717461	3742704780	3742704780	6
4256837565	4256837565	3775444722	3775444722	6
2289899735	2289899735	3259159040	3259159040	6
4987683545	4987683545	956515640	956515640	6
4928670381	4928670381	854402569	854402569	6
3683873959	3683873959	4550954962	4550954962	6
4952908439	4952908439	884873566	884873566	6
4922172385	4922172385	841413198	841413198	6
4283568183	4283568183	3730265494	3730265494	6
3886034750	3886034750	923349502	923349502	6
4086848775	4086848775	782473634	782473634	6
3913881119	3913881119	750420207	750420207	6
3914415491	3914415491	749996402	749996402	6
5137920220	5137920220	408408993	408408993	6
1845695569	1845695569	1337465481	1337465481	5
2564580059	2564580059	3555600062	3555600062	5
3429770357	3429770357	5071790813	5071790813	5
2586070005	2586070005	3533051255	3533051255	5
3464474637	3464474637	5033853495	5033853495	5
4361721361	4361721361	4783418856	4783418856	5
3426666932	3426666932	5076713107	5076713107	5
2586450428	2586450428	3532625184	3532625184	5
3426331665	3426331665	5076983381	5076983381	5
3457689829	3457689829	5039902011	5039902011	5
3438806871	3438806871	5060838602	5060838602	5
3438099575	3438099575	5061536733	5061536733	5
3491838589	3491838589	5001293547	5001293547	5
3570264652	3570264652	5129213568	5129213568	5
3436871689	3436871689	5062812342	5062812342	5
3465749773	3465749773	5032172068	5032172068	5
3460129142	3460129142	5037416291	5037416291	5
3586892506	3586892506	5151029723	5151029723	5
4366523536	4366523536	4777549669	4777549669	5
3462295662	3462295662	5036204629	5036204629	5
3586578624	3586578624	5150504974	5150504974	5
3012520219	3012520219	3406833398	3406833398	5
3592970420	3592970420	5152860903	5152860903	5
4455601624	4455601624	4681774990	4681774990	5
4201226994	4201226994	3836287133	3836287133	5
2666084192	2666084192	3504954396	3504954396	5
3900195485	3900195485	736209390	736209390	5
4126058470	4126058470	3920172102	3920172102	5
4741447265	4741447265	2371647901	2371647901	5
2542498963	2542498963	3581541891	3581541891	5
2711869309	2711869309	3688667107	3688667107	5
4676466600	4676466600	1566059400	1566059400	5
4404178247	4404178247	4740973967	4740973967	5
4673162511	4673162511	1569135812	1569135812	5
4542448429	4542448429	1474097654	1474097654	5
3011894287	3011894287	3407423593	3407423593	5
3409888830	3409888830	5094544655	5094544655	5
3528359128	3528359128	5109503564	5109503564	5
3411105272	3411105272	5093181990	5093181990	5
3031108390	3031108390	3386961472	3386961472	5
3028098783	3028098783	3390210782	3390210782	5
3092181327	3092181327	3318258935	3318258935	5
3431266647	3431266647	5069032545	5069032545	5
4160711281	4160711281	3881985254	3881985254	5
