start1	end1	start2	end2	col
3538087993	3538087993	3370591873	3370591873	28
3565771628	3565771628	3430011856	3430011856	28
2845883787	2845883787	238690643	238690643	28
931630682	931630682	3060966735	3060966735	28
928441279	928441279	3131639648	3131639648	28
926745638	926745638	2967042848	2967042848	28
912487451	912487451	2974984809	2974984809	28
885042944	885042944	2959984677	2959984677	28
884178386	884178386	2966411913	2966411913	28
3540196838	3540196838	3466992609	3466992609	28
895992096	895992096	2953809772	2953809772	28
3586150935	3586150935	3458325782	3458325782	28
3623711225	3623711225	3372538073	3372538073	28
3628269135	3628269135	3378070537	3378070537	28
3574820973	3574820973	3473084396	3473084396	28
3572415920	3572415920	3471049673	3471049673	28
3538438017	3538438017	3369974904	3369974904	28
3624394343	3624394343	3373546263	3373546263	28
3587576946	3587576946	4951348100	4951348100	28
1627209367	1627209367	1253488597	1253488597	27
3879901409	3879901409	4544523443	4544523443	27
3876094611	3876094611	4542884004	4542884004	27
3876049548	3876049548	4542822419	4542822419	27
3875992007	3875992007	4542720590	4542720590	27
3879257310	3879257310	4544143159	4544143159	27
1623893269	1623893269	1296678603	1296678603	27
1623940884	1623940884	1296730810	1296730810	27
1627192691	1627192691	1253433444	1253433444	27
3839024507	3839024507	4510464652	4510464652	27
1629796389	1629796389	1258046256	1258046256	27
1635507665	1635507665	1266781202	1266781202	27
1637287508	1637287508	1292587385	1292587385	27
1544134174	1544134174	2523732319	2523732319	27
1541413698	1541413698	2534301004	2534301004	27
1540656722	1540656722	2533150238	2533150238	27
1353248493	1353248493	4160474081	4160474081	27
1375753059	1375753059	4177964270	4177964270	27
1632470315	1632470315	1263601385	1263601385	27
849189345	849189345	2985622323	2985622323	26
819554330	819554330	4876595206	4876595206	26
833048116	833048116	4857290396	4857290396	26
839600859	839600859	4226121431	4226121431	26
844680412	844680412	2988953696	2988953696	26
846602617	846602617	2987296359	2987296359	26
2541305942	2541305942	1993406764	1993406764	26
855086664	855086664	2981731515	2981731515	26
859505205	859505205	4885524786	4885524786	26
863601311	863601311	4883511156	4883511156	26
870605620	870605620	4879100444	4879100444	26
859149147	859149147	4885915564	4885915564	26
3775476453	3775476453	1917739542	1917739542	25
4194315320	4194315320	3867912898	3867912898	25
4196182889	4196182889	3880409761	3880409761	25
4198608276	4198608276	3893494437	3893494437	25
4161399900	4161399900	3892211534	3892211534	25
4154596235	4154596235	3895548892	3895548892	25
4157111950	4157111950	3885439232	3885439232	25
2762233321	2762233321	1758196492	1758196492	25
2783210548	2783210548	1769080073	1769080073	25
2789159470	2789159470	1763810579	1763810579	25
2832231413	2832231413	252038242	252038242	25
3337067802	3337067802	4392721845	4392721845	25
2830284530	2830284530	2856758638	2856758638	25
4210595438	4210595438	3825525965	3825525965	25
4213592092	4213592092	3866740880	3866740880	25
4213846084	4213846084	3867029276	3867029276	25
4184380697	4184380697	3850032619	3850032619	25
4143104864	4143104864	3875429913	3875429913	25
4177338502	4177338502	3845520084	3845520084	25
4142027862	4142027862	3870599075	3870599075	25
4209584699	4209584699	3826700902	3826700902	25
4210041529	4210041529	3825986976	3825986976	25
4168201068	4168201068	3839596575	3839596575	25
4171573361	4171573361	3841733571	3841733571	25
4173325873	4173325873	3842685778	3842685778	25
4208426667	4208426667	3827954681	3827954681	25
4348355312	4348355312	4931785991	4931785991	25
4193177479	4193177479	1784679453	1784679453	25
4191392868	4191392868	3857134614	3857134614	25
4184638874	4184638874	3850193323	3850193323	25
4191080106	4191080106	3468156982	3468156982	25
4481397220	4481397220	4058051262	4058051262	24
4465053331	4465053331	4048531163	4048531163	24
4466428276	4466428276	4063215064	4063215064	24
4480757522	4480757522	4056564381	4056564381	24
4484785717	4484785717	4071309211	4071309211	24
248234117	248234117	1411073672	1411073672	23
222545453	222545453	2197856493	2197856493	23
250387423	250387423	1408054366	1408054366	23
224072998	224072998	1434261596	1434261596	23
248174920	248174920	1411138756	1411138756	23
228542113	228542113	1429774230	1429774230	23
224176033	224176033	1434062067	1434062067	23
218103087	218103087	1440871979	1440871979	23
222184687	222184687	1436264010	1436264010	23
384065708	384065708	1304066473	1304066473	23
4812581686	4812581686	3616955453	3616955453	23
5177710352	5177710352	4695811689	4695811689	23
383194059	383194059	1303064769	1303064769	23
386475171	386475171	1269347912	1269347912	23
271818153	271818153	1385018853	1385018853	23
278414858	278414858	1377292048	1377292048	23
439454320	439454320	1369048864	1369048864	23
5165599336	5165599336	784752751	784752751	23
2071216159	2071216159	4776094864	4776094864	22
2068481640	2068481640	4777364765	4777364765	22
2068458507	2068458507	4777322798	4777322798	22
2072391404	2072391404	4775295520	4775295520	22
2071403565	2071403565	4775946129	4775946129	22
2069822701	2069822701	4776922251	4776922251	22
2071141492	2071141492	4776138241	4776138241	22
2070094920	2070094920	4776708816	4776708816	22
2070010686	2070010686	4776837927	4776837927	22
4225709299	4225709299	2570436403	2570436403	22
4256821950	4256821950	2617477033	2617477033	22
4256291835	4256291835	2616686442	2616686442	22
4437221182	4437221182	4656007642	4656007642	22
4256974738	4256974738	2617565769	2617565769	22
4246512395	4246512395	2571257995	2571257995	22
4236514694	4236514694	2575028036	2575028036	22
4259148772	4259148772	2446444089	2446444089	22
4257821734	4257821734	2618537104	2618537104	22
4258689345	4258689345	2446952886	2446952886	22
4245194109	4245194109	2606251690	2606251690	22
4435760318	4435760318	4664533673	4664533673	22
4443374351	4443374351	4667253725	4667253725	22
4444544315	4444544315	4648527762	4648527762	22
4802092870	4802092870	3598062502	3598062502	21
4781507852	4781507852	3577645178	3577645178	21
4790468654	4790468654	4941866688	4941866688	21
4790933593	4790933593	3585444592	3585444592	21
4796795224	4796795224	3589402681	3589402681	21
4804059371	4804059371	3600227746	3600227746	21
4812542340	4812542340	3616741672	3616741672	21
4811715012	4811715012	3647682500	3647682500	21
4807753764	4807753764	3645337723	3645337723	21
4812506703	4812506703	3616690858	3616690858	21
4800654373	4800654373	3596082225	3596082225	21
4644233056	4644233056	3542640290	3542640290	21
4805541243	4805541243	3613900744	3613900744	21
4747762138	4747762138	3521686987	3521686987	21
4747652032	4747652032	3521597790	3521597790	21
4732824793	4732824793	4044348267	4044348267	21
4727634514	4727634514	3508397128	3508397128	21
4806241317	4806241317	3614951783	3614951783	21
1719385992	1719385992	2365112691	2365112691	20
3494345656	3494345656	4735086618	4735086618	20
3488858782	3488858782	4739354896	4739354896	20
3488240643	3488240643	4739672765	4739672765	20
3480948072	3480948072	4744239384	4744239384	20
3483567120	3483567120	4742414135	4742414135	20
974702415	974702415	3114628467	3114628467	20
2079530297	2079530297	4771228981	4771228981	20
1690530118	1690530118	2363359510	2363359510	20
1718956921	1718956921	2364786960	2364786960	20
1690175639	1690175639	2364655278	2364655278	20
1690418993	1690418993	2364131336	2364131336	20
1690637709	1690637709	2363256692	2363256692	20
3505408043	3505408043	4720390303	4720390303	20
3505285451	3505285451	4720533837	4720533837	20
3495834517	3495834517	4733184514	4733184514	20
3494377567	3494377567	4735040724	4735040724	20
3503195476	3503195476	4723873688	4723873688	20
3497886390	3497886390	4730864952	4730864952	20
3521225026	3521225026	4701369787	4701369787	20
3508600287	3508600287	4716843933	4716843933	20
3468519839	3468519839	4752656777	4752656777	20
3467487386	3467487386	4754192695	4754192695	20
3467407957	3467407957	4754329609	4754329609	20
3478318075	3478318075	4746358493	4746358493	20
3519135780	3519135780	4698689640	4698689640	20
3517036793	3517036793	4694342990	4694342990	20
3469147335	3469147335	4753410263	4753410263	20
3523788860	3523788860	4696056614	4696056614	20
3526441072	3526441072	4706140282	4706140282	20
3438278933	3438278933	4765615525	4765615525	20
3444004035	3444004035	4764003614	4764003614	20
3513678766	3513678766	4712477752	4712477752	20
3513472679	3513472679	4712512230	4712512230	20
3526361610	3526361610	4706055352	4706055352	20
1738107365	1738107365	2329725559	2329725559	19
1901958572	1901958572	2393657632	2393657632	19
1768787834	1768787834	2317698201	2317698201	19
1765621701	1765621701	2322169433	2322169433	19
1732810531	1732810531	2325260872	2325260872	19
1733139409	1733139409	2325503153	2325503153	19
1745332474	1745332474	2337227031	2337227031	19
1743265279	1743265279	883538691	883538691	19
1744672572	1744672572	2336081189	2336081189	19
1933875979	1933875979	5033888016	5033888016	19
1865161756	1865161756	2407385552	2407385552	19
1873490074	1873490074	2414252239	2414252239	19
2462608546	2462608546	3745009102	3745009102	19
1906442550	1906442550	2382240022	2382240022	19
1905832029	1905832029	2382978560	2382978560	19
1855674794	1855674794	2348492230	2348492230	19
1906572994	1906572994	2382100176	2382100176	19
1818801275	1818801275	1739562806	1739562806	19
1763534012	1763534012	2375802943	2375802943	19
1789277871	1789277871	2303027957	2303027957	19
1798385541	1798385541	2295899671	2295899671	19
1808954424	1808954424	2288756729	2288756729	19
1817395707	1817395707	2282988167	2282988167	19
1816863982	1816863982	2283330507	2283330507	19
1822401600	1822401600	2279443395	2279443395	19
1823157089	1823157089	2278566153	2278566153	19
1848449208	1848449208	2262084301	2262084301	19
1852273710	1852273710	2343829733	2343829733	19
1853222158	1853222158	2344786790	2344786790	19
1855397620	1855397620	2347579850	2347579850	19
1159446252	1159446252	2862552824	2862552824	18
1157175810	1157175810	2864545289	2864545289	18
1152400083	1152400083	2867798079	2867798079	18
1151165080	1151165080	2869059442	2869059442	18
1144253925	1144253925	2876130751	2876130751	18
1135652622	1135652622	2882363271	2882363271	18
1091070525	1091070525	2918362239	2918362239	18
1165937426	1165937426	2857731095	2857731095	18
1173365003	1173365003	2851209529	2851209529	18
1184813624	1184813624	2841091956	2841091956	18
1185071052	1185071052	2840373096	2840373096	18
1189012645	1189012645	2836927715	2836927715	18
1197584699	1197584699	2829892274	2829892274	18
1117590730	1117590730	2898595633	2898595633	18
1138089895	1138089895	2880011744	2880011744	18
1083962634	1083962634	2923767788	2923767788	18
1013883276	1013883276	3097291589	3097291589	18
998718212	998718212	3100023223	3100023223	18
1007812194	1007812194	3105013940	3105013940	18
1007986962	1007986962	3105157953	3105157953	18
1008371682	1008371682	3105269303	3105269303	18
1013853522	1013853522	3097332926	3097332926	18
1000930376	1000930376	3101165450	3101165450	18
1033697212	1033697212	3093054416	3093054416	18
1035244265	1035244265	3092365110	3092365110	18
1044252691	1044252691	3112748104	3112748104	18
1063407334	1063407334	2941043989	2941043989	18
1077661937	1077661937	5122732383	5122732383	18
1079832195	1079832195	2927277937	2927277937	18
1483502524	1483502524	5010892080	5010892080	17
1451456196	1451456196	2730098465	2730098465	17
1462863586	1462863586	2724220729	2724220729	17
1464039488	1464039488	2723641059	2723641059	17
1474361662	1474361662	2718033548	2718033548	17
1477131433	1477131433	2716900386	2716900386	17
1511215023	1511215023	5157956199	5157956199	17
1503297310	1503297310	2702665266	2702665266	17
1510296742	1510296742	4612293129	4612293129	17
1511373409	1511373409	2481214186	2481214186	17
1605554473	1605554473	2479106228	2479106228	17
1443484647	1443484647	4221918578	4221918578	17
1444480131	1444480131	4220303022	4220303022	17
1568958789	1568958789	2739298886	2739298886	17
1441355680	1441355680	4628952027	4628952027	17
1427328453	1427328453	4208966557	4208966557	17
1353118499	1353118499	4160246947	4160246947	17
1587292798	1587292798	2511162427	2511162427	17
1548404420	1548404420	2547242221	2547242221	17
1558989414	1558989414	3448767647	3448767647	17
1607708321	1607708321	2478075934	2478075934	17
1638769127	1638769127	1287268077	1287268077	17
1646763034	1646763034	4935094089	4935094089	17
1516465211	1516465211	2736410574	2736410574	17
1515086924	1515086924	2737019174	2737019174	17
1581710471	1581710471	2495638078	2495638078	17
1605814141	1605814141	2478983179	2478983179	17
1508031370	1508031370	2482987440	2482987440	17
1611645407	1611645407	2696568016	2696568016	17
3847233661	3847233661	4515874867	4515874867	17
3842808581	3842808581	4522518516	4522518516	17
3871551279	3871551279	4540351912	4540351912	17
3871651923	3871651923	4540460107	4540460107	17
3858231767	3858231767	4534220243	4534220243	17
3858079530	3858079530	4534131740	4534131740	17
3854029772	3854029772	4532298715	4532298715	17
3851683075	3851683075	4530840963	4530840963	17
3850806338	3850806338	4529283938	4529283938	17
3849846114	3849846114	4528718317	4528718317	17
3846192659	3846192659	4514873101	4514873101	17
3846792869	3846792869	4691636725	4691636725	17
3847138872	3847138872	4515727718	4515727718	17
3871405031	3871405031	4540268926	4540268926	17
3847753313	3847753313	4516142213	4516142213	17
3845653224	3845653224	4517736352	4517736352	17
3887284969	3887284969	4548489842	4548489842	17
3841344932	3841344932	4525712910	4525712910	17
3848760127	3848760127	4516770003	4516770003	17
3849340826	3849340826	4517147824	4517147824	17
3842728987	3842728987	4522550153	4522550153	17
3844355400	3844355400	4519560439	4519560439	17
3844070424	3844070424	4519801298	4519801298	17
3890671547	3890671547	4557845041	4557845041	17
3896948139	3896948139	4554111136	4554111136	17
3887727242	3887727242	4548682245	4548682245	17
1999841872	1999841872	5014450169	5014450169	16
1968558082	1968558082	5023034841	5023034841	16
1700890146	1700890146	5016054649	5016054649	16
1958191638	1958191638	5015194337	5015194337	16
1961025897	1961025897	5014490495	5014490495	16
1703822680	1703822680	5011543999	5011543999	16
1999778788	1999778788	5014435617	5014435617	16
1712449814	1712449814	5025420236	5025420236	16
1703901660	1703901660	5011435189	5011435189	16
1705109331	1705109331	5011155829	5011155829	16
1714992952	1714992952	5008398181	5008398181	16
1975718506	1975718506	5021036741	5021036741	16
1974009483	1974009483	5021648502	5021648502	16
1929145393	1929145393	5035997548	5035997548	16
1984141893	1984141893	5018666115	5018666115	16
3343019830	3343019830	5018630388	5018630388	16
1928490832	1928490832	5036316531	5036316531	16
1928932945	1928932945	5036148017	5036148017	16
1929046438	1929046438	5036114056	5036114056	16
1688944353	1688944353	5059719701	5059719701	16
1948485827	1948485827	5028351251	5028351251	16
1947971746	1947971746	5028470972	5028470972	16
1947840155	1947840155	5028564499	5028564499	16
1693088175	1693088175	5055066331	5055066331	16
1911394973	1911394973	5057336862	5057336862	16
1712064195	1712064195	5025693358	5025693358	16
1712217138	1712217138	5025480245	5025480245	16
1939492058	1939492058	5031403308	5031403308	16
1711712074	1711712074	5025799404	5025799404	16
4374405113	4374405113	4621373134	4621373134	16
1968956720	1968956720	5022969894	5022969894	16
4394979494	4394979494	4637185712	4637185712	16
4391967843	4391967843	3389105748	3389105748	16
4402014600	4402014600	4643094507	4643094507	16
4391987222	4391987222	4629923377	4629923377	16
4387673111	4387673111	4630438533	4630438533	16
4380316488	4380316488	4617493408	4617493408	16
4380207474	4380207474	4617395188	4617395188	16
4370825186	4370825186	4619093556	4619093556	16
4370873667	4370873667	4619153531	4619153531	16
4371353860	4371353860	4619291418	4619291418	16
4371876471	4371876471	4620048444	4620048444	16
4395147848	4395147848	4637348546	4637348546	16
4374374799	4374374799	4621397645	4621397645	16
1230402784	1230402784	4008493778	4008493778	16
4378666667	4378666667	4627235345	4627235345	16
1987230087	1987230087	5017956255	5017956255	16
1264808644	1264808644	2776073975	2776073975	16
1244332749	1244332749	2784709198	2784709198	16
1272942076	1272942076	2767739903	2767739903	16
1230344234	1230344234	2799549523	2799549523	16
1230282477	1230282477	2799675812	2799675812	16
1229530039	1229530039	2800836851	2800836851	16
1208428709	1208428709	2818582114	2818582114	16
1205673811	1205673811	2821101184	2821101184	16
2392305966	2392305966	3762440471	3762440471	15
2260933591	2260933591	3640522259	3640522259	15
2392327584	2392327584	3762515258	3762515258	15
2363916461	2363916461	3638517811	3638517811	15
2387599329	2387599329	3056386370	3056386370	15
2386932236	2386932236	3736217907	3736217907	15
2382844518	2382844518	3729843136	3729843136	15
2384919786	2384919786	3732410950	3732410950	15
2385557579	2385557579	3058708353	3058708353	15
2225986594	2225986594	3662132886	3662132886	15
2209682197	2209682197	4951239989	4951239989	15
2251969549	2251969549	3698271578	3698271578	15
2259804335	2259804335	3626808392	3626808392	15
2259619733	2259619733	3626890026	3626890026	15
2258567406	2258567406	3630160131	3630160131	15
2254222746	2254222746	3695659334	3695659334	15
2252683133	2252683133	3697469713	3697469713	15
2243348656	2243348656	3705219362	3705219362	15
2370233289	2370233289	3641958007	3641958007	15
510346616	510346616	959478134	959478134	15
520063477	520063477	969830663	969830663	15
2398560889	2398560889	3780033426	3780033426	15
2368298327	2368298327	3697122361	3697122361	15
2251912628	2251912628	3698388362	3698388362	15
2395143588	2395143588	3772297711	3772297711	15
2421560363	2421560363	3801300592	3801300592	15
2365288952	2365288952	3634971208	3634971208	15
2450036015	2450036015	3760501849	3760501849	15
2447181157	2447181157	871638147	871638147	15
2444126567	2444126567	3817869706	3817869706	15
2437463516	2437463516	3812464639	3812464639	15
2435442678	2435442678	3811149324	3811149324	15
2434457335	2434457335	3810889150	3810889150	15
2424960241	2424960241	3804029881	3804029881	15
2424654895	2424654895	3803791507	3803791507	15
2422771839	2422771839	3802296133	3802296133	15
2449844139	2449844139	3760724598	3760724598	15
2418020203	2418020203	3799169608	3799169608	15
2404460315	2404460315	3785507384	3785507384	15
2415149234	2415149234	3795509048	3795509048	15
2398949496	2398949496	3780391584	3780391584	15
2401579153	2401579153	3783692250	3783692250	15
2399060295	2399060295	3780636503	3780636503	15
2404862537	2404862537	3786148769	3786148769	15
2412310745	2412310745	3792705227	3792705227	15
2413358547	2413358547	3793976026	3793976026	15
2413964085	2413964085	3794352108	3794352108	15
3928168410	3928168410	2448267061	2448267061	14
4927089922	4927089922	539026532	539026532	14
4926799545	4926799545	539126788	539126788	14
288339858	288339858	1216472981	1216472981	14
4932802460	4932802460	4687965712	4687965712	14
4932529356	4932529356	444362843	444362843	14
282770646	282770646	1191059125	1191059125	14
4905664116	4905664116	425297951	425297951	14
4906515435	4906515435	427269880	427269880	14
4988209331	4988209331	567602010	567602010	14
4988331162	4988331162	3315965943	3315965943	14
5010757551	5010757551	546029324	546029324	14
5135461510	5135461510	809003389	809003389	14
4915120914	4915120914	471416121	471416121	14
5043381085	5043381085	533629176	533629176	14
5043497974	5043497974	533406896	533406896	14
5044681530	5044681530	531862636	531862636	14
4317453825	4317453825	3949182666	3949182666	14
4325661895	4325661895	3979067216	3979067216	14
4323657825	4323657825	3969965877	3969965877	14
4309393328	4309393328	3942466925	3942466925	14
4301484780	4301484780	3902563697	3902563697	14
4286195136	4286195136	3939698678	3939698678	14
4323040879	4323040879	3960846759	3960846759	14
4321896172	4321896172	3977425899	3977425899	14
4276334238	4276334238	3910844951	3910844951	14
4276211761	4276211761	3910779656	3910779656	14
4275495791	4275495791	3908999645	3908999645	14
4295928196	4295928196	3908349541	3908349541	14
4329022547	4329022547	3957841132	3957841132	14
4302659824	4302659824	3901067614	3901067614	14
4303133155	4303133155	3900470669	3900470669	14
4304500378	4304500378	3956270019	3956270019	14
4303917817	4303917817	3898516839	3898516839	14
4294554976	4294554976	3925631613	3925631613	14
4290915278	4290915278	3930696573	3930696573	14
4303073945	4303073945	3900680892	3900680892	14
4286205255	4286205255	3939764279	3939764279	14
137402611	137402611	1519333757	1519333757	13
93636879	93636879	1565772021	1565772021	13
980874715	980874715	2832038294	2832038294	13
108429926	108429926	1549378861	1549378861	13
132147490	132147490	1524565662	1524565662	13
134036609	134036609	3826777915	3826777915	13
154005287	154005287	1505102816	1505102816	13
141235901	141235901	1515952119	1515952119	13
148384968	148384968	1510140459	1510140459	13
154172929	154172929	1505001347	1505001347	13
178827070	178827070	1480219736	1480219736	13
86032185	86032185	1572428433	1572428433	13
91082989	91082989	1568144131	1568144131	13
55371302	55371302	1574506207	1574506207	13
67238257	67238257	1590153189	1590153189	13
65656802	65656802	1591784695	1591784695	13
63067187	63067187	1593651822	1593651822	13
62650996	62650996	1594256085	1594256085	13
61548278	61548278	1595471098	1595471098	13
60288716	60288716	1596867354	1596867354	13
60167225	60167225	1596929716	1596929716	13
55705728	55705728	1600533852	1600533852	13
52080356	52080356	1604645528	1604645528	13
51934135	51934135	1604731011	1604731011	13
39037105	39037105	1616242649	1616242649	13
37992468	37992468	1617212638	1617212638	13
196174929	196174929	1463378714	1463378714	13
180753189	180753189	1478262507	1478262507	13
4502909733	4502909733	3009270225	3009270225	13
2748890157	2748890157	2174366994	2174366994	13
4510157081	4510157081	3040410788	3040410788	13
4510227993	4510227993	2997222700	2997222700	13
3074337500	3074337500	383333437	383333437	13
2961292155	2961292155	126835024	126835024	13
1676638044	1676638044	387872810	387872810	13
2065431130	2065431130	4778992903	4778992903	12
2047943378	2047943378	4786278774	4786278774	12
557539694	557539694	1008558080	1008558080	12
557474646	557474646	1008302574	1008302574	12
594050970	594050970	1043743932	1043743932	12
593930488	593930488	1043539853	1043539853	12
587569102	587569102	1037118571	1037118571	12
2034083600	2034083600	4817195540	4817195540	12
2047304896	2047304896	4786632916	4786632916	12
2061789940	2061789940	4780350382	4780350382	12
2048017939	2048017939	4786266276	4786266276	12
2048175595	2048175595	4786117911	4786117911	12
559464574	559464574	4819955019	4819955019	12
2060642925	2060642925	4780813213	4780813213	12
2060526712	2060526712	4780845900	4780845900	12
2060471892	2060471892	4780879425	4780879425	12
2056577455	2056577455	4783465970	4783465970	12
2054686235	2054686235	4783861096	4783861096	12
558094020	558094020	1009248711	1009248711	12
600036832	600036832	1049829042	1049829042	12
564222936	564222936	1015121661	1015121661	12
1386208472	1386208472	4143916947	4143916947	12
493188595	493188595	944109550	944109550	12
488066507	488066507	939208320	939208320	12
568102763	568102763	1019067501	1019067501	12
1573811504	1573811504	2734271116	2734271116	12
1287486270	1287486270	4120749368	4120749368	12
1287593655	1287593655	4120559584	4120559584	12
1284879961	1284879961	4122244214	4122244214	12
1378675273	1378675273	4179951349	4179951349	12
483614927	483614927	934937877	934937877	12
1388799298	1388799298	4146346651	4146346651	12
1409973219	1409973219	4195319897	4195319897	12
1348423500	1348423500	4151968495	4151968495	12
1344798160	1344798160	4142782948	4142782948	12
1339616352	1339616352	4139498558	4139498558	12
2048543841	2048543841	4785965551	4785965551	12
1402081985	1402081985	2664196604	2664196604	12
4880584776	4880584776	617097986	617097986	10
4089206912	4089206912	5131585203	5131585203	10
4089913989	4089913989	5130321779	5130321779	10
4090824340	4090824340	5129892921	5129892921	10
3763566720	3763566720	1737893853	1737893853	10
4893151571	4893151571	606690898	606690898	10
4901299018	4901299018	615744016	615744016	10
5068832838	5068832838	699586711	699586711	10
4880246909	4880246909	4960940394	4960940394	10
4831185280	4831185280	662190268	662190268	10
5068516639	5068516639	699359995	699359995	10
5063220159	5063220159	693873836	693873836	10
5058429463	5058429463	688765568	688765568	10
4108360316	4108360316	5096467933	5096467933	10
4095729584	4095729584	5126805581	5126805581	10
4074212206	4074212206	5106724700	5106724700	10
4108329130	4108329130	349678377	349678377	10
4053669745	4053669745	5122831616	5122831616	10
5053462044	5053462044	683366032	683366032	10
4061631810	4061631810	5119446368	5119446368	10
4061852986	4061852986	5119320245	5119320245	10
4118306301	4118306301	5087070271	5087070271	10
4111845414	4111845414	5100042168	5100042168	10
4112048257	4112048257	5100227845	5100227845	10
4100860956	4100860956	5133088690	5133088690	10
4088120599	4088120599	5114127585	5114127585	10
4099108848	4099108848	5128059511	5128059511	10
4891017152	4891017152	604583436	604583436	10
4075118253	4075118253	5107637338	5107637338	10
4075525936	4075525936	5108104512	5108104512	10
4081088793	4081088793	5111331991	5111331991	10
4084754932	4084754932	5113073998	5113073998	10
5056269475	5056269475	686518272	686518272	10
4055003515	4055003515	5122143440	5122143440	10
5075145058	5075145058	705942179	705942179	10
346770730	346770730	1249121025	1249121025	10
4954020127	4954020127	594862245	594862245	10
442370765	442370765	1198000953	1198000953	10
5080425739	5080425739	712318115	712318115	10
663235359	663235359	1222823313	1222823313	10
329657740	329657740	1224214416	1224214416	10
329942330	329942330	1224822781	1224822781	10
330023723	330023723	1225090885	1225090885	10
336249287	336249287	1232662698	1232662698	10
301288253	301288253	1197756900	1197756900	10
348739282	348739282	1286211957	1286211957	10
379929591	379929591	1305037100	1305037100	10
5108623124	5108623124	742024701	742024701	10
5104655007	5104655007	730589451	730589451	10
5093534915	5093534915	725395856	725395856	10
5089905904	5089905904	721003569	721003569	10
5082977000	5082977000	59408205	59408205	10
349227064	349227064	1285717349	1285717349	10
3108176162	3108176162	46613025	46613025	9
1687334168	1687334168	4053161	4053161	9
1664940699	1664940699	269562	269562	9
1653064346	1653064346	19247703	19247703	9
3135540468	3135540468	21072435	21072435	9
3114489190	3114489190	39980134	39980134	9
3007074673	3007074673	3988241025	3988241025	9
3104391941	3104391941	50070383	50070383	9
3009591838	3009591838	78562140	78562140	9
3007764188	3007764188	80492681	80492681	9
2988724245	2988724245	98365648	98365648	9
3069269345	3069269345	295881055	295881055	9
2970341267	2970341267	118334896	118334896	9
3000060984	3000060984	88508455	88508455	9
2944787246	2944787246	143016685	143016685	9
3061260006	3061260006	301369784	301369784	9
2933193808	2933193808	154738491	154738491	9
2850980343	2850980343	233861516	233861516	9
2860724095	2860724095	224495028	224495028	9
2861128198	2861128198	224298551	224298551	9
2861483466	2861483466	223892996	223892996	9
3058546252	3058546252	305319598	305319598	9
2880499773	2880499773	205499202	205499202	9
2880456183	2880456183	205722345	205722345	9
2893158731	2893158731	194419332	194419332	9
2928060527	2928060527	161225464	161225464	9
2928380915	2928380915	160804258	160804258	9
2929831908	2929831908	158462885	158462885	9
2933105068	2933105068	155082683	155082683	9
2861886670	2861886670	223335221	223335221	9
2943104995	2943104995	145027822	145027822	9
3136843061	3136843061	4911851460	4911851460	9
2943323399	2943323399	144862127	144862127	9
3053853107	3053853107	310149164	310149164	9
3138683046	3138683046	349732965	349732965	9
1677359975	1677359975	334268611	334268611	9
1675936079	1675936079	340329619	340329619	9
1681669772	1681669772	8973747	8973747	9
3033424745	3033424745	388642850	388642850	9
2950054660	2950054660	138479934	138479934	9
3061956936	3061956936	300750889	300750889	9
2944757900	2944757900	143250349	143250349	9
2951783745	2951783745	135551183	135551183	9
4009425772	4009425772	2679544495	2679544495	8
3250289172	3250289172	4307648695	4307648695	8
3343434530	3343434530	4242433630	4242433630	8
2031514534	2031514534	4229750550	4229750550	8
658821361	658821361	1078577447	1078577447	8
658969450	658969450	1078538047	1078538047	8
4011445381	4011445381	772737128	772737128	8
4011176618	4011176618	2677943745	2677943745	8
2333986591	2333986591	3166412619	3166412619	8
2326230706	2326230706	4663492199	4663492199	8
2334783367	2334783367	3166123359	3166123359	8
762322135	762322135	4897114364	4897114364	8
769602357	769602357	124940627	124940627	8
771630575	771630575	4899376492	4899376492	8
731148584	731148584	4888543102	4888543102	8
748751857	748751857	4892070314	4892070314	8
769903550	769903550	4898795964	4898795964	8
657470797	657470797	1080002865	1080002865	8
3258684172	3258684172	4271362055	4271362055	8
3999208175	3999208175	2674697602	2674697602	8
4001111597	4001111597	2669357762	2669357762	8
449349487	449349487	900048408	900048408	8
661803997	661803997	1128213827	1128213827	8
653542544	653542544	1129317384	1129317384	8
471427381	471427381	924234697	924234697	8
707017955	707017955	1176062977	1176062977	8
711743874	711743874	1132845168	1132845168	8
632785570	632785570	1100465727	1100465727	8
615833206	615833206	1064413959	1064413959	8
648330522	648330522	1085205084	1085205084	8
648777628	648777628	1084868745	1084868745	8
4001169903	4001169903	2685837415	2685837415	8
4003459877	4003459877	2684969777	2684969777	8
4003435271	4003435271	2684921273	2684921273	8
3916148227	3916148227	2630187102	2630187102	8
4000388799	4000388799	2669921854	2669921854	8
3954842738	3954842738	2688603598	2688603598	8
3960672421	3960672421	2692250012	2692250012	8
3963970783	3963970783	2693352690	2693352690	8
3998958515	3998958515	2674977927	2674977927	8
3929031110	3929031110	2473799918	2473799918	8
745501445	745501445	4889911736	4889911736	8
3930086975	3930086975	2474232237	2474232237	8
811494490	811494490	4881360798	4881360798	8
810751390	810751390	2979182792	2979182792	8
810640041	810640041	2979252790	2979252790	8
787502105	787502105	4876925777	4876925777	8
792013966	792013966	4905082476	4905082476	8
802206292	802206292	4903297381	4903297381	8
802455814	802455814	4903203108	4903203108	8
804531228	804531228	4902613834	4902613834	8
781825595	781825595	4865516476	4865516476	8
785684262	785684262	4866348560	4866348560	8
733904024	733904024	4866742773	4866742773	8
734273366	734273366	4866955412	4866955412	8
3979771190	3979771190	2662878045	2662878045	8
3983447448	3983447448	2659995518	2659995518	8
3988932986	3988932986	2655104692	2655104692	8
3989344634	3989344634	2654836828	2654836828	8
3952493247	3952493247	2642173090	2642173090	8
3936244706	3936244706	2449806050	2449806050	8
3933477188	3933477188	2462072931	2462072931	8
3253980252	3253980252	4315375863	4315375863	8
3247099962	3247099962	4328360002	4328360002	8
3260642385	3260642385	4363267790	4363267790	8
3300114922	3300114922	4278219788	4278219788	8
3263478094	3263478094	4360557449	4360557449	8
3245081170	3245081170	4332241976	4332241976	8
3193632471	3193632471	4363998220	4363998220	8
3249050205	3249050205	4290189168	4290189168	8
3309691294	3309691294	4923008246	4923008246	8
3297476371	3297476371	4333267172	4333267172	8
3191891845	3191891845	3340147889	3340147889	8
3246760622	3246760622	4329177210	4329177210	8
3296386300	3296386300	4334397604	4334397604	8
3292005917	3292005917	4338121626	4338121626	8
3276651234	3276651234	4350671513	4350671513	8
3272279533	3272279533	4353530025	4353530025	8
3276144477	3276144477	4351126804	4351126804	8
3274057650	3274057650	4923542479	4923542479	8
3295894976	3295894976	3102314890	3102314890	8
996460912	996460912	3098891344	3098891344	7
2309104395	2309104395	3187401307	3187401307	7
2309334358	2309334358	3187077521	3187077521	7
2310575115	2310575115	3185331365	3185331365	7
2315064054	2315064054	3181555788	3181555788	7
990056955	990056955	3128937341	3128937341	7
995520499	995520499	3098320229	3098320229	7
990338874	990338874	3129082314	3129082314	7
985202161	985202161	3125590955	3125590955	7
985112269	985112269	3125503271	3125503271	7
2284815604	2284815604	3210170519	3210170519	7
980578740	980578740	3121144272	3121144272	7
2286421206	2286421206	3208280023	3208280023	7
2122375439	2122375439	3276636492	3276636492	7
2175782039	2175782039	3245396760	3245396760	7
2175099715	2175099715	3246228795	3246228795	7
2164058556	2164058556	3255868985	3255868985	7
2163046079	2163046079	3257296959	3257296959	7
2160400828	2160400828	3259357021	3259357021	7
2116518731	2116518731	3270675241	3270675241	7
2843505964	2843505964	241963330	241963330	7
2122420098	2122420098	3277133979	3277133979	7
2123685998	2123685998	3296413489	3296413489	7
3535282636	3535282636	3404771999	3404771999	7
2140041102	2140041102	3279002854	3279002854	7
2141558097	2141558097	3315849192	3315849192	7
976747744	976747744	3115529925	3115529925	7
2764770517	2764770517	1786016324	1786016324	7
2845894750	2845894750	238978845	238978845	7
3770861186	3770861186	1732492778	1732492778	7
2662894848	2662894848	2095730285	2095730285	7
2677246924	2677246924	2106622537	2106622537	7
2677296039	2677296039	2106685462	2106685462	7
2682855482	2682855482	2111672731	2111672731	7
2686528793	2686528793	2115487183	2115487183	7
2686879950	2686879950	2115886206	2115886206	7
2688142614	2688142614	2117098146	2117098146	7
2703158636	2703158636	2131061073	2131061073	7
3758380456	3758380456	1687213396	1687213396	7
3788384281	3788384281	4571996413	4571996413	7
3818626734	3818626734	1728654187	1728654187	7
3771050024	3771050024	1732268967	1732268967	7
3770427067	3770427067	1732641387	1732641387	7
2846375144	2846375144	237940696	237940696	7
3769639730	3769639730	1733416830	1733416830	7
3764190559	3764190559	1737513213	1737513213	7
2810368978	2810368978	1752037192	1752037192	7
2806753739	2806753739	1801758869	1801758869	7
2762412096	2762412096	1788364659	1788364659	7
2763184036	2763184036	4693270531	4693270531	7
2153397547	2153397547	3321627390	3321627390	7
2765641688	2765641688	1785242363	1785242363	7
2774398853	2774398853	1777057140	1777057140	7
3505208513	3505208513	4720706909	4720706909	7
3505247000	3505247000	4720666401	4720666401	7
2825176098	2825176098	271346629	271346629	7
2143768893	2143768893	3318911774	3318911774	7
2166348116	2166348116	3253780481	3253780481	7
2147988009	2147988009	3326961657	3326961657	7
2357803037	2357803037	3143803821	3143803821	7
3355377073	3355377073	4267152163	4267152163	7
3183951661	3183951661	4261460224	4261460224	7
3228883924	3228883924	4292068708	4292068708	7
3221662371	3221662371	4247798455	4247798455	7
2146945548	2146945548	3328605582	3328605582	7
2350739200	2350739200	3154171095	3154171095	7
2100735991	2100735991	3305765301	3305765301	7
2154173640	2154173640	3332560649	3332560649	7
2145833381	2145833381	3330806440	3330806440	7
2090691978	2090691978	3447057146	3447057146	7
3376421794	3376421794	4486390934	4486390934	6
3384826747	3384826747	4482776389	4482776389	6
3383213844	3383213844	4483910153	4483910153	6
3382728324	3382728324	4484292561	4484292561	6
3380600027	3380600027	4489640211	4489640211	6
3380017136	3380017136	4489304109	4489304109	6
3379993705	3379993705	4489258450	4489258450	6
3379432262	3379432262	4488978252	4488978252	6
3378349721	3378349721	4487839514	4487839514	6
3371914077	3371914077	4493727726	4493727726	6
3372717227	3372717227	4492370328	4492370328	6
3372341345	3372341345	4492852470	4492852470	6
4046099349	4046099349	4592973892	4592973892	6
4023148654	4023148654	4596435397	4596435397	6
3399405414	3399405414	4475720827	4475720827	6
4038447554	4038447554	4586694874	4586694874	6
4039398457	4039398457	4587480448	4587480448	6
4039417212	4039417212	4587492130	4587492130	6
4428703704	4428703704	4951490519	4951490519	6
3399063077	3399063077	4475889632	4475889632	6
3403388178	3403388178	4473958370	4473958370	6
3402509270	3402509270	4474613942	4474613942	6
3368334673	3368334673	4457997527	4457997527	6
3152949565	3152949565	4396140340	4396140340	6
3161938511	3161938511	4444133137	4444133137	6
3157102950	3157102950	4448023913	4448023913	6
3154485719	3154485719	4449461234	4449461234	6
3194557925	3194557925	4451212444	4451212444	6
3194030288	3194030288	4451647350	4451647350	6
3193973666	3193973666	4451754474	4451754474	6
3357193352	3357193352	4452705922	4452705922	6
3422012877	3422012877	4465236694	4465236694	6
3402636011	3402636011	4474567135	4474567135	6
3417302119	3417302119	4467897171	4467897171	6
3415333558	3415333558	4468775377	4468775377	6
3409377262	3409377262	4471462244	4471462244	6
3409215287	3409215287	4471534441	4471534441	6
3403588700	3403588700	4473611106	4473611106	6
4041962847	4041962847	4589736408	4589736408	6
3402820769	3402820769	4474445956	4474445956	6
3402717606	3402717606	4474520844	4474520844	6
4041340261	4041340261	4588997986	4588997986	6
5059546026	5059546026	4581436273	4581436273	6
4041979353	4041979353	4589750354	4589750354	6
4364717736	4364717736	4922813086	4922813086	6
4347018367	4347018367	4932328627	4932328627	6
4347955921	4347955921	4932275090	4932275090	6
4348276126	4348276126	4931831519	4931831519	6
4350387875	4350387875	4930221099	4930221099	6
4351216126	4351216126	4929824003	4929824003	6
4351955509	4351955509	4929576164	4929576164	6
4361263402	4361263402	4917725269	4917725269	6
4363358003	4363358003	4921001889	4921001889	6
4364733384	4364733384	4922820211	4922820211	6
4042397567	4042397567	4589984541	4589984541	6
4364801419	4364801419	4922903843	4922903843	6
4364990941	4364990941	4923127773	4923127773	6
4365064056	4365064056	4934457664	4934457664	6
4368383949	4368383949	4925395208	4925395208	6
4368414993	4368414993	4925404942	4925404942	6
4369914766	4369914766	4926124019	4926124019	6
4359013077	4359013077	4927496872	4927496872	6
4358856995	4358856995	4927530201	4927530201	6
4346201391	4346201391	4549990687	4549990687	6
4340440628	4340440628	4909969087	4909969087	6
4336408941	4336408941	4914861461	4914861461	6
4335984174	4335984174	4915093534	4915093534	6
4042917917	4042917917	4590307791	4590307791	6
4047665789	4047665789	4594695380	4594695380	6
4017482299	4017482299	4581298952	4581298952	6
4034579650	4034579650	4575477659	4575477659	6
4016294356	4016294356	4582227130	4582227130	6
4035512092	4035512092	4582593910	4582593910	6
4035568623	4035568623	4582631763	4582631763	6
4035722562	4035722562	4582764549	4582764549	6
4036469057	4036469057	4583084716	4583084716	6
4036700457	4036700457	4583347714	4583347714	6
4021434497	4021434497	4583904264	4583904264	6
4021105275	4021105275	4584386020	4584386020	6
4021749736	4021749736	4576741870	4576741870	6
4341875890	4341875890	4911635577	4911635577	6
4340815647	4340815647	4910241601	4910241601	6
4340690076	4340690076	4910108669	4910108669	6
4335887100	4335887100	4915184076	4915184076	6
3202021056	3202021056	4419635533	4419635533	6
4357878907	4357878907	4927858130	4927858130	6
4434006990	4434006990	4610245753	4610245753	6
3695775990	3695775990	1881161450	1881161450	6
3827382372	3827382372	1720361281	1720361281	6
3826598472	3826598472	1719678045	1719678045	6
3826378140	3826378140	1719316604	1719316604	6
3825770207	3825770207	1718512981	1718512981	6
3820994765	3820994765	1714864795	1714864795	6
3801066675	3801066675	1703104681	1703104681	6
3795625668	3795625668	1696344386	1696344386	6
457939548	457939548	910372706	910372706	6
3695099600	3695099600	1881872105	1881872105	6
4407570523	4407570523	4601685301	4601685301	6
3699256655	3699256655	1887314639	1887314639	6
3699584312	3699584312	3593959052	3593959052	6
3702900167	3702900167	1822324992	1822324992	6
3707485041	3707485041	1820244056	1820244056	6
3707702376	3707702376	1820450084	1820450084	6
3723032063	3723032063	1842365992	1842365992	6
3724099722	3724099722	1841147010	1841147010	6
4423754990	4423754990	4607720619	4607720619	6
4410703574	4410703574	4603332458	4603332458	6
4357223657	4357223657	4928159305	4928159305	6
4407395966	4407395966	4601575240	4601575240	6
3336004576	3336004576	4440927978	4440927978	6
4406346144	4406346144	4601211220	4601211220	6
766290394	766290394	4900499100	4900499100	6
764220032	764220032	4899824783	4899824783	6
767101382	767101382	4395612899	4395612899	6
3338919397	3338919397	4425270143	4425270143	6
808197303	808197303	4887263144	4887263144	6
809857132	809857132	4886444423	4886444423	6
3335059028	3335059028	4441393633	4441393633	6
766407976	766407976	4900537834	4900537834	6
3337087599	3337087599	4392738754	4392738754	6
3327760574	3327760574	4425611362	4425611362	6
3316844431	3316844431	5168118811	5168118811	6
3316738046	3316738046	4390282139	4390282139	6
3316487143	3316487143	4389912198	4389912198	6
3214403446	3214403446	4374696660	4374696660	6
3214029514	3214029514	4375065295	4375065295	6
3332060400	3332060400	4439095520	4439095520	6
2532850846	2532850846	4124574629	4124574629	5
2501462654	2501462654	2252593522	2252593522	5
2503549123	2503549123	2204254007	2204254007	5
2561327627	2561327627	2007370438	2007370438	5
2538938747	2538938747	1991032265	1991032265	5
2541835984	2541835984	1993735297	1993735297	5
2492103370	2492103370	1932260886	1932260886	5
2562315971	2562315971	2007960878	2007960878	5
2493507345	2493507345	1931105033	1931105033	5
3666410009	3666410009	1853606166	1853606166	5
2484983094	2484983094	2243602376	2243602376	5
2482919528	2482919528	2244820337	2244820337	5
2470245486	2470245486	2223674913	2223674913	5
3658593661	3658593661	1861879618	1861879618	5
3657167962	3657167962	2233785064	2233785064	5
3656268821	3656268821	2234402931	2234402931	5
3654924305	3654924305	2736986163	2736986163	5
2580411629	2580411629	2022245746	2022245746	5
3646744777	3646744777	2255233264	2255233264	5
3639725929	3639725929	2249479334	2249479334	5
2580062509	2580062509	2022132302	2022132302	5
3745520384	3745520384	1674153947	1674153947	5
2581596401	2581596401	2023545707	2023545707	5
2585802278	2585802278	2029329123	2029329123	5
387530495	387530495	1325738691	1325738691	5
336994892	336994892	1333681907	1333681907	5
413290044	413290044	1344708594	1344708594	5
421099679	421099679	1345713593	1345713593	5
422402230	422402230	1352207254	1352207254	5
433494982	433494982	1364578533	1364578533	5
433689230	433689230	1364847752	1364847752	5
4425698147	4425698147	4611415098	4611415098	5
3754019511	3754019511	1684209546	1684209546	5
4417896323	4417896323	4598980316	4598980316	5
4416273260	4416273260	4599843926	4599843926	5
3743014723	3743014723	1671810286	1671810286	5
2729408784	2729408784	2153513479	2153513479	5
2728668181	2728668181	4584341083	4584341083	5
2733762047	2733762047	2157368226	2157368226	5
2644301997	2644301997	2082226896	2082226896	5
2635965253	2635965253	2075735332	2075735332	5
2610005858	2610005858	2052114871	2052114871	5
2592540968	2592540968	2035286762	2035286762	5
413964099	413964099	1339884941	1339884941	5
