start1	end1	start2	end2	col
2280711848	2280711848	2187035073	2187035073	28
2183073373	2183073373	2100292438	2100292438	28
4722109583	4722109583	4722293536	4722293536	28
4560393802	4560393802	4509594323	4509594323	28
4559469129	4559469129	4510294977	4510294977	28
485956073	485956073	388990847	388990847	28
4317106615	4317106615	4305904368	4305904368	28
4547956600	4547956600	4521419833	4521419833	28
4547399607	4547399607	4521823440	4521823440	28
3106244908	3106244908	3010313857	3010313857	28
813018204	813018204	840744430	840744430	28
2289453256	2289453256	2278775861	2278775861	28
2282355224	2282355224	2196025835	2196025835	28
3079453580	3079453580	3024883315	3024883315	28
2319375093	2319375093	2217356043	2217356043	28
2309803082	2309803082	2207992656	2207992656	28
2246505218	2246505218	2155629342	2155629342	28
2282535863	2282535863	2195836187	2195836187	28
2178892386	2178892386	2096714716	2096714716	28
1770901545	1770901545	1766003157	1766003157	27
2692566947	2692566947	2594194480	2594194480	27
1989835091	1989835091	1980305253	1980305253	27
1989772531	1989772531	1980356611	1980356611	27
1989007901	1989007901	1980916092	1980916092	27
1991226992	1991226992	1979182106	1979182106	27
1783603443	1783603443	1775834165	1775834165	27
1779967615	1779967615	1768242091	1768242091	27
172002154	172002154	161764177	161764177	27
1927530775	1927530775	1894421939	1894421939	27
1763404340	1763404340	1760061933	1760061933	27
1772126116	1772126116	1766995905	1766995905	27
1772841810	1772841810	1773854336	1773854336	27
4864876111	4864876111	4943394189	4943394189	27
4892967485	4892967485	4858916913	4858916913	27
1356449462	1356449462	1160114455	1160114455	27
4932002833	4932002833	4888757542	4888757542	27
1251923825	1251923825	1285028987	1285028987	27
1735278718	1735278718	1735043585	1735043585	27
4556475160	4556475160	4513514954	4513514954	26
3049253566	3049253566	2974505381	2974505381	26
4548481776	4548481776	4520986204	4520986204	26
342201132	342201132	314688972	314688972	26
3135020125	3135020125	3072546891	3072546891	26
3523996927	3523996927	3556400477	3556400477	26
4782911593	4782911593	4775911534	4775911534	26
3204028541	3204028541	3045213099	3045213099	26
2796419925	2796419925	2691058528	2691058528	26
2794506586	2794506586	2690708928	2690708928	26
4578438185	4578438185	4550520265	4550520265	26
3205464703	3205464703	3044213652	3044213652	26
3327477756	3327477756	3239416103	3239416103	25
931697281	931697281	1016160251	1016160251	25
1487345469	1487345469	1358596820	1358596820	25
1118529596	1118529596	888180007	888180007	25
1143970071	1143970071	866424315	866424315	25
1595884377	1595884377	1522198062	1522198062	25
1581377798	1581377798	1532924419	1532924419	25
5101786806	5101786806	5071282248	5071282248	25
3323147288	3323147288	3235159614	3235159614	25
5099484820	5099484820	5073303645	5073303645	25
70459455	70459455	77996506	77996506	25
824940857	824940857	790017873	790017873	25
247646814	247646814	242763075	242763075	25
1603817893	1603817893	1516668301	1516668301	25
1579569371	1579569371	1534178750	1534178750	25
1580315702	1580315702	1533295516	1533295516	25
1485131206	1485131206	1360808752	1360808752	25
952533416	952533416	1033522981	1033522981	25
1438464104	1438464104	1422257037	1422257037	25
931515705	931515705	1016069351	1016069351	25
1579499382	1579499382	1534338520	1534338520	25
266329967	266329967	1501545582	1501545582	25
1070091665	1070091665	1080781296	1080781296	25
959556946	959556946	1039240808	1039240808	25
1088942363	1088942363	917004644	917004644	25
1482512627	1482512627	1362367074	1362367074	25
1532015752	1532015752	1470499277	1470499277	25
1007214705	1007214705	1080173196	1080173196	25
1435101716	1435101716	1426714385	1426714385	25
1483654880	1483654880	1361400452	1361400452	25
1434741077	1434741077	1427183019	1427183019	25
774944606	774944606	668554379	668554379	24
874285892	874285892	835575777	835575777	24
770192713	770192713	664831578	664831578	24
857992140	857992140	820538626	820538626	24
873956007	873956007	835250090	835250090	24
2424242294	2424242294	2397210762	2397210762	23
3779650894	3779650894	3751078904	3751078904	23
3672764784	3672764784	3454881295	3454881295	23
3780539609	3780539609	3750401230	3750401230	23
3670178390	3670178390	3452743739	3452743739	23
4294765778	4294765778	4279632420	4279632420	23
3780599810	3780599810	3750342693	3750342693	23
819024315	819024315	784875672	784875672	23
3779356634	3779356634	3751166397	3751166397	23
4349293281	4349293281	4228408526	4228408526	23
1182169781	1182169781	1232677209	1232677209	23
2702453021	2702453021	2621288513	2621288513	23
4265837686	4265837686	4324741914	4324741914	23
3801844934	3801844934	3731135577	3731135577	23
4338398711	4338398711	4240403561	4240403561	23
3637850069	3637850069	2439175061	2439175061	23
2353279654	2353279654	2329809681	2329809681	23
2664404745	2664404745	2618849578	2618849578	23
1757690725	1757690725	1756183710	1756183710	22
1741992958	1741992958	1743798836	1743798836	22
1742087974	1742087974	1743836860	1743836860	22
1748540770	1748540770	1748997449	1748997449	22
68065416	68065416	36410617	36410617	22
4238067291	4238067291	4056006931	4056006931	22
4224020789	4224020789	4079952586	4079952586	22
4237509614	4237509614	4055205078	4055205078	22
1704331834	1704331834	1710594716	1710594716	22
1629260096	1629260096	1648207544	1648207544	22
113628628	113628628	217163478	217163478	22
1640703599	1640703599	1639595582	1639595582	22
4172869407	4172869407	4122301878	4122301878	22
1728792486	1728792486	1730741315	1730741315	22
1733456378	1733456378	1733469089	1733469089	22
1692456559	1692456559	1699907919	1699907919	22
132722121	132722121	198330217	198330217	22
127245528	127245528	202745355	202745355	22
129793198	129793198	200680212	200680212	22
4116756640	4116756640	4166213353	4166213353	22
1652497924	1652497924	1679261280	1679261280	22
1659955839	1659955839	1672174526	1672174526	22
1653811460	1653811460	1678052720	1678052720	22
550977793	550977793	449617653	449617653	21
619597177	619597177	541784476	541784476	21
3969024962	3969024962	1110969716	1110969716	21
612022841	612022841	534774258	534774258	21
1519627683	1519627683	530366921	530366921	21
1217264972	1217264972	1257411527	1257411527	21
1182084572	1182084572	1232631627	1232631627	21
1207648186	1207648186	1247691859	1247691859	21
552467069	552467069	450703897	450703897	21
1182049586	1182049586	1232599742	1232599742	21
386207527	386207527	566683076	566683076	21
1178381735	1178381735	1229425564	1229425564	21
1404842204	1404842204	1114865965	1114865965	21
537673209	537673209	436640437	436640437	21
537628885	537628885	436596673	436596673	21
1178204238	1178204238	1229194655	1229194655	21
1275695619	1275695619	1307754285	1307754285	21
551148851	551148851	449713490	449713490	21
5088167141	5088167141	5082756034	5082756034	20
550213803	550213803	448904595	448904595	20
481679160	481679160	385089010	385089010	20
481277178	481277178	384739149	384739149	20
476496638	476496638	380233859	380233859	20
478233823	478233823	381784633	381784633	20
248079397	248079397	242526037	242526037	20
4221502197	4221502197	4078478032	4078478032	20
4717541292	4717541292	4718268507	4718268507	20
4743512995	4743512995	4742023610	4742023610	20
4741694185	4741694185	4740319837	4740319837	20
5177996933	5177996933	4993275092	4993275092	20
4717519778	4717519778	4718237698	4718237698	20
545482919	545482919	444083797	444083797	20
1332424751	1332424751	1182194560	1182194560	20
549193690	549193690	447757229	447757229	20
550162643	550162643	448831901	448831901	20
1335319661	1335319661	1179482977	1179482977	20
547692725	547692725	446219292	446219292	20
1319068720	1319068720	1194074620	1194074620	20
1315893896	1315893896	1197094154	1197094154	20
1275547363	1275547363	1307514444	1307514444	20
1209703901	1209703901	1249214499	1249214499	20
626172211	626172211	550364273	550364273	20
483126615	483126615	386791997	386791997	20
1366591163	1366591163	1151021654	1151021654	20
1312516838	1312516838	1200286702	1200286702	20
1377183692	1377183692	1141060437	1141060437	20
600874409	600874409	523818637	523818637	20
464693875	464693875	369811421	369811421	20
1323120156	1323120156	1190681440	1190681440	20
1334090028	1334090028	1180574971	1180574971	20
1318751370	1318751370	1194414303	1194414303	20
1318829257	1318829257	1194312517	1194312517	20
1372933849	1372933849	1144905391	1144905391	20
5147074795	5147074795	4998360104	4998360104	19
5088068865	5088068865	5082923362	5082923362	19
4719550836	4719550836	4720039133	4720039133	19
5062607471	5062607471	5104097579	5104097579	19
5096323631	5096323631	5075866297	5075866297	19
4727546111	4727546111	4727278082	4727278082	19
4715763160	4715763160	4716512490	4716512490	19
4654567812	4654567812	4661895813	4661895813	19
4726281385	4726281385	4726061774	4726061774	19
1379540511	1379540511	1138135348	1138135348	19
4655577308	4655577308	4630509590	4630509590	19
4658843563	4658843563	4627743241	4627743241	19
3386581196	3386581196	3290129687	3290129687	19
4648876666	4648876666	4656788752	4656788752	19
4646809145	4646809145	4654952095	4654952095	19
4729165416	4729165416	4728460904	4728460904	19
4648775625	4648775625	4656691442	4656691442	19
4649847861	4649847861	4657472483	4657472483	19
5087849494	5087849494	5083001616	5083001616	19
4631167491	4631167491	4641545254	4641545254	19
4702574115	4702574115	4704711641	4704711641	19
4729787004	4729787004	4729010549	4729010549	19
4803520576	4803520576	4795269661	4795269661	19
5087224412	5087224412	5083543649	5083543649	19
4783987224	4783987224	4775283202	4775283202	19
419829166	419829166	549386558	549386558	19
4728718595	4728718595	4728055110	4728055110	19
4731055431	4731055431	4730048409	4730048409	19
4730714010	4730714010	4729738804	4729738804	19
4734715223	4734715223	4733565416	4733565416	19
2915529848	2915529848	2869872449	2869872449	18
3131150733	3131150733	3037117975	3037117975	18
4600241166	4600241166	4528325392	4528325392	18
306178691	306178691	292808930	292808930	18
4508004125	4508004125	4459045517	4459045517	18
285076825	285076825	299503802	299503802	18
3393954225	3393954225	3283007151	3283007151	18
3138957552	3138957552	3076479465	3076479465	18
3141249830	3141249830	3078469817	3078469817	18
4273850332	4273850332	4256259670	4256259670	18
5013713507	5013713507	5130978467	5130978467	18
4354395339	4354395339	4223705244	4223705244	18
4618424025	4618424025	4561463066	4561463066	18
497240009	497240009	399739443	399739443	18
4416487525	4416487525	4584074979	4584074979	18
4593343684	4593343684	4534655721	4534655721	18
283598112	283598112	263271316	263271316	18
4586147620	4586147620	4541374903	4541374903	18
247598446	247598446	242854446	242854446	18
4549490200	4549490200	4520129015	4520129015	18
4549546826	4549546826	4520079844	4520079844	18
4551627206	4551627206	4518063375	4518063375	18
504801656	504801656	405708800	405708800	18
4589669106	4589669106	4537983468	4537983468	18
4590439130	4590439130	4537503822	4537503822	18
301855202	301855202	296158680	296158680	18
322590387	322590387	249387813	249387813	18
326937713	326937713	260058201	260058201	18
491257601	491257601	393932116	393932116	18
1385578194	1385578194	1132555829	1132555829	17
4886078280	4886078280	4921717772	4921717772	17
4918159474	4918159474	4867488293	4867488293	17
1299868603	1299868603	1212067707	1212067707	17
4852441845	4852441845	4952445883	4952445883	17
4873910644	4873910644	4932719299	4932719299	17
1279659603	1279659603	1311352799	1311352799	17
4847266644	4847266644	4959344499	4959344499	17
4864196348	4864196348	4942743274	4942743274	17
4909907555	4909907555	4874735902	4874735902	17
4862040764	4862040764	4943658873	4943658873	17
4841917450	4841917450	4962029340	4962029340	17
4894866551	4894866551	4863195217	4863195217	17
1254588088	1254588088	1288047834	1288047834	17
1249358657	1249358657	1282790504	1282790504	17
1353245253	1353245253	349982066	349982066	17
4931941029	4931941029	4888690327	4888690327	17
1253493042	1253493042	1286590908	1286590908	17
1278412159	1278412159	1310307490	1310307490	17
4929709997	4929709997	4886638319	4886638319	17
4845843666	4845843666	4958222581	4958222581	17
104591267	104591267	226513947	226513947	17
3546512100	3546512100	3520656350	3520656350	17
1254791151	1254791151	1273169819	1273169819	17
1229792373	1229792373	1265494962	1265494962	17
1283959399	1283959399	1316321009	1316321009	17
4862154277	4862154277	4943622341	4943622341	17
4862533260	4862533260	4940928811	4940928811	17
1254030556	1254030556	1287493461	1287493461	17
1941984798	1941984798	1907134056	1907134056	17
1934009614	1934009614	1899808383	1899808383	17
1861548260	1861548260	1831557211	1831557211	17
1861455577	1861455577	1831433918	1831433918	17
1877080562	1877080562	1846253939	1846253939	17
1877210258	1877210258	1846392166	1846392166	17
1944400828	1944400828	1909450331	1909450331	17
1873304601	1873304601	1842535124	1842535124	17
2708993169	2708993169	2659303541	2659303541	17
1843762279	1843762279	1814056724	1814056724	17
1941135455	1941135455	1906447296	1906447296	17
1941684873	1941684873	1906885781	1906885781	17
1941745858	1941745858	1907009091	1907009091	17
1861650165	1861650165	1831665993	1831665993	17
2693054643	2693054643	2593831790	2593831790	17
2348565566	2348565566	2253725690	2253725690	17
1932535260	1932535260	1898806603	1898806603	17
1930573616	1930573616	1897071668	1897071668	17
1848476871	1848476871	1819254866	1819254866	17
1848078626	1848078626	1819031678	1819031678	17
1933918813	1933918813	1899718052	1899718052	17
1978615571	1978615571	1918277951	1918277951	17
2706467354	2706467354	2666651128	2666651128	17
1928501736	1928501736	1895236376	1895236376	17
2018729737	2018729737	1956959145	1956959145	17
1034398380	1034398380	958725939	958725939	17
1273922863	1273922863	1305690236	1305690236	16
566183442	566183442	467853672	467853672	16
1335653473	1335653473	1179260603	1179260603	16
1268325381	1268325381	1300363639	1300363639	16
453477281	453477281	359752017	359752017	16
1376313816	1376313816	1140198267	1140198267	16
1273885094	1273885094	1305649916	1305649916	16
518090778	518090778	418552824	418552824	16
453308691	453308691	359612207	359612207	16
1376932730	1376932730	1140918811	1140918811	16
302610665	302610665	290063509	290063509	16
517532696	517532696	418084199	418084199	16
516665936	516665936	417431504	417431504	16
1328782917	1328782917	1185390236	1185390236	16
442143392	442143392	350312455	350312455	16
442069044	442069044	350257869	350257869	16
1260590380	1260590380	1293187747	1293187747	16
1328021223	1328021223	1186104379	1186104379	16
1328008453	1328008453	1186184920	1186184920	16
1327564334	1327564334	1186470703	1186470703	16
534482176	534482176	433572094	433572094	16
534173975	534173975	433292937	433292937	16
1382827092	1382827092	1134957436	1134957436	16
1325367019	1325367019	1188460115	1188460115	16
1265211893	1265211893	1297483336	1297483336	16
1325138228	1325138228	1188624541	1188624541	16
518285087	518285087	418683286	418683286	16
528875329	528875329	428299722	428299722	16
1325138228	1325138228	1188581735	1188581735	16
1115864441	1115864441	890595102	890595102	16
566405794	566405794	468126284	468126284	16
2927819938	2927819938	2881303646	2881303646	16
1043597010	1043597010	1102940423	1102940423	16
3046218326	3046218326	2971687005	2971687005	16
3023673670	3023673670	2945869751	2945869751	16
2853452773	2853452773	2760925194	2760925194	16
2986084048	2986084048	2816168088	2816168088	16
3091649393	3091649393	3022618344	3022618344	16
3091697490	3091697490	3022568297	3022568297	16
3014832257	3014832257	2957066315	2957066315	16
2000755264	2000755264	1971641797	1971641797	16
2847884019	2847884019	2755457930	2755457930	16
3086910179	3086910179	3031553870	3031553870	16
3075580109	3075580109	3036397793	3036397793	16
3129076314	3129076314	2992278218	2992278218	16
2884764863	2884764863	2797246358	2797246358	16
387362865	387362865	567576733	567576733	16
2808193043	2808193043	2702060661	2702060661	16
2917445087	2917445087	2871593479	2871593479	16
2895434460	2895434460	2851263949	2851263949	16
2947616950	2947616950	2896231111	2896231111	16
2947717234	2947717234	2896289214	2896289214	16
2858338027	2858338027	2765260055	2765260055	16
2831763278	2831763278	2741052247	2741052247	16
2832632758	2832632758	2741818507	2741818507	16
3358217084	3358217084	3263413669	3263413669	15
3330774197	3330774197	3242787442	3242787442	15
3358182359	3358182359	3263451222	3263451222	15
3300681132	3300681132	3215741333	3215741333	15
3280464613	3280464613	3210529395	3210529395	15
4064318586	4064318586	4045946405	4045946405	15
4186258939	4186258939	4110558472	4110558472	15
4070809240	4070809240	4037364954	4037364954	15
3279063311	3279063311	3212143750	3212143750	15
4163212917	4163212917	4130743873	4130743873	15
4167163501	4167163501	4127407782	4127407782	15
3298585721	3298585721	3213906574	3213906574	15
4165209286	4165209286	4129014036	4129014036	15
4165233177	4165233177	4128972288	4128972288	15
3299998577	3299998577	3215176835	3215176835	15
571680739	571680739	484958064	484958064	15
3298912608	3298912608	3214180379	3214180379	15
3409248757	3409248757	3313532696	3313532696	15
3363719171	3363719171	3258145201	3258145201	15
4384588284	4384588284	4343332794	4343332794	15
4393790840	4393790840	4336888222	4336888222	15
3363494505	3363494505	3258334687	3258334687	15
820671896	820671896	786286691	786286691	15
3298554725	3298554725	3213879842	3213879842	15
3356859026	3356859026	3264626930	3264626930	15
4626936776	4626936776	4115339511	4115339511	15
3371195376	3371195376	3304161588	3304161588	15
4158829173	4158829173	4134718954	4134718954	15
4160514460	4160514460	4133111569	4133111569	15
4162121553	4162121553	4131697124	4131697124	15
3299281802	3299281802	3214564685	3214564685	15
3302592463	3302592463	3217379870	3217379870	15
3298644040	3298644040	3213971809	3213971809	15
4070893080	4070893080	4037408999	4037408999	15
3310812909	3310812909	3224453073	3224453073	15
4181696303	4181696303	4114658708	4114658708	15
3390254900	3390254900	3286565301	3286565301	15
4173146791	4173146791	4122034600	4122034600	15
3383523586	3383523586	3293010696	3293010696	15
143870427	143870427	186807169	186807169	15
4132565119	4132565119	4155141221	4155141221	15
164766934	164766934	167693340	167693340	15
3355967537	3355967537	3265299288	3265299288	15
3383258746	3383258746	3293192389	3293192389	15
147024763	147024763	184106588	184106588	15
3386350973	3386350973	3290256153	3290256153	15
144926426	144926426	185963704	185963704	15
1122201427	1122201427	885737727	885737727	14
2562490529	2562490529	2492488751	2492488751	14
101326497	101326497	229862188	229862188	14
2400980764	2400980764	2375445731	2375445731	14
13340803	13340803	621316	621316	14
2631674019	2631674019	2566297746	2566297746	14
3567000131	3567000131	3500872514	3500872514	14
141194907	141194907	188989114	188989114	14
74183832	74183832	81366281	81366281	14
1952744755	1952744755	1941666720	1941666720	14
1952971187	1952971187	1941486447	1941486447	14
1886545049	1886545049	1855712178	1855712178	14
977680631	977680631	1054283674	1054283674	14
2152020026	2152020026	2071379295	2071379295	14
2685231713	2685231713	2601040734	2601040734	14
2684903458	2684903458	2600752654	2600752654	14
2650729815	2650729815	2581411741	2581411741	14
2439723247	2439723247	2423327206	2423327206	14
2676481237	2676481237	2608142794	2608142794	14
2593983978	2593983978	2536770962	2536770962	14
2671086728	2671086728	2612405630	2612405630	14
1878548540	1878548540	1848002479	1848002479	14
2657381674	2657381674	2586710502	2586710502	14
2680284700	2680284700	2605070808	2605070808	14
1623306343	1623306343	1637060503	1637060503	14
2740057493	2740057493	2635208656	2635208656	14
4198358457	4198358457	4099646038	4099646038	14
2601727525	2601727525	2542889521	2542889521	14
2602573617	2602573617	2543618246	2543618246	14
2679922737	2679922737	2605421673	2605421673	14
2741078092	2741078092	2631622256	2631622256	14
2566653280	2566653280	2506487076	2506487076	14
2680137444	2680137444	2605251977	2605251977	14
2679100302	2679100302	2606127110	2606127110	14
1879797912	1879797912	1849274458	1849274458	14
2678192360	2678192360	2606803501	2606803501	14
2566903486	2566903486	2506296198	2506296198	14
2657288937	2657288937	2586625568	2586625568	14
4356975798	4356975798	4220583039	4220583039	13
3655746385	3655746385	3440553902	3440553902	13
4627790515	4627790515	4557461279	4557461279	13
3472103411	3472103411	3598378943	3598378943	13
4292645107	4292645107	4277128268	4277128268	13
1480751731	1480751731	2391978981	2391978981	13
4329913561	4329913561	4248562149	4248562149	13
4351186322	4351186322	4226799885	4226799885	13
4333558439	4333558439	4244972694	4244972694	13
3724621701	3724621701	3804129412	3804129412	13
3901716656	3901716656	3638313147	3638313147	13
1138173840	1138173840	2426449854	2426449854	13
3657383926	3657383926	3441773609	3441773609	13
2513043238	2513043238	2473244326	2473244326	13
3621584035	3621584035	3412808946	3412808946	13
2456446413	2456446413	2424291568	2424291568	13
3599418290	3599418290	3392882651	3392882651	13
3600133858	3600133858	3393515774	3393515774	13
3699445130	3699445130	3458851911	3458851911	13
3595381542	3595381542	3390180805	3390180805	13
3597018641	3597018641	3391542472	3391542472	13
3630963196	3630963196	3420531951	3420531951	13
3660992152	3660992152	3444855530	3444855530	13
3622558743	3622558743	3413720096	3413720096	13
3712933333	3712933333	3814048157	3814048157	13
3711653504	3711653504	3813417610	3813417610	13
3788406729	3788406729	3743281180	3743281180	13
4268571002	4268571002	4186377789	4186377789	13
2747609216	2747609216	2660318945	2660318945	13
5127414809	5127414809	5049770880	5049770880	13
983920169	983920169	1059746526	1059746526	13
1873250650	1873250650	1842487898	1842487898	13
2227486903	2227486903	2138599035	2138599035	13
2255734331	2255734331	2187343856	2187343856	13
97772439	97772439	104198119	104198119	13
1764272136	1764272136	1760705588	1760705588	12
4216463104	4216463104	4082688795	4082688795	12
2438613828	2438613828	2409456423	2409456423	12
2438549431	2438549431	2409416076	2409416076	12
2397564623	2397564623	2372737204	2372737204	12
2397518236	2397518236	2372692427	2372692427	12
3544910698	3544910698	3576310626	3576310626	12
3881314212	3881314212	3678241079	3678241079	12
4102472315	4102472315	4063961550	4063961550	12
22330967	22330967	34309394	34309394	12
1725425478	1725425478	1728121808	1728121808	12
4216699081	4216699081	4082453728	4082453728	12
2396074852	2396074852	2371456230	2371456230	12
62278813	62278813	41733625	41733625	12
1651369306	1651369306	1680269967	1680269967	12
1651297118	1651297118	1680386452	1680386452	12
1643866121	1643866121	1687610375	1687610375	12
1710367860	1710367860	1714921955	1714921955	12
2415947995	2415947995	2389415325	2389415325	12
2385373853	2385373853	2361441313	2361441313	12
2393867603	2393867603	2369247635	2369247635	12
1400123667	1400123667	1120233732	1120233732	12
4291279052	4291279052	4275380785	4275380785	12
4289275073	4289275073	4272843229	4272843229	12
2391961090	2391961090	2367426762	2367426762	12
1346754716	1346754716	1169316182	1169316182	12
1345503669	1345503669	1170310441	1170310441	12
4878186495	4878186495	4928850876	4928850876	12
4883008612	4883008612	4924379388	4924379388	12
4958289752	4958289752	4911483545	4911483545	12
3925873287	3925873287	3611289503	3611289503	12
1401858042	1401858042	1118667074	1118667074	12
1412249427	1412249427	1107189020	1107189020	12
2840970013	2840970013	2749204036	2749204036	12
4894275221	4894275221	4863842570	4863842570	12
4886141984	4886141984	4921621157	4921621157	12
1725067027	1725067027	1727822238	1727822238	12
4951884577	4951884577	4906876796	4906876796	12
1955343874	1955343874	1939542236	1939542236	10
3199228217	3199228217	3140221379	3140221379	10
3362597460	3362597460	3047329194	3047329194	10
2120099596	2120099596	2022051435	2022051435	10
4153776554	4153776554	4139189854	4139189854	10
1979548980	1979548980	1917472238	1917472238	10
1982166865	1982166865	1915016750	1915016750	10
1925026997	1925026997	1892199955	1892199955	10
1955630290	1955630290	1939184998	1939184998	10
1904454738	1904454738	1872656601	1872656601	10
1924849996	1924849996	1892051964	1892051964	10
2714771082	2714771082	2654276054	2654276054	10
2727213391	2727213391	2643450976	2643450976	10
2267707288	2267707288	2175642053	2175642053	10
2250909683	2250909683	2159863005	2159863005	10
2229635256	2229635256	2140638757	2140638757	10
2239780010	2239780010	2149743039	2149743039	10
3164786970	3164786970	3111188543	3111188543	10
1977252137	1977252137	1919584626	1919584626	10
3178828294	3178828294	3129084436	3129084436	10
3176432887	3176432887	3129269773	3129269773	10
2257805445	2257805445	2166545293	2166545293	10
2228753196	2228753196	2139552477	2139552477	10
3235032196	3235032196	3142431629	3142431629	10
2327822285	2327822285	2258474617	2258474617	10
3154229319	3154229319	3102189671	3102189671	10
3152243324	3152243324	3100444873	3100444873	10
2359834994	2359834994	2336478590	2336478590	10
2229865335	2229865335	2140750568	2140750568	10
2256242514	2256242514	2165253309	2165253309	10
3193901789	3193901789	3135677524	3135677524	10
2262655263	2262655263	2170811402	2170811402	10
1992294671	1992294671	1978212953	1978212953	10
3160139936	3160139936	3107302726	3107302726	10
2720908131	2720908131	2649124804	2649124804	10
4297667108	4297667108	4283309920	4283309920	10
4919616178	4919616178	4866117413	4866117413	10
3573617644	3573617644	3369743612	3369743612	10
1923862915	1923862915	1891458365	1891458365	10
3612188035	3612188035	3404442375	3404442375	10
2363111336	2363111336	2339799231	2339799231	10
2363403786	2363403786	2340084445	2340084445	10
2363494155	2363494155	2340170880	2340170880	10
3856969306	3856969306	3666505249	3666505249	10
2368716282	2368716282	2346364085	2346364085	10
4307335368	4307335368	4295352445	4295352445	10
4263381834	4263381834	4321175520	4321175520	10
1970876724	1970876724	1925572127	1925572127	10
2008200714	2008200714	1965417538	1965417538	10
2700112853	2700112853	2623375977	2623375977	10
3893282387	3893282387	3688004566	3688004566	10
1964650036	1964650036	1931020931	1931020931	10
3718411510	3718411510	3817427922	3817427922	10
41434302	41434302	61123736	61123736	9
81936565	81936565	88566907	88566907	9
195194748	195194748	143233795	143233795	9
2327327439	2327327439	2239908933	2239908933	9
180849816	180849816	154626941	154626941	9
37481755	37481755	65027842	65027842	9
51981309	51981309	51233441	51233441	9
44032655	44032655	58409676	58409676	9
50199475	50199475	52705609	52705609	9
50543445	50543445	52364091	52364091	9
237274188	237274188	119477797	119477797	9
2148521135	2148521135	2068170610	2068170610	9
56983174	56983174	46300190	46300190	9
95169907	95169907	101822738	101822738	9
813760708	813760708	779981205	779981205	9
27009322	27009322	75204717	75204717	9
2163406552	2163406552	2082198524	2082198524	9
2350769140	2350769140	2252057907	2252057907	9
58662094	58662094	44852060	44852060	9
58585008	58585008	44964857	44964857	9
2585841194	2585841194	2530784184	2530784184	9
75648199	75648199	82515373	82515373	9
974325753	974325753	1051592567	1051592567	9
974194698	974194698	1051592567	1051592567	9
51704168	51704168	51502843	51502843	9
90512445	90512445	97305705	97305705	9
90353815	90353815	97134074	97134074	9
89664668	89664668	96473721	96473721	9
2135416146	2135416146	2056052563	2056052563	9
2007640183	2007640183	1965848103	1965848103	9
4594051184	4594051184	778959753	778959753	9
1018539300	1018539300	943847255	943847255	9
4736963716	4736963716	779130625	779130625	9
73545296	73545296	80847644	80847644	9
2577001961	2577001961	2521626628	2521626628	9
1851349483	1851349483	1820481661	1820481661	9
1988171525	1988171525	2557630104	2557630104	9
83213539	83213539	90000455	90000455	9
2124275594	2124275594	2046076257	2046076257	9
816876114	816876114	782912776	782912776	9
27296783	27296783	74868840	74868840	9
813719815	813719815	779950956	779950956	9
817760723	817760723	783681604	783681604	9
1056673388	1056673388	1092308285	1092308285	8
733241024	733241024	633552918	633552918	8
2774270066	2774270066	2682507742	2682507742	8
3709336174	3709336174	3811610226	3811610226	8
4285308459	4285308459	4268553815	4268553815	8
4285272546	4285272546	4268521224	4268521224	8
961713603	961713603	1041005748	1041005748	8
961800649	961800649	1041085095	1041085095	8
4339080329	4339080329	4239037825	4239037825	8
4518450578	4518450578	4468213361	4468213361	8
4624535336	4624535336	4553309802	4553309802	8
3084046528	3084046528	3029017064	3029017064	8
4500336673	4500336673	4447097392	4447097392	8
4553610869	4553610869	4516506788	4516506788	8
280542646	280542646	261273379	261273379	8
2818155096	2818155096	2713475106	2713475106	8
4341773968	4341773968	4236662273	4236662273	8
4301484709	4301484709	4288048930	4288048930	8
2791785868	2791785868	2719746375	2719746375	8
1555177989	1555177989	2244409684	2244409684	8
1146515139	1146515139	880497177	880497177	8
3572525452	3572525452	3368686388	3368686388	8
3593430011	3593430011	3388417420	3388417420	8
2441331142	2441331142	2422066899	2422066899	8
3872553298	3872553298	3669590641	3669590641	8
3304862740	3304862740	3218976253	3218976253	8
2406948313	2406948313	2381426081	2381426081	8
2547744885	2547744885	2306422250	2306422250	8
2389072205	2389072205	2364782729	2364782729	8
3477802275	3477802275	3587319069	3587319069	8
3477017221	3477017221	3601187230	3601187230	8
1057327179	1057327179	1091822546	1091822546	8
1555706245	1555706245	1553342210	1553342210	8
1043859976	1043859976	1102704162	1102704162	8
914936824	914936824	1003701681	1003701681	8
892863222	892863222	995937523	995937523	8
1049762524	1049762524	1097971481	1097971481	8
1024974940	1024974940	949975641	949975641	8
945951312	945951312	1028073200	1028073200	8
1555565851	1555565851	1553469851	1553469851	8
1124305735	1124305735	1040329023	1040329023	8
4275318427	4275318427	4258454262	4258454262	8
950767216	950767216	1031896205	1031896205	8
4442954290	4442954290	4391166102	4391166102	8
4414989289	4414989289	4585484118	4585484118	8
247560119	247560119	242886295	242886295	8
4357708351	4357708351	4219763539	4219763539	8
3711029097	3711029097	3813124450	3813124450	8
4607416599	4607416599	4522425700	4522425700	8
503268335	503268335	407011145	407011145	8
890433955	890433955	773354885	773354885	8
4512165319	4512165319	4462540935	4462540935	8
4514559474	4514559474	4464718567	4464718567	8
4515517774	4515517774	4465556473	4465556473	8
4515686940	4515686940	4465747477	4465747477	8
963776864	963776864	1042900815	1042900815	8
967987353	967987353	1046542741	1046542741	8
973136087	973136087	1050885638	1050885638	8
973363842	973363842	1051073849	1051073849	8
1125252850	1125252850	882294147	882294147	8
1056749600	1056749600	1092261781	1092261781	8
1023977044	1023977044	949085944	949085944	8
2875421102	2875421102	2782021130	2782021130	8
799950318	799950318	691248696	691248696	8
2873724325	2873724325	2780442449	2780442449	8
3871071749	3871071749	3668228250	3668228250	8
2870585153	2870585153	2777248536	2777248536	8
735276747	735276747	635104641	635104641	8
819715604	819715604	785485010	785485010	8
809904969	809904969	843656203	843656203	8
1543012686	1543012686	768639796	768639796	8
648817574	648817574	731087670	731087670	8
4418631132	4418631132	4582128952	4582128952	8
801084593	801084593	692167069	692167069	8
731207192	731207192	632040032	632040032	8
727182989	727182989	628815743	628815743	8
3765018700	3765018700	3763661988	3763661988	8
2791244977	2791244977	2720188277	2720188277	8
3765458424	3765458424	3763425971	3763425971	8
2784048570	2784048570	2727633626	2727633626	8
730670200	730670200	631669405	631669405	8
4516157904	4516157904	4466173875	4466173875	7
4503214806	4503214806	4450645163	4450645163	7
4503358198	4503358198	4450774069	4450774069	7
4482936798	4482936798	4431243896	4431243896	7
4455829938	4455829938	4404904037	4404904037	7
341850282	341850282	309385681	309385681	7
4508708572	4508708572	4459632878	4459632878	7
505333182	505333182	405228865	405228865	7
4603778502	4603778502	4525291629	4525291629	7
4603700101	4603700101	4525401740	4525401740	7
4424347584	4424347584	4577427930	4577427930	7
307323186	307323186	293592376	293592376	7
332878255	332878255	254501862	254501862	7
4456142596	4456142596	4405141554	4405141554	7
4575195325	4575195325	4495807597	4495807597	7
4574502730	4574502730	4496227377	4496227377	7
4568808143	4568808143	4501577081	4501577081	7
3440006934	3440006934	3344220849	3344220849	7
4581082303	4581082303	4548021031	4548021031	7
3440086028	3440086028	3344290324	3344290324	7
4637746515	4637746515	4647551405	4647551405	7
4457166032	4457166032	4406136003	4406136003	7
354380005	354380005	325829585	325829585	7
2169726104	2169726104	2088117300	2088117300	7
4454486694	4454486694	4403226870	4403226870	7
3873721316	3873721316	3670517974	3670517974	7
303105106	303105106	290507670	290507670	7
3428674369	3428674369	3332934641	3332934641	7
2330170594	2330170594	2244916495	2244916495	7
3410562788	3410562788	3314744908	3314744908	7
5055357878	5055357878	5109925030	5109925030	7
4711601426	4711601426	4712606522	4712606522	7
4711641086	4711641086	4712640424	4712640424	7
4714767749	4714767749	4715680515	4715680515	7
4769686653	4769686653	4787155488	4787155488	7
5034215758	5034215758	5151131114	5151131114	7
4781430864	4781430864	4776900794	4776900794	7
5043778457	5043778457	5159614757	5159614757	7
4772300414	4772300414	4784903092	4784903092	7
4781116846	4781116846	4776988268	4776988268	7
3296359507	3296359507	3198775656	3198775656	7
3410401321	3410401321	3314619491	3314619491	7
3410636623	3410636623	3314826751	3314826751	7
2300604821	2300604821	2230650802	2230650802	7
3411483202	3411483202	3315595651	3315595651	7
3452154136	3452154136	3359364433	3359364433	7
4155012400	4155012400	4138188688	4138188688	7
3414869635	3414869635	3319119899	3319119899	7
1331906	1331906	2348621	2348621	7
1254453233	1254453233	1287986350	1287986350	7
344996288	344996288	316828472	316828472	7
2943655	2943655	970771	970771	7
3423575147	3423575147	3328007998	3328007998	7
515744747	515744747	416492798	416492798	7
515683871	515683871	416445056	416445056	7
2164933218	2164933218	2083548177	2083548177	7
272330017	272330017	265356781	265356781	7
3433151039	3433151039	3337261609	3337261609	7
4567450436	4567450436	4502891404	4502891404	7
308140606	308140606	308155515	308155515	7
675969317	675969317	763492425	763492425	7
2995314296	2995314296	2824338347	2824338347	7
2783441075	2783441075	2728456814	2728456814	7
2770748660	2770748660	2679421843	2679421843	7
308006398	308006398	308279313	308279313	7
4547005684	4547005684	4480661500	4480661500	7
4520094980	4520094980	4469627454	4469627454	7
4421408197	4421408197	4579471801	4579471801	7
291438585	291438585	279408200	279408200	7
487969697	487969697	390790248	390790248	7
879267594	879267594	839497430	839497430	6
702434965	702434965	610375855	610375855	6
634546108	634546108	711104286	711104286	6
701048405	701048405	608683636	608683636	6
828111754	828111754	793055171	793055171	6
3860524968	3860524968	3663109302	3663109302	6
851538876	851538876	814281659	814281659	6
3859043752	3859043752	3664380439	3664380439	6
3860588150	3860588150	3663078727	3663078727	6
743814704	743814704	642367646	642367646	6
639203535	639203535	718725641	718725641	6
664395218	664395218	752997022	752997022	6
2384939955	2384939955	169746378	169746378	6
2367201197	2367201197	2345178551	2345178551	6
663596728	663596728	752568943	752568943	6
3505224747	3505224747	3539425190	3539425190	6
3510529175	3510529175	3544574406	3544574406	6
2467880721	2467880721	2433837273	2433837273	6
1520100124	1520100124	1481346404	1481346404	6
827440637	827440637	792564740	792564740	6
820056621	820056621	785762784	785762784	6
3758032055	3758032055	3770752918	3770752918	6
813140264	813140264	840630124	840630124	6
4267998223	4267998223	4213998838	4213998838	6
3899032329	3899032329	3691808730	3691808730	6
3898284837	3898284837	3691141461	3691141461	6
673075740	673075740	760854014	760854014	6
741692098	741692098	640488897	640488897	6
742527492	742527492	641162331	641162331	6
3777174105	3777174105	3753377008	3753377008	6
808735267	808735267	700418384	700418384	6
1962443787	1962443787	3683836681	3683836681	6
3758099146	3758099146	3770698080	3770698080	6
749035896	749035896	646889777	646889777	6
746942241	746942241	644973574	644973574	6
824191987	824191987	789342477	789342477	6
824106372	824106372	789241405	789241405	6
820347783	820347783	786035297	786035297	6
4783412887	4783412887	4775692215	4775692215	6
3906696035	3906696035	3623419954	3623419954	6
3758115256	3758115256	3770660119	3770660119	6
3509210560	3509210560	3543205506	3543205506	6
3504508845	3504508845	3538803114	3538803114	6
2503202425	2503202425	2438845405	2438845405	6
1561412034	1561412034	1548698947	1548698947	6
1567415371	1567415371	1544133910	1544133910	6
1570411401	1570411401	1541633573	1541633573	6
1532053926	1532053926	1573234794	1573234794	6
1531717304	1531717304	1470775424	1470775424	6
1528279253	1528279253	1474018164	1474018164	6
1527241633	1527241633	1474879014	1474879014	6
1016894573	1016894573	942581786	942581786	6
263945880	263945880	1500852738	1500852738	6
1561033628	1561033628	1548847516	1548847516	6
2466584035	2466584035	2432706595	2432706595	6
1560993392	1560993392	1549049008	1549049008	6
1542865943	1542865943	1564240985	1564240985	6
1542816585	1542816585	1564365760	1564365760	6
1619236141	1619236141	1502646725	1502646725	6
1543250131	1543250131	1563988171	1563988171	6
1565962152	1565962152	1545182772	1545182772	6
4714803383	4714803383	1417786888	1417786888	6
995419181	995419181	1069998283	1069998283	6
1017295115	1017295115	942983630	942983630	6
1568883240	1568883240	1542804770	1542804770	6
1045946669	1045946669	1100939475	1100939475	6
1577573615	1577573615	1535804893	1535804893	6
2467177994	2467177994	2433242354	2433242354	6
2358597932	2358597932	2335244970	2335244970	6
3591319111	3591319111	3386729965	3386729965	6
3504872690	3504872690	3539091411	3539091411	6
3592756524	3592756524	3387938281	3387938281	6
2535456668	2535456668	2321926047	2321926047	6
3592475565	3592475565	3387705329	3387705329	6
3592135125	3592135125	3387474248	3387474248	6
3517906247	3517906247	3551409657	3551409657	6
3592938406	3592938406	3388112208	3388112208	6
4705308134	4705308134	4707126963	4707126963	6
4705549406	4705549406	4707300872	4707300872	6
4695206669	4695206669	4697777832	4697777832	6
900008991	900008991	988400794	988400794	6
1108515537	1108515537	897290518	897290518	6
1568820545	1568820545	1542916662	1542916662	6
1571336174	1571336174	1541029515	1541029515	6
732834178	732834178	633242725	633242725	6
1441861874	1441861874	1418749587	1418749587	6
267386561	267386561	1502157506	1502157506	6
3393454408	3393454408	3283541952	3283541952	6
5030838259	5030838259	5149165406	5149165406	6
5030210961	5030210961	5148668864	5148668864	6
5030101798	5030101798	5148581652	5148581652	6
4644927369	4644927369	4653513223	4653513223	6
575071053	575071053	488806924	488806924	6
5026986409	5026986409	5146101764	5146101764	6
5057619186	5057619186	5107973325	5107973325	6
3782474039	3782474039	3748627394	3748627394	6
5002040475	5002040475	5122353613	5122353613	6
1047211837	1047211837	1099966227	1099966227	6
5002218124	5002218124	5122509849	5122509849	6
3316660029	3316660029	3229209214	3229209214	6
3314967186	3314967186	3227692224	3227692224	6
3318083952	3318083952	3230450519	3230450519	6
3317925439	3317925439	3230291508	3230291508	6
3407663817	3407663817	3312065690	3312065690	6
5128684281	5128684281	5048780346	5048780346	6
1611217866	1611217866	1511518977	1511518977	6
1108321993	1108321993	897562678	897562678	6
1035424842	1035424842	959401371	959401371	6
1122075802	1122075802	885646800	885646800	6
694283087	694283087	604209265	604209265	6
1000401937	1000401937	1074340538	1074340538	6
4614920567	4614920567	4564570155	4564570155	6
4616229194	4616229194	4563324674	4563324674	6
3905500605	3905500605	3642145436	3642145436	6
3883907179	3883907179	3680309088	3680309088	6
3033349954	3033349954	2963988842	2963988842	6
883567885	883567885	769273561	769273561	6
856753304	856753304	818960857	818960857	6
4614655457	4614655457	4564704314	4564704314	6
824899783	824899783	789981332	789981332	6
869236866	869236866	831811156	831811156	6
3916808306	3916808306	3627702471	3627702471	6
693058308	693058308	603435962	603435962	6
757388991	757388991	653850473	653850473	6
721741373	721741373	624996048	624996048	6
722053833	722053833	625338280	625338280	6
313896015	313896015	303906583	303906583	6
1297201368	1297201368	1330925525	1330925525	5
3624894066	3624894066	3415713396	3415713396	5
5082588508	5082588508	5087320204	5087320204	5
3652675826	3652675826	3438014909	3438014909	5
5041654536	5041654536	5157840976	5157840976	5
4767111948	4767111948	4790193545	4790193545	5
5086471795	5086471795	5084068550	5084068550	5
3653225398	3653225398	3438412214	3438412214	5
5086788830	5086788830	5083789691	5083789691	5
5048479848	5048479848	5115527375	5115527375	5
5071891940	5071891940	5096314952	5096314952	5
5072660451	5072660451	5095620734	5095620734	5
5013758831	5013758831	5131003852	5131003852	5
5158378840	5158378840	5033052131	5033052131	5
5074109715	5074109715	5094139662	5094139662	5
5039921421	5039921421	5156320288	5156320288	5
5045899695	5045899695	5162092068	5162092068	5
5175213699	5175213699	5013725439	5013725439	5
4752542026	4752542026	4750399989	4750399989	5
5044258039	5044258039	5160024439	5160024439	5
5174704498	5174704498	5013941847	5013941847	5
3328082342	3328082342	3239871692	3239871692	5
5176697905	5176697905	5011855567	5011855567	5
4706918793	4706918793	4708339437	4708339437	5
3792115050	3792115050	3739832618	3739832618	5
3474086227	3474086227	3599284587	3599284587	5
708395877	708395877	614822229	614822229	5
3718704375	3718704375	3810653756	3810653756	5
2496721119	2496721119	2443639976	2443639976	5
3595843492	3595843492	3390587322	3390587322	5
3466437182	3466437182	3595324703	3595324703	5
1517494161	1517494161	1483694438	1483694438	5
4769250117	4769250117	4787577257	4787577257	5
1521537231	1521537231	1480285853	1480285853	5
1436111833	1436111833	1425381249	1425381249	5
3327321107	3327321107	3239276032	3239276032	5
5107896757	5107896757	5066129253	5066129253	5
5125478442	5125478442	5051253381	5051253381	5
5105914283	5105914283	5067440322	5067440322	5
3350805196	3350805196	3269930067	3269930067	5
3347544236	3347544236	3272776712	3272776712	5
3422260684	3422260684	3326754969	3326754969	5
5081162801	5081162801	5088715149	5088715149	5
3748677110	3748677110	3779950289	3779950289	5
