start1	end1	start2	end2	col
5082328671	5082328671	5179054871	5179054871	28
4990676166	4990676166	5086077735	5086077735	28
4842433103	4842433103	2759489466	2759489466	28
4843702548	4843702548	4936760259	4936760259	28
4845896510	4845896510	4939183500	4939183500	28
4847021365	4847021365	4940562853	4940562853	28
4857376974	4857376974	4953262098	4953262098	28
4884119937	4884119937	4985773265	4985773265	28
4884884873	4884884873	4986840367	4986840367	28
4928562848	4928562848	5023385504	5023385504	28
4872625958	4872625958	4971534900	4971534900	28
4995597849	4995597849	5092213790	5092213790	28
5047114452	5047114452	5150004168	5150004168	28
5019435553	5019435553	5118777650	5118777650	28
5065447822	5065447822	5167504304	5167504304	28
5061744159	5061744159	5163781823	5163781823	28
5077225839	5077225839	5173805121	5173805121	28
5046256675	5046256675	5149058024	5149058024	28
5022751158	5022751158	5122535719	5122535719	28
4799354442	4799354442	2553782493	2553782493	27
4767637083	4767637083	3973325522	3973325522	27
4768297240	4768297240	3974198467	3974198467	27
4768327616	4768327616	3974227054	3974227054	27
4768376745	4768376745	3974283059	3974283059	27
4770689350	4770689350	3972021156	3972021156	27
4796862680	4796862680	2551353376	2551353376	27
4796899912	4796899912	2551416096	2551416096	27
4799338322	4799338322	2553766907	2553766907	27
4780121224	4780121224	3979416054	3979416054	27
4801966136	4801966136	2556338170	2556338170	27
4805796246	4805796246	2560661870	2560661870	27
4806999374	4806999374	2562043368	2562043368	27
4808039240	4808039240	2563176373	2563176373	27
4809201221	4809201221	2564428061	2564428061	27
4809800406	4809800406	2564888342	2564888342	27
4813409702	4813409702	2568423965	2568423965	27
4819877782	4819877782	2574660648	2574660648	27
4803457709	4803457709	2557987761	2557987761	27
4715020482	4715020482	3371413525	3371413525	26
4687223346	4687223346	3339006566	3339006566	26
4700540054	4700540054	3354460421	3354460421	26
4705807748	4705807748	3360475882	3360475882	26
4712024193	4712024193	3368141107	3368141107	26
4713541083	4713541083	3369749849	3369749849	26
4710127432	4710127432	1836439968	1836439968	26
4719807978	4719807978	3377032401	3377032401	26
4723421308	4723421308	3381304013	3381304013	26
4726502376	4726502376	3384844576	3384844576	26
4731188628	4731188628	3389511800	3389511800	26
4723077899	4723077899	3380846763	3380846763	26
4579456459	4579456459	974023521	974023521	25
4611667772	4611667772	928917873	928917873	25
4610706262	4610706262	929924997	929924997	25
4609136184	4609136184	931628978	931628978	25
4608922346	4608922346	931858470	931858470	25
4607893988	4607893988	933012109	933012109	25
4605794420	4605794420	935490018	935490018	25
4559281815	4559281815	949989154	949989154	25
4571558051	4571558051	964437299	964437299	25
4565278739	4565278739	957168734	957168734	25
4556324737	4556324737	946973135	946973135	25
4554705739	4554705739	945228958	945228958	25
4554674048	4554674048	945194478	945194478	25
4551739180	4551739180	942076649	942076649	25
4613016120	4613016120	927526529	927526529	25
4612581335	4612581335	927774424	927774424	25
4633059354	4633059354	906480927	906480927	25
4614597361	4614597361	925877039	925877039	25
4639155234	4639155234	899992164	899992164	25
4622424055	4622424055	917101668	917101668	25
4656153119	4656153119	882605778	882605778	25
4655954426	4655954426	882792058	882792058	25
4647674038	4647674038	891193737	891193737	25
4645497549	4645497549	893446279	893446279	25
4644012971	4644012971	894876645	894876645	25
4656610335	4656610335	882099047	882099047	25
4629577179	4629577179	2592733239	2592733239	25
4625391073	4625391073	914191626	914191626	25
4623909805	4623909805	915757826	915757826	25
4632880386	4632880386	906590710	906590710	25
4623610512	4623610512	916047085	916047085	25
4478789201	4478789201	543777005	543777005	24
4482723075	4482723075	547489545	547489545	24
4481730023	4481730023	546433501	546433501	24
4479621241	4479621241	544549187	544549187	24
4458842022	4458842022	524261172	524261172	24
4337559009	4337559009	3966521673	3966521673	23
4352564211	4352564211	3939941673	3939941673	23
4339174432	4339174432	3968702713	3968702713	23
4316524003	4316524003	3941561466	3941561466	23
4337509134	4337509134	3966476286	3966476286	23
4320515394	4320515394	3946657590	3946657590	23
4316615842	4316615842	3941668000	3941668000	23
4357217729	4357217729	3934627002	3934627002	23
4352715115	4352715115	3939616243	3939616243	23
4420573844	4420573844	3863111774	3863111774	23
4360829345	4360829345	4425020064	4425020064	23
4414322732	4414322732	1965832472	1965832472	23
4419913375	4419913375	3863980828	3863980828	23
4422455352	4422455352	3861099966	3861099966	23
4440593809	4440593809	3842487204	3842487204	23
4445339809	4445339809	3837458049	3837458049	23
4449868662	4449868662	3832436389	3832436389	23
4396795423	4396795423	3889355222	3889355222	23
4206979002	4206979002	4258854777	4258854777	22
4212194487	4212194487	4261415135	4261415135	22
4212149360	4212149360	4261351650	4261351650	22
4209083935	4209083935	4257633754	4257633754	22
4207140348	4207140348	4258669327	4258669327	22
4205568901	4205568901	4260322139	4260322139	22
4206862503	4206862503	4258976725	4258976725	22
4206002689	4206002689	4259850229	4259850229	22
4205973119	4205973119	4259955435	4259955435	22
4194558784	4194558784	4245379968	4245379968	22
4230783240	4230783240	4277806611	4277806611	22
4228268475	4228268475	4277162302	4277162302	22
4252117118	4252117118	4326274438	4326274438	22
4230863518	4230863518	4277897362	4277897362	22
4261697259	4261697259	4309409509	4309409509	22
4315541377	4315541377	4365140797	4365140797	22
4289568252	4289568252	4336063074	4336063074	22
4284767417	4284767417	4334278672	4334278672	22
4290200598	4290200598	4335411801	4335411801	22
4261270611	4261270611	4309893677	4309893677	22
4255331057	4255331057	4327325265	4327325265	22
4247018420	4247018420	4321279704	4321279704	22
4248026614	4248026614	4322292364	4322292364	22
4137772803	4137772803	4406973565	4406973565	21
4109118041	4109118041	4438509700	4438509700	21
4115047265	4115047265	4431667711	4431667711	21
4115391730	4115391730	4431209140	4431209140	21
4118195376	4118195376	4428238074	4428238074	21
4119881075	4119881075	4426486021	4426486021	21
4121495447	4121495447	4424979253	4424979253	21
4122424382	4122424382	4423996563	4423996563	21
4123540993	4123540993	4422776358	4422776358	21
4121520967	4121520967	4424957420	4424957420	21
4139695515	4139695515	4404900551	4404900551	21
4145173542	4145173542	4396313348	4396313348	21
4150297612	4150297612	4392999766	4392999766	21
4155646933	4155646933	4387289882	4387289882	21
4155996697	4155996697	4387090712	4387090712	21
4167110679	4167110679	4375024178	4375024178	21
4171597947	4171597947	4370774516	4370774516	21
4143348208	4143348208	4394097291	4394097291	21
3922715882	3922715882	2089984686	2089984686	20
3946891300	3946891300	2061565535	2061565535	20
3941233910	3941233910	2068449760	2068449760	20
3940803967	3940803967	2068981178	2068981178	20
3937344593	3937344593	2072938079	2072938079	20
3934831523	3934831523	2075916385	2075916385	20
3896631528	3896631528	2007575197	2007575197	20
3926795445	3926795445	4541744296	4541744296	20
3922170357	3922170357	2090612384	2090612384	20
3922569697	3922569697	2090158225	2090158225	20
3922496907	3922496907	2203947808	2203947808	20
3922387204	3922387204	2090324894	2090324894	20
3922144418	3922144418	2090642831	2090642831	20
3906025761	3906025761	2001524355	2001524355	20
3905964044	3905964044	2001440862	2001440862	20
3948670944	3948670944	2059492007	2059492007	20
3946964758	3946964758	2061520318	2061520318	20
3926806439	3926806439	2085239723	2085239723	20
3950727387	3950727387	2056768992	2056768992	20
3980501803	3980501803	2022753103	2022753103	20
3955458186	3955458186	2051285134	2051285134	20
4003796074	4003796074	1969659724	1969659724	20
4002553663	4002553663	1971047852	1971047852	20
4002474663	4002474663	1971191991	1971191991	20
3992890546	3992890546	1964752310	1964752310	20
3984021278	3984021278	2021300070	2021300070	20
3982033141	3982033141	2018743378	2018743378	20
4004345977	4004345977	1969112279	1969112279	20
3977724504	3977724504	2025480064	2025480064	20
3976040275	3976040275	2027528389	2027528389	20
3966830358	3966830358	2037848517	2037848517	20
3963571558	3963571558	2041717631	2041717631	20
3960784621	3960784621	2044886292	2044886292	20
3960657064	3960657064	2044908211	2044908211	20
3976136033	3976136033	2027460338	2027460338	20
3766050901	3766050901	2175741321	2175741321	19
3787984210	3787984210	2200722359	2200722359	19
3776891941	3776891941	2188104952	2188104952	19
3774373081	3774373081	2185316720	2185316720	19
3770859778	3770859778	2181365671	2181365671	19
3770563485	3770563485	2180988501	2180988501	19
3757860498	3757860498	2166222583	2166222583	19
3759701539	3759701539	2168193569	2168193569	19
3758660627	3758660627	2167118444	2167118444	19
3748616660	3748616660	3552258116	3552258116	19
3732507198	3732507198	2137043817	2137043817	19
3725995108	3725995108	2129486731	2129486731	19
3722041472	3722041472	3647095431	3647095431	19
3791056512	3791056512	2204288303	2204288303	19
3790699674	3790699674	2203852946	2203852946	19
3798649356	3798649356	2212784545	2212784545	19
3791161636	3791161636	2204384494	2204384494	19
3828698202	3828698202	2245921840	2245921840	19
3796954765	3796954765	2210760520	2210760520	19
3848249782	3848249782	2267466460	2267466460	19
3842892094	3842892094	2261606520	2261606520	19
3836235917	3836235917	2254116906	2254116906	19
3829945344	3829945344	2247351372	2247351372	19
3830464146	3830464146	2247844499	2247844499	19
3826028856	3826028856	2243079405	2243079405	19
3825492460	3825492460	2242468447	2242468447	19
3803987335	3803987335	2218684152	2218684152	19
3801502039	3801502039	2215827011	2215827011	19
3800438127	3800438127	2214678389	2214678389	19
3798875110	3798875110	2213059940	2213059940	19
3549371481	3549371481	38439002	38439002	18
3570768338	3570768338	41181838	41181838	18
3566574944	3566574944	46053058	46053058	18
3565455663	3565455663	47321672	47321672	18
3558658107	3558658107	54994473	54994473	18
3551989850	3551989850	62504333	62504333	18
3604921675	3604921675	102352357	102352357	18
3544834470	3544834470	33439845	33439845	18
3539582995	3539582995	27327764	27327764	18
3529069450	3529069450	15247711	15247711	18
3528880537	3528880537	15039935	15039935	18
3525302320	3525302320	10782729	10782729	18
3517089738	3517089738	2993356	2993356	18
3585852234	3585852234	80216384	80216384	18
3553791698	3553791698	60627820	60627820	18
3611978785	3611978785	110292647	110292647	18
3664323948	3664323948	169186029	169186029	18
3674429530	3674429530	178642929	178642929	18
3668403714	3668403714	173330446	173330446	18
3668360347	3668360347	173284544	173284544	18
3668206061	3668206061	173171306	173171306	18
3664340123	3664340123	169232240	169232240	18
3673189500	3673189500	177498182	177498182	18
3650290240	3650290240	153288724	153288724	18
3649296290	3649296290	152122639	152122639	18
3641462286	3641462286	143564099	143564099	18
3626738264	3626738264	126932515	126932515	18
3616224144	3616224144	115269655	115269655	18
3614701208	3614701208	113543031	113543031	18
3402395051	3402395051	2502554153	2502554153	17
3375699224	3375699224	2473033146	2473033146	17
3385994765	3385994765	2483983644	2483983644	17
3387413381	3387413381	2485499568	2485499568	17
3395392679	3395392679	2494731185	2494731185	17
3397486745	3397486745	2497033608	2497033608	17
3427937931	3427937931	2531027235	2531027235	17
3420275458	3420275458	2522434262	2522434262	17
3427140852	3427140852	2530246354	2530246354	17
3428062017	3428062017	2531157068	2531157068	17
3430007462	3430007462	2533493146	2533493146	17
3368094584	3368094584	2464465938	2464465938	17
3369117017	3369117017	2465633109	2465633109	17
3286540964	3286540964	2377641408	2377641408	17
3366342419	3366342419	2462528091	2462528091	17
3334878680	3334878680	2425894975	2425894975	17
3323644850	3323644850	2412486287	2412486287	17
3312485560	3312485560	2407890177	2407890177	17
3303319464	3303319464	2398137065	2398137065	17
3295341142	3295341142	2387096628	2387096628	17
3431838593	3431838593	2535497705	2535497705	17
3283580075	3283580075	2374059322	2374059322	17
3273821465	3273821465	2363401027	2363401027	17
3267189287	3267189287	2356463561	2356463561	17
3266922132	3266922132	2356091992	2356091992	17
3260925044	3260925044	2350449402	2350449402	17
3430226501	3430226501	2533728851	2533728851	17
3424811254	3424811254	2527568113	2527568113	17
3435642723	3435642723	2539583939	2539583939	17
3463781921	3463781921	4018283717	4018283717	17
3441359369	3441359369	3996826289	3996826289	17
3481956192	3481956192	4032928435	4032928435	17
3481912658	3481912658	4032876764	4032876764	17
3475485466	3475485466	4027878656	4027878656	17
3475361091	3475361091	4027785400	4027785400	17
3468988408	3468988408	4023433167	4023433167	17
3467216433	3467216433	4021693236	4021693236	17
3466141325	3466141325	4020642307	4020642307	17
3465603635	3465603635	4020077657	4020077657	17
3464762271	3464762271	4019273840	4019273840	17
3464100516	3464100516	4018597642	4018597642	17
3463858826	3463858826	4018344738	4018344738	17
3482033097	3482033097	4032998055	4032998055	17
3463385980	3463385980	4017898988	4017898988	17
3444935132	3444935132	4016022182	4016022182	17
3461363283	3461363283	3999046260	3999046260	17
3443133218	3443133218	3994875808	3994875808	17
3444059771	3444059771	4016766905	4016766905	17
3444473554	3444473554	4016444530	4016444530	17
3441370242	3441370242	3996736549	3996736549	17
3446951413	3446951413	4013927039	4013927039	17
3447249378	3447249378	4013428006	4013428006	17
3449290227	3449290227	4011456330	4011456330	17
3455462222	3455462222	4005088493	4005088493	17
3461102394	3461102394	3999325132	3999325132	17
3094180540	3094180540	3589476610	3589476610	16
3085836762	3085836762	3580143620	3580143620	16
3089651187	3089651187	3584680241	3584680241	16
3091446609	3091446609	3586600130	3586600130	16
3094062093	3094062093	3589391923	3589391923	16
3105502003	3105502003	3601866316	3601866316	16
3094212308	3094212308	3589522697	3589522697	16
3112281646	3112281646	3609546826	3609546826	16
3105582148	3105582148	3601995354	3601995354	16
3106458684	3106458684	3602955338	3602955338	16
3111089519	3111089519	3608210151	3608210151	16
3078759761	3078759761	3571988139	3571988139	16
3080286134	3080286134	3573717020	3573717020	16
3063192352	3063192352	3554936548	3554936548	16
3067061904	3067061904	2771647348	2771647348	16
3067021277	3067021277	3558730695	3558730695	16
3064080177	3064080177	3555760429	3555760429	16
3063609353	3063609353	3555222831	3555222831	16
3063526854	3063526854	3555138581	3555138581	16
3033360337	3033360337	3642652922	3642652922	16
3050902792	3050902792	3540102717	3540102717	16
3050609209	3050609209	3539748509	3539748509	16
3050506224	3050506224	3539593682	3539593682	16
3034167187	3034167187	3643560429	3643560429	16
3033828017	3033828017	3643272659	3643272659	16
3112420401	3112420401	3609667218	3609667218	16
3112373701	3112373701	3609631535	3609631535	16
3057117862	3057117862	3547381261	3547381261	16
3112646700	3112646700	3609934700	3609934700	16
3228694296	3228694296	3425950354	3425950354	16
3139545059	3139545059	3579962838	3579962838	16
3250700159	3250700159	3452067064	3452067064	16
3244497692	3244497692	3444570110	3444570110	16
3243465766	3243465766	3443224375	3443224375	16
3241828391	3241828391	3441356621	3441356621	16
3240189421	3240189421	3439135490	3439135490	16
3232704261	3232704261	3430364710	3430364710	16
3232614579	3232614579	3430320071	3430320071	16
3232581340	3232581340	3430260133	3430260133	16
3232534724	3232534724	3430211340	3430211340	16
3232415668	3232415668	3430094503	3430094503	16
3231354030	3231354030	3429000513	3429000513	16
3250637129	3250637129	3451975650	3451975650	16
3228643248	3228643248	3425888998	3425888998	16
3190074032	3190074032	3480659321	3480659321	16
3220807516	3220807516	3416299698	3416299698	16
3152660276	3152660276	3638842770	3638842770	16
3161648561	3161648561	3514650237	3514650237	16
3171758733	3171758733	3501843501	3501843501	16
3157408883	3157408883	3519224929	3519224929	16
3190136276	3190136276	3480595430	3480595430	16
3190196735	3190196735	3480564100	3480564100	16
3191234949	3191234949	3479409267	3479409267	16
3210635718	3210635718	3403327552	3403327552	16
3213142805	3213142805	3407848220	3407848220	16
2975745541	2975745541	3706750406	3706750406	15
2930756540	2930756540	3760510845	3760510845	15
2975722793	2975722793	3706806331	3706806331	15
2970503936	2970503936	3712444698	3712444698	15
2970004609	2970004609	3713078270	3713078270	15
2969756143	2969756143	3713419631	3713419631	15
2965962639	2965962639	3716647347	3716647347	15
2963943641	2963943641	3718938124	3718938124	15
2963275432	2963275432	3719557829	3719557829	15
2949609171	2949609171	3740721262	3740721262	15
2939273072	2939273072	3750675660	3750675660	15
2922349103	2922349103	3769957607	3769957607	15
2929625249	2929625249	3761911208	3761911208	15
2929455970	2929455970	3761931438	3761931438	15
2927310840	2927310840	3764460442	3764460442	15
2924521571	2924521571	3767466729	3767466729	15
2922930124	2922930124	3769367196	3769367196	15
2912544176	2912544176	3781404307	3781404307	15
2885007004	2885007004	4023331328	4023331328	15
2867223873	2867223873	2339441266	2339441266	15
2859332643	2859332643	2329603998	2329603998	15
2977732530	2977732530	3704614779	3704614779	15
2976663292	2976663292	3705894677	3705894677	15
2922202202	2922202202	3770086692	3770086692	15
2979664863	2979664863	3702574384	3702574384	15
2998987965	2998987965	3680750028	3680750028	15
2980264783	2980264783	3701917341	3701917341	15
3019503441	3019503441	3658040961	3658040961	15
3017248186	3017248186	3660482432	3660482432	15
3015028259	3015028259	3663112994	3663112994	15
3009455656	3009455656	3669065076	3669065076	15
3008129809	3008129809	3670529691	3670529691	15
3007535091	3007535091	3671105626	3671105626	15
3001250645	3001250645	3678210727	3678210727	15
3001055687	3001055687	3678426791	3678426791	15
2999887035	2999887035	3679761064	3679761064	15
3019329469	3019329469	3658187010	3658187010	15
2997045894	2997045894	3683140231	3683140231	15
2983114995	2983114995	3698675644	3698675644	15
2994586896	2994586896	3685740411	3685740411	15
2980341562	2980341562	3701854394	3701854394	15
2981995318	2981995318	3700037192	3700037192	15
2980400458	2980400458	3701564408	3701564408	15
2983435971	2983435971	3698265835	3698265835	15
2992743752	2992743752	3687917282	3687917282	15
2993434562	2993434562	3687098689	3687098689	15
2993805089	2993805089	3686737736	3686737736	15
2731753067	2731753067	4035427664	4035427664	14
2763639305	2763639305	4188428511	4188428511	14
2763187500	2763187500	4187985315	4187985315	14
2759116891	2759116891	4183670575	4183670575	14
2746609979	2746609979	4170133921	4170133921	14
2746264522	2746264522	4169750414	4169750414	14
2742823756	2742823756	4165877965	4165877965	14
2740237234	2740237234	4163098370	4163098370	14
2631742230	2631742230	4152382969	4152382969	14
2717307323	2717307323	4087516241	4087516241	14
2717204237	2717204237	4087392473	4087392473	14
2702186860	2702186860	4069871753	4069871753	14
2634032029	2634032029	4154437911	4154437911	14
2623316685	2623316685	4143355289	4143355289	14
2586154979	2586154979	4046400951	4046400951	14
2586004965	2586004965	4046506943	4046506943	14
2584507513	2584507513	4048081582	4048081582	14
2768657826	2768657826	4194092761	4194092761	14
2767591238	2767591238	4192962739	4192962739	14
2766585237	2766585237	4191779160	4191779160	14
2776275351	2776275351	4202784778	4202784778	14
2793833082	2793833082	4222942022	4222942022	14
2781267576	2781267576	4208441503	4208441503	14
2807151821	2807151821	4235380323	4235380323	14
2806471703	2806471703	4234749681	4234749681	14
2800242441	2800242441	4231884558	4231884558	14
2800153377	2800153377	4231972925	4231972925	14
2799522983	2799522983	4228753191	4228753191	14
2798918627	2798918627	4228167664	4228167664	14
2806079299	2806079299	4234391648	4234391648	14
2792675943	2792675943	4221884303	4221884303	14
2792313102	2792313102	4221533468	4221533468	14
2791628416	2791628416	4220877565	4220877565	14
2791355744	2791355744	809516693	809516693	14
2789152334	2789152334	4217946010	4217946010	14
2786401587	2786401587	4214846093	4214846093	14
2792407034	2792407034	4221626668	4221626668	14
2781293956	2781293956	4208486125	4208486125	14
2464986915	2464986915	4856136205	4856136205	13
2506414176	2506414176	4809722846	4809722846	13
2503899201	2503899201	1008476000	1008476000	13
2492245115	2492245115	4825978908	4825978908	13
2470078726	2470078726	4850658098	4850658098	13
2468299044	2468299044	4852647648	4852647648	13
2451608715	2451608715	4870890559	4870890559	13
2462164976	2462164976	4859381325	4859381325	13
2456829984	2456829984	4865207229	4865207229	13
2451524734	2451524734	4870974892	4870974892	13
2428595469	2428595469	4895887464	4895887464	13
2512097634	2512097634	4803504438	4803504438	13
2508023162	2508023162	4807991807	4807991807	13
2539752614	2539752614	4771965474	4771965474	13
2528656161	2528656161	4784194232	4784194232	13
2530140198	2530140198	4782385160	4782385160	13
2532485694	2532485694	4779690690	4779690690	13
2532970032	2532970032	4779184422	4779184422	13
2533854501	2533854501	4778230551	4778230551	13
2534966382	2534966382	4777143765	4777143765	13
2535051401	2535051401	4776974171	4776974171	13
2539338638	2539338638	4772377735	4772377735	13
2542680514	2542680514	4769019119	4769019119	13
2542722793	2542722793	4768889954	4768889954	13
2554604832	2554604832	4756750382	4756750382	13
2555415403	2555415403	4755879064	4755879064	13
2413499440	2413499440	4912952369	4912952369	13
2427168725	2427168725	4897353140	4897353140	13
2396973155	2396973155	1279172807	1279172807	13
2380753050	2380753050	1290545326	1290545326	13
2372126328	2372126328	1257563357	1257563357	13
2372057187	2372057187	1257660081	1257660081	13
2366307027	2366307027	1268800679	1268800679	13
2362550420	2362550420	1227413258	1227413258	13
2384352178	2384352178	1243407084	1243407084	13
2073886054	2073886054	4579287830	4579287830	12
2075980359	2075980359	4576250606	4576250606	12
2220484097	2220484097	722241610	722241610	12
2220338092	2220338092	722056306	722056306	12
2098948753	2098948753	758436973	758436973	12
2098908913	2098908913	758341674	758341674	12
2093483038	2093483038	752044496	752044496	12
2076928800	2076928800	4577327141	4577327141	12
2076626219	2076626219	4577008236	4577008236	12
2070190082	2070190082	4582832567	4582832567	12
2075954804	2075954804	4576232726	4576232726	12
2075769290	2075769290	4575954332	4575954332	12
2222142790	2222142790	724262241	724262241	12
2069826762	2069826762	4583317153	4583317153	12
2069659303	2069659303	4583458575	4583458575	12
2069625876	2069625876	4583536590	4583536590	12
2067708651	2067708651	4585375325	4585375325	12
2067096525	2067096525	4585897237	4585897237	12
2220898267	2220898267	722774628	722774628	12
2104723365	2104723365	765086788	765086788	12
2224481213	2224481213	727229334	727229334	12
2272888809	2272888809	820021226	820021226	12
2332314723	2332314723	880933491	880933491	12
2329058015	2329058015	877987699	877987699	12
2228541734	2228541734	731818574	731818574	12
2291659552	2291659552	840659059	840659059	12
2291069293	2291069293	840000720	840000720	12
2290788481	2290788481	839662462	839662462	12
2283898829	2283898829	831719320	831719320	12
2279463032	2279463032	827182980	827182980	12
2325698621	2325698621	875089422	875089422	12
2270564554	2270564554	817432100	817432100	12
2254158965	2254158965	867453784	867453784	12
2246251055	2246251055	682484924	682484924	12
2242839065	2242839065	686616819	686616819	12
2238766202	2238766202	691431807	691431807	12
2230436677	2230436677	4575541648	4575541648	12
2260292042	2260292042	805988455	805988455	12
1668339744	1668339744	202434529	202434529	10
1770820603	1770820603	375989658	375989658	10
1771891280	1771891280	374568852	374568852	10
1772410007	1772410007	374010431	374010431	10
1775076150	1775076150	1023144527	1023144527	10
1677403911	1677403911	213386998	213386998	10
1669708341	1669708341	204238745	204238745	10
1609431808	1609431808	310941165	310941165	10
1668101003	1668101003	202107578	202107578	10
1626837778	1626837778	330159224	330159224	10
1609172009	1609172009	310586454	310586454	10
1604895139	1604895139	305525127	305525127	10
1600348412	1600348412	300535871	300535871	10
1749149857	1749149857	399937710	399937710	10
1764954378	1764954378	381374474	381374474	10
1726579515	1726579515	425138937	425138937	10
1749106495	1749106495	400016303	400016303	10
1713690521	1713690521	254694972	254694972	10
1596155053	1596155053	295731102	295731102	10
1700987448	1700987448	240302412	240302412	10
1701237591	1701237591	240548192	240548192	10
1707920170	1707920170	248290653	248290653	10
1710882344	1710882344	251582001	251582001	10
1710984519	1710984519	251695292	251695292	10
1723886679	1723886679	428006103	428006103	10
1742103620	1742103620	407941770	407941770	10
1725501969	1725501969	426369113	426369113	10
1679562934	1679562934	216103640	216103640	10
1727252880	1727252880	424442010	424442010	10
1727770872	1727770872	423827666	423827666	10
1734863855	1734863855	416002292	416002292	10
1739563442	1739563442	410897059	410897059	10
1598412815	1598412815	298319028	298319028	10
1697329757	1697329757	235933452	235933452	10
1585094851	1585094851	286596490	286596490	10
1499720289	1499720289	491766647	491766647	10
1687341873	1687341873	224798973	224798973	10
1476549339	1476549339	516230507	516230507	10
1579668501	1579668501	280395052	280395052	10
1484182828	1484182828	508767794	508767794	10
1485705274	1485705274	507278364	507278364	10
1486098043	1486098043	506991866	506991866	10
1486175387	1486175387	506941555	506941555	10
1492201734	1492201734	500357137	500357137	10
1477154225	1477154225	515701630	515701630	10
1501755700	1501755700	489900438	489900438	10
1527707195	1527707195	462745922	462745922	10
1545354087	1545354087	444230942	444230942	10
1550189521	1550189521	439625994	439625994	10
1567243634	1567243634	428605391	428605391	10
1570480468	1570480468	269959754	269959754	10
1577127653	1577127653	277667400	277667400	10
1502630767	1502630767	488918062	488918062	10
1400306214	1400306214	1358990978	1358990978	9
1355108976	1355108976	1410754485	1410754485	9
1360333834	1360333834	1404900865	1404900865	9
1370667943	1370667943	1392383106	1392383106	9
1372292048	1372292048	1390509083	1390509083	9
1392886883	1392886883	1366759408	1366759408	9
1433544778	1433544778	1318476406	1318476406	9
1403658609	1403658609	1354979506	1354979506	9
1430246328	1430246328	1322725380	1322725380	9
1432904641	1432904641	1319267006	1319267006	9
1451391221	1451391221	1198988983	1198988983	9
1465568735	1465568735	1428481351	1428481351	9
1468101831	1468101831	1218829657	1218829657	9
1440701828	1440701828	1309820679	1309820679	9
1243387789	1243387789	1537482717	1537482717	9
1332546564	1332546564	1437230429	1437230429	9
1226522138	1226522138	1551328841	1551328841	9
1158344192	1158344192	1625455128	1625455128	9
1160487385	1160487385	1623122711	1623122711	9
1160690288	1160690288	1623083861	1623083861	9
1160817920	1160817920	1622879755	1622879755	9
1328587270	1328587270	1441414980	1441414980	9
1163115919	1163115919	1613062766	1613062766	9
1163198140	1163198140	1613201614	1613201614	9
1185566606	1185566606	1598276545	1598276545	9
1221973042	1221973042	1556561456	1556561456	9
1222258704	1222258704	1556300585	1556300585	9
1223573800	1223573800	1554832105	1554832105	9
1226411183	1226411183	1551536336	1551536336	9
1161006509	1161006509	1622693009	1622693009	9
1237171644	1237171644	1539304345	1539304345	9
1274625776	1274625776	1504062832	1504062832	9
1237391281	1237391281	1539149499	1539149499	9
1323045322	1323045322	1447555533	1447555533	9
1285281138	1285281138	1492179336	1492179336	9
1282664328	1282664328	1495555979	1495555979	9
1279460140	1279460140	1498893456	1498893456	9
1348296542	1348296542	1418887621	1418887621	9
1250779320	1250779320	1529343110	1529343110	9
1248982673	1248982673	1531601394	1531601394	9
1333305317	1333305317	1436328821	1436328821	9
1243327968	1243327968	1537584319	1537584319	9
1250562615	1250562615	1529569893	1529569893	9
1038353574	1038353574	642052826	642052826	8
1074227331	1074227331	3147270592	3147270592	8
1060452565	1060452565	3131137866	3131137866	8
1053269261	1053269261	3122584120	3122584120	8
1046060450	1046060450	3113982939	3113982939	8
1046032321	1046032321	3113939030	3113939030	8
1040363242	1040363242	640446863	640446863	8
1039257662	1039257662	640985118	640985118	8
1029682438	1029682438	3247160319	3247160319	8
1033576400	1033576400	3242167578	3242167578	8
1029397714	1029397714	3247478263	3247478263	8
1028582508	1028582508	3248470600	3248470600	8
1026061145	1026061145	3251255064	3251255064	8
1024304729	1024304729	3253072450	3253072450	8
1023962041	1023962041	3253540971	3253540971	8
1017531423	1017531423	3261326961	3261326961	8
1025856280	1025856280	3251420269	3251420269	8
985834955	985834955	3115791739	3115791739	8
1087578450	1087578450	3163191466	3163191466	8
905772863	905772863	556218869	556218869	8
904794961	904794961	555147896	555147896	8
902421700	902421700	552574785	552574785	8
899755774	899755774	550048646	550048646	8
898999574	898999574	549252273	549252273	8
889065532	889065532	3067072597	3067072597	8
885613788	885613788	3063136389	3063136389	8
880256577	880256577	3057530721	3057530721	8
866708911	866708911	3087649649	3087649649	8
850874666	850874666	3106528488	3106528488	8
849423670	849423670	3108184555	3108184555	8
849080320	849080320	3108496876	3108496876	8
848150243	848150243	635859571	635859571	8
847301935	847301935	636750285	636750285	8
847267146	847267146	636819622	636819622	8
846175370	846175370	637727673	637727673	8
839392263	839392263	627078080	627078080	8
839285163	839285163	626932096	626932096	8
832280548	832280548	618362021	618362021	8
828824749	828824749	614378822	614378822	8
905625252	905625252	556066629	556066629	8
906965994	906965994	557463347	557463347	8
1014836855	1014836855	3264533561	3264533561	8
907137000	907137000	557656443	557656443	8
1013049592	1013049592	3266791912	3266791912	8
1012332580	1012332580	3267611395	3267611395	8
1012281093	1012281093	3267654497	3267654497	8
1010893958	1010893958	3269291253	3269291253	8
1004952916	1004952916	3276159496	3276159496	8
994157736	994157736	3288622888	3288622888	8
993885071	993885071	3288892685	3288892685	8
991878716	991878716	3291088807	3291088807	8
981228786	981228786	3303253994	3303253994	8
971395221	971395221	3307280422	3307280422	8
969848283	969848283	3308910827	3308910827	8
969383641	969383641	3309424729	3309424729	8
939313744	939313744	595104003	595104003	8
935927143	935927143	591135675	591135675	8
930752813	930752813	584894533	584894533	8
930621236	930621236	584737850	584737850	8
919323105	919323105	571408476	571408476	8
912605452	912605452	563590133	563590133	8
908357701	908357701	558996673	558996673	8
1079863042	1079863042	3154233304	3154233304	8
1149965623	1149965623	3235269881	3235269881	8
1089867708	1089867708	3166018748	3166018748	8
1132347566	1132347566	3215802513	3215802513	8
1093909222	1093909222	3170994637	3170994637	8
1153897894	1153897894	3238227903	3238227903	8
1153431391	1153431391	3238814663	3238814663	8
1147616953	1147616953	3625905091	3625905091	8
1141920406	1141920406	3226566492	3226566492	8
1136798885	1136798885	3220877465	3220877465	8
1136398423	1136398423	3220460268	3220460268	8
1150682720	1150682720	3236087381	3236087381	8
1130469588	1130469588	3213582870	3213582870	8
1126423071	1126423071	3208655853	3208655853	8
1109248961	1109248961	3188721074	3188721074	8
1104937457	1104937457	3183617354	3183617354	8
1108589108	1108589108	3188040322	3188040322	8
1107110277	1107110277	3186193390	3186193390	8
1130122083	1130122083	3213136408	3213136408	8
600063889	600063889	991889948	991889948	7
645704141	645704141	2849792030	2849792030	7
645356107	645356107	2849385013	2849385013	7
643775740	643775740	2847412494	2847412494	7
608147728	608147728	2841386835	2841386835	7
593593263	593593263	999596156	999596156	7
599318133	599318133	993023654	993023654	7
593977747	593977747	999232151	999232151	7
589776978	589776978	1004085252	1004085252	7
589703536	589703536	1004257866	1004257866	7
671263922	671263922	2880729228	2880729228	7
585804582	585804582	1008692465	1008692465	7
668044454	668044454	2877069087	2877069087	7
735501210	735501210	2955769808	2955769808	7
704929752	704929752	2920056648	2920056648	7
705770468	705770468	2920956525	2920956525	7
714956243	714956243	2931659038	2931659038	7
716127658	716127658	2933006148	2933006148	7
717800061	717800061	2935045049	2935045049	7
730169268	730169268	2949616377	2949616377	7
565958290	565958290	1100136286	1100136286	7
735642811	735642811	2955949391	2955949391	7
737144945	737144945	2957638358	2957638358	7
748981809	748981809	2971509661	2971509661	7
752680980	752680980	2975810780	2975810780	7
754357592	754357592	2978128187	2978128187	7
582813872	582813872	1012731600	1012731600	7
523713060	523713060	1055474502	1055474502	7
561911283	561911283	1097880147	1097880147	7
490972076	490972076	1017681087	1017681087	7
418583641	418583641	1181821898	1181821898	7
428946984	428946984	1173161627	1173161627	7
428993854	428993854	1173110689	1173110689	7
433234645	433234645	1168673948	1168673948	7
435188565	435188565	1166372300	1166372300	7
435544369	435544369	1166157692	1166157692	7
436166963	436166963	1165622340	1165622340	7
447241500	447241500	1154283966	1154283966	7
463831416	463831416	1135912974	1135912974	7
466292861	466292861	1133064665	1133064665	7
489175143	489175143	1015630701	1015630701	7
490863224	490863224	1017520759	1017520759	7
491055157	491055157	1017738101	1017738101	7
561401315	561401315	1097348892	1097348892	7
491780821	491780821	1018645529	1018645529	7
495166304	495166304	1022703478	1022703478	7
507621172	507621172	1036759281	1036759281	7
510754101	510754101	1040639412	1040639412	7
521408679	521408679	1052851228	1052851228	7
522265582	522265582	1053785475	1053785475	7
758260884	758260884	2982747889	2982747889	7
524600119	524600119	1056583711	1056583711	7
531706258	531706258	1064839090	1064839090	7
536701124	536701124	2001309113	2001309113	7
536735828	536735828	2001372872	2001372872	7
540229700	540229700	1073978538	1073978538	7
756629113	756629113	2980935851	2980935851	7
713107575	713107575	2929341649	2929341649	7
762897866	762897866	2988305727	2988305727	7
784978902	784978902	3013072773	3013072773	7
822713810	822713810	3051786140	3051786140	7
807963228	807963228	3037344401	3037344401	7
793002407	793002407	3021936143	3021936143	7
791484314	791484314	3020367147	3020367147	7
764128862	764128862	2989806590	2989806590	7
779842039	779842039	3007414379	3007414379	7
770550713	770550713	2996513243	2996513243	7
766699525	766699525	2992461997	2992461997	7
765595367	765595367	2991287488	2991287488	7
778505545	778505545	3005934006	3005934006	7
74139528	74139528	2649956697	2649956697	6
78200879	78200879	2654981910	2654981910	6
77551321	77551321	2654280143	2654280143	6
77452159	77452159	2654195382	2654195382	6
76296920	76296920	2652614878	2652614878	6
76028491	76028491	2652300851	2652300851	6
76013184	76013184	2652285929	2652285929	6
75478508	75478508	2651548216	2651548216	6
74878689	74878689	2650858238	2650858238	6
72379999	72379999	2648006234	2648006234	6
72860541	72860541	2648556509	2648556509	6
72734215	72734215	2648429573	2648429573	6
67729953	67729953	2642602936	2642602936	6
66808354	66808354	2641598625	2641598625	6
88989822	88989822	2667503477	2667503477	6
63391251	63391251	2638060365	2638060365	6
62944914	62944914	2637597595	2637597595	6
62883719	62883719	2637522170	2637522170	6
185062721	185062721	2778013773	2778013773	6
88349040	88349040	2666652266	2666652266	6
91978589	91978589	2670833420	2670833420	6
90468908	90468908	2669261857	2669261857	6
130648954	130648954	2715803204	2715803204	6
158372749	158372749	2747937846	2747937846	6
154771066	154771066	2743718974	2743718974	6
148992898	148992898	2737106101	2737106101	6
146442089	146442089	2734019627	2734019627	6
143655443	143655443	2730774341	2730774341	6
143070689	143070689	1693628756	1693628756	6
142980433	142980433	2729926560	2729926560	6
141467575	141467575	2728105746	2728105746	6
112231766	112231766	2694350268	2694350268	6
90640636	90640636	2669431678	2669431678	6
106522419	106522419	2687588252	2687588252	6
104697464	104697464	2685393533	2685393533	6
98363612	98363612	2677937981	2677937981	6
98071992	98071992	2677599193	2677599193	6
92342148	92342148	2671053170	2671053170	6
60515431	60515431	2634956703	2634956703	6
90885305	90885305	2669687485	2669687485	6
90772494	90772494	2669584183	2669584183	6
60939421	60939421	2635410860	2635410860	6
47506077	47506077	2621144697	2621144697	6
60508752	60508752	2634948958	2634948958	6
6468596	6468596	2580468328	2580468328	6
19576766	19576766	2593846218	2593846218	6
18903944	18903944	2593118953	2593118953	6
18557149	18557149	2592753023	2592753023	6
17542277	17542277	2591668202	2591668202	6
16651721	16651721	2590649430	2590649430	6
16079132	16079132	2590026493	2590026493	6
13958595	13958595	2587950597	2587950597	6
10438482	10438482	2584306923	2584306923	6
6397830	6397830	2580396217	2580396217	6
59924497	59924497	2634252055	2634252055	6
6340291	6340291	2580356637	2580356637	6
6088575	6088575	2580096404	2580096404	6
6078678	6078678	2580087074	2580087074	6
4034092	4034092	2578391289	2578391289	6
4012185	4012185	2578369702	2578369702	6
3386257	3386257	2577734621	2577734621	6
2199781	2199781	2576722212	2576722212	6
2194390	2194390	2576715088	2576715088	6
20158550	20158550	2594466923	2594466923	6
26329691	26329691	2599948666	2599948666	6
32429357	32429357	2605594284	2605594284	6
33005370	33005370	2606246029	2606246029	6
59627073	59627073	2633922456	2633922456	6
54031979	54031979	2627713895	2627713895	6
47840111	47840111	2621492855	2621492855	6
46842920	46842920	2620451979	2620451979	6
45717492	45717492	2619310341	2619310341	6
45143717	45143717	2618806453	2618806453	6
45092004	45092004	2618757373	2618757373	6
44923995	44923995	2618603017	2618603017	6
44323903	44323903	2618000140	2618000140	6
44071292	44071292	2617738327	2617738327	6
43882957	43882957	2617548333	2617548333	6
43299275	43299275	2616813552	2616813552	6
38618362	38618362	2612022880	2612022880	6
36352981	36352981	2609591831	2609591831	6
34785769	34785769	2608043931	2608043931	6
34630799	34630799	2607865838	2607865838	6
33339856	33339856	2606571457	2606571457	6
182186599	182186599	2774697132	2774697132	6
2041576	2041576	2576550177	2576550177	6
186444169	186444169	2779666473	2779666473	6
386751467	386751467	3794044582	3794044582	6
354617165	354617165	4655156043	4655156043	6
355071359	355071359	4654544764	4654544764	6
355393188	355393188	4654167940	4654167940	6
356103148	356103148	4653549304	4653549304	6
359873597	359873597	4649116332	4649116332	6
373195956	373195956	4714306244	4714306244	6
379572655	379572655	4592084779	4592084779	6
382598279	382598279	189968743	189968743	6
387315723	387315723	3794730627	3794730627	6
344136105	344136105	4680178615	4680178615	6
387918176	387918176	3795384577	3795384577	6
388224872	388224872	3795777622	3795777622	6
390628229	390628229	3798414677	3798414677	6
394620318	394620318	3803171812	3803171812	6
394813056	394813056	3803398130	3803398130	6
409229924	409229924	4599459123	4599459123	6
410582498	410582498	4597901630	4597901630	6
190984155	190984155	2784807535	2784807535	6
347188723	347188723	4663165360	4663165360	6
1815841	1815841	2576280876	2576280876	6
343911707	343911707	4679939875	4679939875	6
285955785	285955785	4614714129	4614714129	6
342925988	342925988	4678804392	4678804392	6
197755675	197755675	2792634142	2792634142	6
199587142	199587142	2794727468	2794727468	6
271229041	271229041	4723179419	4723179419	6
279793962	279793962	4607683256	4607683256	6
282009928	282009928	4610260348	4610260348	6
283887057	283887057	4612246621	4612246621	6
284818028	284818028	4613470082	4613470082	6
197650451	197650451	2792499463	2792499463	6
288051410	288051410	4616970732	4616970732	6
300708770	300708770	4631798059	4631798059	6
310358101	310358101	4636819871	4636819871	6
310417229	310417229	4636700332	4636700332	6
310715733	310715733	4636437778	4636437778	6
323658139	323658139	4690081504	4690081504	6
323933045	323933045	4689815869	4689815869	6
291436084	291436084	4620952023	4620952023	6
1965523548	1965523548	1843825903	1843825903	5
1990722779	1990722779	1873126910	1873126910	5
1989119801	1989119801	1871227174	1871227174	5
1946141775	1946141775	1821340170	1821340170	5
1960637252	1960637252	1838316082	1838316082	5
1958264346	1958264346	1835715283	1835715283	5
1998190189	1998190189	1882275172	1882275172	5
1945259751	1945259751	1820253032	1820253032	5
1996745936	1996745936	1880568775	1880568775	5
2023657428	2023657428	1911468617	1911468617	5
2004094459	2004094459	1889223886	1889223886	5
2005700114	2005700114	1890872044	1890872044	5
2012799581	2012799581	1898946496	1898946496	5
2030154296	2030154296	1919000291	1919000291	5
2031635848	2031635848	1920358004	1920358004	5
2032245526	2032245526	1921072573	1921072573	5
2033425257	2033425257	1922315557	1922315557	5
1930121734	1930121734	1801810264	1801810264	5
2039806132	2039806132	1929591343	1929591343	5
2045364147	2045364147	1936150119	1936150119	5
1930265638	1930265638	1801954194	1801954194	5
1853435092	1853435092	1718450681	1718450681	5
1929243935	1929243935	1800674710	1800674710	5
1925492249	1925492249	1796465187	1796465187	5
1784100614	1784100614	1682225804	1682225804	5
1792190770	1792190770	1671883282	1671883282	5
1801773665	1801773665	1659992607	1659992607	5
1802900536	1802900536	1658752766	1658752766	5
1809894369	1809894369	1650840297	1650840297	5
1820383250	1820383250	1638438772	1638438772	5
1820537366	1820537366	1638231703	1638231703	5
1838911456	1838911456	1701212928	1701212928	5
1846379798	1846379798	1710349136	1710349136	5
1848346288	1848346288	1712613790	1712613790	5
1849975260	1849975260	1714462442	1714462442	5
1852633617	1852633617	1717435309	1717435309	5
1856868400	1856868400	1722540359	1722540359	5
1857779318	1857779318	1723680731	1723680731	5
1862352351	1862352351	1729171691	1729171691	5
1867785093	1867785093	3101252731	3101252731	5
1875236213	1875236213	1744955030	1744955030	5
1902870497	1902870497	1771356413	1771356413	5
1918924856	1918924856	1789230093	1789230093	5
1797388318	1797388318	1665318719	1665318719	5
