start1	end1	start2	end2	col
2370162691	2370162691	4740579756	4740579756	28
2304322248	2304322248	4757234337	4757234337	28
4441925435	4441925435	1932677483	1932677483	28
613813219	613813219	481928447	481928447	28
610437687	610437687	485213909	485213909	28
608514953	608514953	487036499	487036499	28
594179063	594179063	501170531	501170531	28
566094468	566094468	528879729	528879729	28
565203158	565203158	529697105	529697105	28
2372234766	2372234766	4743843714	4743843714	28
577259075	577259075	517803813	517803813	28
2348308293	2348308293	4706499575	4706499575	28
2315346785	2315346785	4696565431	4696565431	28
2310347009	2310347009	4702987703	4702987703	28
2299951865	2299951865	4731566642	4731566642	28
2300456215	2300456215	4733855222	4733855222	28
2370453068	2370453068	4742233598	4742233598	28
2314606877	2314606877	4697222451	4697222451	28
2349783563	2349783563	4707957374	4707957374	28
257738174	257738174	4553395623	4553395623	27
3613463538	3613463538	3756733716	3756733716	27
3617423019	3617423019	3760645990	3760645990	27
3617448199	3617448199	3760671888	3760671888	27
3617487414	3617487414	3760701473	3760701473	27
3614215238	3614215238	3757455600	3757455600	27
261447381	261447381	4556908359	4556908359	27
261386491	261386491	4556859998	4556859998	27
257759345	257759345	4553414908	4553414908	27
3592620513	3592620513	3776087608	3776087608	27
254883626	254883626	4550682989	4550682989	27
248660501	248660501	4544569498	4544569498	27
246752024	246752024	4542674290	4542674290	27
204446059	204446059	4619858864	4619858864	27
201884092	201884092	4617411249	4617411249	27
201088567	201088567	4616747942	4616747942	27
76163488	76163488	4379326166	4379326166	27
97815891	97815891	4401619345	4401619345	27
251928166	251928166	4547869101	4547869101	27
527561233	527561233	566603563	566603563	26
497120813	497120813	37472981	37472981	26
510321047	510321047	25631913	25631913	26
517198844	517198844	85971714	85971714	26
522700051	522700051	97144594	97144594	26
524815094	524815094	569249275	569249275	26
2072849004	2072849004	1554563155	1554563155	26
533886805	533886805	560408571	560408571	26
538662805	538662805	555661273	555661273	26
542985397	542985397	550871946	550871946	26
550504600	550504600	543551559	543551559	26
538314759	538314759	555976191	555976191	26
1964784577	1964784577	1786541391	1786541391	25
3847018271	3847018271	3985525221	3985525221	25
3826577671	3826577671	3962334932	3962334932	25
3829938867	3829938867	3958677397	3958677397	25
3830603116	3830603116	3957903817	3957903817	25
3837353024	3837353024	3972477011	3972477011	25
3822282681	3822282681	3969587728	3969587728	25
1912329328	1912329328	1896682449	1896682449	25
1934718567	1934718567	1876184737	1876184737	25
1941323164	1941323164	1780862918	1780862918	25
4453328879	4453328879	1918684644	1918684644	25
2836045127	2836045127	3097533532	3097533532	25
4455455473	4455455473	1916533466	1916533466	25
3890602058	3890602058	3996596090	3996596090	25
3893619848	3893619848	3992940654	3992940654	25
3893796278	3893796278	3992584114	3992584114	25
3850984005	3850984005	4032928852	4032928852	25
3848701892	3848701892	3979061176	3979061176	25
3863557513	3863557513	4022605304	4022605304	25
3849763349	3849763349	3977970614	3977970614	25
3889643891	3889643891	3997763016	3997763016	25
3890062157	3890062157	3997173054	3997173054	25
3872225101	3872225101	4015516661	4015516661	25
3869062892	3869062892	4018559019	4018559019	25
3867192081	3867192081	4020283294	4020283294	25
3888145345	3888145345	3998975270	3998975270	25
3908200487	3908200487	4061979907	4061979907	25
3847605830	3847605830	3986129827	3986129827	25
3857637956	3857637956	3988069444	3988069444	25
3851215499	3851215499	4032977776	4032977776	25
3857319361	3857319361	3988428872	3988428872	25
4104648180	4104648180	4273775952	4273775952	24
4110524152	4110524152	4260555683	4260555683	24
4111980943	4111980943	4262591306	4262591306	24
4113395880	4113395880	4274461441	4274461441	24
4115160910	4115160910	4267653416	4267653416	24
1457773418	1457773418	1071601265	1071601265	23
1485413961	1485413961	1098851445	1098851445	23
1455472363	1455472363	1069403082	1069403082	23
1483748227	1483748227	1097234555	1097234555	23
1457861322	1457861322	1071689210	1071689210	23
1479164649	1479164649	1092607895	1092607895	23
1483641913	1483641913	1097142352	1097142352	23
1490536719	1490536719	1103986741	1103986741	23
1485593463	1485593463	1099031920	1099031920	23
1319142533	1319142533	879014521	879014521	23
3232050620	3232050620	3372663071	3372663071	23
4814326107	4814326107	4772668995	4772668995	23
1320440066	1320440066	878062018	878062018	23
1316833188	1316833188	881620444	881620444	23
1433878674	1433878674	1046998274	1046998274	23
1426601830	1426601830	1039734188	1039734188	23
1265798691	1265798691	938207389	938207389	23
4758582477	4758582477	4765272766	4765272766	23
3516875789	3516875789	3674208458	3674208458	22
3514193435	3514193435	3671448471	3671448471	22
3514163708	3514163708	3671484765	3671484765	22
3518105474	3518105474	3675458839	3675458839	22
3517075125	3517075125	3674410778	3674410778	22
3515423135	3515423135	3672692580	3672692580	22
3516803202	3516803202	3674136162	3674136162	22
3515706120	3515706120	3673001652	3673001652	22
3515617254	3515617254	3672911784	3672911784	22
3734602054	3734602054	3887120393	3887120393	22
3727452161	3727452161	3878635943	3878635943	22
3728061399	3728061399	3879261636	3879261636	22
4089564886	4089564886	4249395902	4249395902	22
3727429082	3727429082	3878598911	3878598911	22
3742948562	3742948562	3905985186	3905985186	22
3751887615	3751887615	3892284008	3892284008	22
3725234976	3725234976	3876276940	3876276940	22
3726597566	3726597566	3877707274	3877707274	22
3725684414	3725684414	3876749503	3876749503	22
3741558706	3741558706	3904578234	3904578234	22
4091314624	4091314624	4251717104	4251717104	22
4073808842	4073808842	4242723746	4242723746	22
4075000555	4075000555	4241500097	4241500097	22
3220141445	3220141445	3362021551	3362021551	21
3252992581	3252992581	3407285755	3407285755	21
3244670987	3244670987	4736314910	4736314910	21
3244249767	3244249767	3351225375	3351225375	21
3238404070	3238404070	3357196488	3357196488	21
3222114949	3222114949	3363991049	3363991049	21
3232164853	3232164853	3372693057	3372693057	21
3233014759	3233014759	3373501434	3373501434	21
3226685946	3226685946	3367712453	3367712453	21
3232210031	3232210031	3372728005	3372728005	21
3235121537	3235121537	3360664905	3360664905	21
3319457564	3319457564	3406175276	3406175276	21
3223733173	3223733173	3365581363	3365581363	21
3288652677	3288652677	3424912937	3424912937	21
3288900490	3288900490	3424808561	3424808561	21
3303219332	3303219332	3390061577	3390061577	21
3308550550	3308550550	3395481779	3395481779	21
3224644072	3224644072	3366293042	3366293042	21
4489902852	4489902852	2381738702	2381738702	20
3127102244	3127102244	3276286307	3276286307	20
3155787861	3155787861	3281711084	3281711084	20
3156345979	3156345979	3282272405	3282272405	20
3163728673	3163728673	3289542949	3289542949	20
3161090915	3161090915	3286896680	3286896680	20
657871066	657871066	415659356	415659356	20
3525481403	3525481403	3683236512	3683236512	20
2380940988	2380940988	2307454147	2307454147	20
4489438704	4489438704	2381311106	2381311106	20
2380655128	2380655128	2302982310	2302982310	20
2380791677	2380791677	2307611722	2307611722	20
2380985978	2380985978	2307416789	2307416789	20
3138141003	3138141003	3265258853	3265258853	20
3138040563	3138040563	3265441553	3265441553	20
3128636011	3128636011	3274753886	3274753886	20
3127150380	3127150380	3276207341	3276207341	20
3135840328	3135840328	3267665765	3267665765	20
3130761711	3130761711	3272690246	3272690246	20
3114089708	3114089708	3242599713	3242599713	20
3142861366	3142861366	3261947951	3261947951	20
3176303168	3176303168	3302045341	3302045341	20
3177453757	3177453757	3303211620	3303211620	20
3177582173	3177582173	3303334537	3303334537	20
3166373967	3166373967	3292048985	3292048985	20
3111843275	3111843275	3240273464	3240273464	20
3117951062	3117951062	3238171200	3238171200	20
3175668029	3175668029	3301391068	3301391068	20
3120374547	3120374547	3249036041	3249036041	20
3150264107	3150264107	3252322392	3252322392	20
3207960105	3207960105	3333650422	3333650422	20
3202217782	3202217782	3327909391	3327909391	20
3148334172	3148334172	3234520204	3234520204	20
3148119011	3148119011	3234345756	3234345756	20
3150187210	3150187210	3252254404	3252254404	20
4665258881	4665258881	2554175882	2554175882	19
4516979901	4516979901	2406412056	2406412056	19
4652078695	4652078695	2541702206	2541702206	19
4655207419	4655207419	2544806509	2544806509	19
4659444287	4659444287	2548780775	2548780775	19
4659778105	4659778105	2549103929	2549103929	19
4672698451	4672698451	2563103502	2563103502	19
4670545055	4670545055	2561213095	2561213095	19
4672023668	4672023668	2562544200	2562544200	19
2433463167	2433463167	2324238973	2324238973	19
4554366029	4554366029	2443694464	2443694464	19
4545661780	4545661780	2434872537	2434872537	19
2632852934	2632852934	2744289268	2744289268	19
4512056227	4512056227	2401787742	2401787742	19
4512750509	4512750509	2402440498	2402440498	19
4564307317	4564307317	2453247722	2453247722	19
4511852053	4511852053	2401601868	2401601868	19
4600274271	4600274271	2489611661	2489611661	19
4474469116	4474469116	2393261709	2393261709	19
4631100773	4631100773	2520513213	2520513213	19
4621832029	4621832029	2511127705	2511127705	19
4610361280	4610361280	2500099498	2500099498	19
4601704230	4601704230	2491095479	2491095479	19
4602409509	4602409509	2491772170	2491772170	19
4596896920	4596896920	2486178167	2486178167	19
4596121091	4596121091	2485449925	2485449925	19
4572075680	4572075680	2460849520	2460849520	19
4568088854	4568088854	2456856759	2456856759	19
4566904519	4566904519	2455742674	2455742674	19
4564586001	4564586001	2453490565	2453490565	19
849686446	849686446	306327328	306327328	18
847240277	847240277	303938821	303938821	18
841944393	841944393	298870423	298870423	18
840595839	840595839	297578294	297578294	18
832859368	832859368	290493689	290493689	18
823425409	823425409	281605421	281605421	18
778864266	778864266	237323525	237323525	18
856972671	856972671	312923596	312923596	18
864599120	864599120	320243577	320243577	18
876663258	876663258	331911256	331911256	18
877011239	877011239	332145280	332145280	18
881312222	881312222	336382024	336382024	18
890323876	890323876	345041657	345041657	18
805005631	805005631	263058540	263058540	18
826112162	826112162	284181820	284181820	18
771057753	771057753	230231010	230231010	18
700629206	700629206	398285036	398285036	18
684108926	684108926	440509735	440509735	18
694032628	694032628	449999168	449999168	18
694245925	694245925	450189576	450189576	18
694667771	694667771	450642639	450642639	18
700590947	700590947	398332107	398332107	18
686484304	686484304	442716155	442716155	18
721376713	721376713	377882098	377882098	18
723040504	723040504	376650940	376650940	18
732590832	732590832	367563632	367563632	18
751228991	751228991	210304075	210304075	18
764400123	764400123	223721260	223721260	18
766613087	766613087	225849638	225849638	18
347409552	347409552	4506676734	4506676734	17
173199787	173199787	4475609502	4475609502	17
326930023	326930023	4487010047	4487010047	17
328103179	328103179	4488217170	4488217170	17
338489554	338489554	4498527917	4498527917	17
341248573	341248573	4501127095	4501127095	17
237014161	237014161	4533601736	4533601736	17
443407286	443407286	4525555462	4525555462	17
315684495	315684495	4532715307	4532715307	17
237194945	237194945	4533756382	4533756382	17
281494224	281494224	4575493227	4575493227	17
164704377	164704377	4467657682	4467657682	17
165683863	165683863	4468579269	4468579269	17
230873130	230873130	4640867126	4640867126	17
162425642	162425642	4465475839	4465475839	17
148360349	148360349	4451748161	4451748161	17
76022940	76022940	4379201320	4379201320	17
301565143	301565143	4582205166	4582205166	17
209097375	209097375	4626139672	4626139672	17
220370909	220370909	4595623436	4595623436	17
279308778	279308778	4573423334	4573423334	17
244795326	244795326	4540970941	4540970941	17
426140751	426140751	141321380	141321380	17
175234630	175234630	4615085377	4615085377	17
173668783	173668783	4629110075	4629110075	17
307540071	307540071	4653868406	4653868406	17
281346856	281346856	4575377294	4575377294	17
438212937	438212937	4530432623	4530432623	17
274859728	274859728	4569514445	4569514445	17
3600393975	3600393975	3784283527	3784283527	17
3596387631	3596387631	3780074936	3780074936	17
3621708008	3621708008	3765028271	3765028271	17
3621644782	3621644782	3764966199	3764966199	17
3611081498	3611081498	3795821323	3795821323	17
3610955883	3610955883	3794556955	3794556955	17
3607276951	3607276951	3791113186	3791113186	17
3604926438	3604926438	3788729627	3788729627	17
3604026260	3604026260	3787850329	3787850329	17
3603013882	3603013882	3786876126	3786876126	17
3599383663	3599383663	3783267270	3783267270	17
3599996422	3599996422	3783870434	3783870434	17
3600299458	3600299458	3784192508	3784192508	17
3621809326	3621809326	3765123302	3765123302	17
3600891643	3600891643	3784792263	3784792263	17
3598847184	3598847184	3782749866	3782749866	17
3638884080	3638884080	3747177671	3747177671	17
3594835415	3594835415	3778547553	3778547553	17
3601883433	3601883433	3785787216	3785787216	17
3602480712	3602480712	3786359862	3786359862	17
3596307035	3596307035	3779988498	3779988498	17
3597487307	3597487307	3781447668	3781447668	17
3597220719	3597220719	3781202088	3781202088	17
3649028679	3649028679	3750557947	3750557947	17
3655498187	3655498187	3739683037	3739683037	17
3639335258	3639335258	3747636655	3747636655	17
4509552384	4509552384	2355382123	2355382123	16
2409163315	2409163315	2273661284	2273661284	16
2389086463	2389086463	2298192295	2298192295	16
4511086728	4511086728	2352055009	2352055009	16
4509624315	4509624315	2355275632	2355275632	16
4504317730	4504317730	2365449937	2365449937	16
4509510496	4509510496	2355436541	2355436541	16
4498752921	4498752921	2374227360	2374227360	16
4504092380	4504092380	2365554088	2365554088	16
4503000185	4503000185	2366771555	2366771555	16
4484890411	4484890411	2376984519	2376984519	16
2403701170	2403701170	2265991633	2265991633	16
2405217440	2405217440	2268377594	2268377594	16
2437605439	2437605439	2329058759	2329058759	16
2397376096	2397376096	2291450891	2291450891	16
2841726916	2841726916	3103633986	3103633986	16
2438179954	2438179954	2329702631	2329702631	16
2437783846	2437783846	2329242377	2329242377	16
2437668044	2437668044	2329141676	2329141676	16
2379646823	2379646823	2303996101	2303996101	16
2421401465	2421401465	2309732889	2309732889	16
2421673398	2421673398	2310162960	2310162960	16
2421881695	2421881695	2310392917	2310392917	16
2382922387	2382922387	2309114769	2309114769	16
2459141971	2459141971	2347085700	2347085700	16
4498357607	4498357607	2373805313	2373805313	16
4498515982	4498515982	2373975613	2373975613	16
2428792159	2428792159	2318566648	2318566648	16
4498021919	4498021919	2373446051	2373446051	16
4019727036	4019727036	4177227343	4177227343	16
2409034696	2409034696	2273501484	2273501484	16
3991741402	3991741402	4144625546	4144625546	16
3998178347	3998178347	4153270454	4153270454	16
3997759160	3997759160	4152550283	4152550283	16
3998194104	3998194104	4153291852	4153291852	16
4007286058	4007286058	4163350969	4163350969	16
4014827641	4014827641	4171921134	4171921134	16
4014950938	4014950938	4172064135	4172064135	16
4023052626	4023052626	4181013520	4181013520	16
4022948187	4022948187	4180897970	4180897970	16
4022450874	4022450874	4180408196	4180408196	16
4021905943	4021905943	4179809863	4179809863	16
3991564825	3991564825	4144519793	4144519793	16
4019745426	4019745426	4177247366	4177247366	16
924132706	924132706	180829231	180829231	16
4016264597	4016264597	4173442758	4173442758	16
2394865314	2394865314	2292215115	2292215115	16
961925584	961925584	144286153	144286153	16
939504409	939504409	165766661	165766661	16
3505714502	3505714502	96148917	96148917	16
924066678	924066678	180876186	180876186	16
924015933	924015933	180957151	180957151	16
923224919	923224919	181601631	181601631	16
901809706	901809706	203144858	203144858	16
898969219	898969219	205678354	205678354	16
2563389926	2563389926	2676788111	2676788111	15
2528317783	2528317783	2585148404	2585148404	15
2563412991	2563412991	2676810629	2676810629	15
2463999346	2463999346	2650554474	2650554474	15
2559093190	2559093190	2672269870	2672269870	15
2558476722	2558476722	2671648687	2671648687	15
2554306301	2554306301	2667736990	2667736990	15
2556480661	2556480661	2669781105	2669781105	15
2557096980	2557096980	2670376791	2670376791	15
2494502498	2494502498	2617739570	2617739570	15
2479089598	2479089598	2632922471	2632922471	15
2519423188	2519423188	2577483620	2577483620	15
2527153189	2527153189	2586293495	2586293495	15
2526985118	2526985118	2586332445	2586332445	15
2526141263	2526141263	2584030678	2584030678	15
2521766629	2521766629	2579646504	2579646504	15
2520098271	2520098271	2578147792	2578147792	15
2510909635	2510909635	2600758149	2600758149	15
2542603815	2542603815	2655891236	2655891236	15
1043552430	1043552430	644413825	644413825	15
1053496129	1053496129	654635437	654635437	15
2570112499	2570112499	2683434468	2683434468	15
2541789831	2541789831	2655133486	2655133486	15
2519297158	2519297158	2577416959	2577416959	15
2566398030	2566398030	2679826637	2679826637	15
2593745701	2593745701	2706159603	2706159603	15
2462909907	2462909907	2651978541	2651978541	15
2622473058	2622473058	2732804067	2732804067	15
2619753496	2619753496	2730053391	2730053391	15
2616966234	2616966234	2727177722	2727177722	15
2609839593	2609839593	2721343353	2721343353	15
2607623399	2607623399	2719413363	2719413363	15
2606647242	2606647242	2718433324	2718433324	15
2597097738	2597097738	2709389390	2709389390	15
2596798623	2596798623	2709089157	2709089157	15
2595014740	2595014740	2707339174	2707339174	15
2622272346	2622272346	2732644730	2732644730	15
2590021877	2590021877	2702442247	2702442247	15
2576367625	2576367625	2689483538	2689483538	15
2587190266	2587190266	2699775312	2699775312	15
2570502665	2570502665	2683814853	2683814853	15
2573350634	2573350634	2686579777	2686579777	15
2570624917	2570624917	2683938183	2683938183	15
2576749442	2576749442	2689833464	2689833464	15
2584246237	2584246237	2696887993	2696887993	15
2585388743	2585388743	2697996388	2697996388	15
2585981234	2585981234	2698572930	2698572930	15
3339896388	3339896388	3527665992	3527665992	14
5130964820	5130964820	4936718588	4936718588	14
5130647675	5130647675	4936769361	4936769361	14
1416108169	1416108169	1029292408	1029292408	14
5137035655	5137035655	4881190648	4881190648	14
5136722840	5136722840	4881326035	4881326035	14
1421983687	1421983687	1035162810	1035162810	14
5109828562	5109828562	4962863592	4962863592	14
5110639731	5110639731	4962029763	4962029763	14
4985467904	4985467904	5069405717	5069405717	14
4985593208	4985593208	5069536836	5069536836	14
5007791431	5007791431	4832865745	4832865745	14
4861193917	4861193917	4995860202	4995860202	14
5119356753	5119356753	4952799866	4952799866	14
5041243841	5041243841	5110320284	5110320284	14
5041363795	5041363795	5110050835	5110050835	14
5042669820	5042669820	5108883351	5108883351	14
3658765550	3658765550	3815168928	3815168928	14
3664713808	3664713808	3804684300	3804684300	14
3663549741	3663549741	3806826007	3806826007	14
3673997780	3673997780	3823852053	3823852053	14
3682333473	3682333473	3832480956	3832480956	14
3694697545	3694697545	3850339676	3850339676	14
3663025882	3663025882	3807450730	3807450730	14
3662128151	3662128151	3808708589	3808708589	14
3700832520	3700832520	3839769795	3839769795	14
3700707925	3700707925	3839647761	3839647761	14
3699962775	3699962775	3839032629	3839032629	14
3699250005	3699250005	3838317485	3838317485	14
3686816616	3686816616	3801712873	3801712873	14
3680967466	3680967466	3831112970	3831112970	14
3680547721	3680547721	3830697402	3830697402	14
3679180033	3679180033	3829331239	3829331239	14
3679799331	3679799331	3829962767	3829962767	14
3667266197	3667266197	3857974399	3857974399	14
3690272772	3690272772	3854676784	3854676784	14
3680623445	3680623445	3830773891	3830773891	14
3694632331	3694632331	3850351814	3850351814	14
1575496330	1575496330	1188748185	1188748185	13
1621733987	1621733987	1234985512	1234985512	13
664722805	664722805	421912267	421912267	13
1605837148	1605837148	1219098309	1219098309	13
1581195375	1581195375	1194401477	1194401477	13
1579128413	1579128413	1192246492	1192246492	13
1558350578	1558350578	1171418776	1171418776	13
1571878820	1571878820	1184977711	1184977711	13
1564453779	1564453779	1177363609	1177363609	13
1558221525	1558221525	1171310743	1171310743	13
1531813657	1531813657	1145160034	1145160034	13
1629690023	1629690023	1243150159	1243150159	13
1624332313	1624332313	1237675192	1237675192	13
1661097757	1661097757	1275393683	1275393683	13
1648151275	1648151275	1262327720	1262327720	13
1650076593	1650076593	1264216223	1264216223	13
1652868614	1652868614	1267004353	1267004353	13
1653353736	1653353736	1267560788	1267560788	13
1654308347	1654308347	1268481713	1268481713	13
1655799225	1655799225	1270096233	1270096233	13
1655875234	1655875234	1270170884	1270170884	13
1660655594	1660655594	1274917353	1274917353	13
1664744866	1664744866	1278902155	1278902155	13
1664814524	1664814524	1279020247	1279020247	13
1678150433	1678150433	1292607978	1292607978	13
1679329329	1679329329	1293768486	1293768486	13
1513674240	1513674240	1127208247	1127208247	13
1529705281	1529705281	1143286396	1143286396	13
3944350740	3944350740	4083823849	4083823849	13
2283806533	2283806533	1344708205	1344708205	13
3946902799	3946902799	4092534324	4092534324	13
3946878240	3946878240	4092432925	4092432925	13
4328447696	4328447696	2128161149	2128161149	13
4231967355	4231967355	2050249809	2050249809	13
4145309447	4145309447	2235690740	2235690740	13
3531695942	3531695942	3668215876	3668215876	12
3548718476	3548718476	3650875594	3650875594	12
1091146161	1091146161	694311052	694311052	12
1091077939	1091077939	694238128	694238128	12
1127345681	1127345681	731188599	731188599	12
1127208121	1127208121	731089028	731089028	12
1120452670	1120452670	724258017	724258017	12
3584312757	3584312757	3714774680	3714774680	12
3568623879	3568623879	3650242158	3650242158	12
3535344921	3535344921	3664460046	3664460046	12
3548698805	3548698805	3650940820	3650940820	12
3548511639	3548511639	3651100072	3651100072	12
1093157890	1093157890	696347046	696347046	12
3536631476	3536631476	3663219101	3663219101	12
3536725387	3536725387	3663112776	3663112776	12
3536858666	3536858666	3663059528	3663059528	12
3540836659	3540836659	3658899133	3658899133	12
3542169694	3542169694	3657444850	3657444850	12
1091643513	1091643513	694868979	694868979	12
1133630898	1133630898	737589166	737589166	12
1096701960	1096701960	700102057	700102057	12
107941765	107941765	4411579523	4411579523	12
1026713850	1026713850	626281563	626281563	12
1021485094	1021485094	620159570	620159570	12
1100733530	1100733530	704185792	704185792	12
235973204	235973204	4645849101	4645849101	12
6572561	6572561	4312012861	4312012861	12
6763603	6763603	4312113963	4312113963	12
2333464	2333464	4309785544	4309785544	12
100920313	100920313	4404605984	4404605984	12
1016999866	1016999866	615544932	615544932	12
110531111	110531111	4414225170	4414225170	12
131056858	131056858	4435052575	4435052575	12
71113444	71113444	4373837765	4373837765	12
67338426	67338426	4370187789	4370187789	12
62063176	62063176	4364913595	4364913595	12
3548060801	3548060801	3651480150	3651480150	12
122964564	122964564	4427021478	4427021478	12
4939339031	4939339031	4941926793	4941926793	10
3472655187	3472655187	3626679354	3626679354	10
3471941460	3471941460	3627395045	3627395045	10
3471006240	3471006240	3628349000	3628349000	10
1807605981	1807605981	1814663601	1814663601	10
5096853635	5096853635	4918862219	4918862219	10
5105374555	5105374555	4927310380	4927310380	10
5067960352	5067960352	5087060324	5087060324	10
4939608454	4939608454	4942301226	4942301226	10
5162456177	5162456177	4845470325	4845470325	10
5067672821	5067672821	5086783262	5086783262	10
5062053854	5062053854	5088790550	5088790550	10
5043747211	5043747211	5094132104	5094132104	10
3448039995	3448039995	3569308333	3569308333	10
3465852719	3465852719	3633186522	3633186522	10
3481787244	3481787244	3610895849	3610895849	10
3447965490	3447965490	3569253117	3569253117	10
3507942635	3507942635	3639504423	3639504423	10
5049056454	5049056454	5099398091	5099398091	10
3500244935	3500244935	3597597308	3597597308	10
3500021084	3500021084	3597822278	3597822278	10
3428700645	3428700645	3558593679	3558593679	10
3435542358	3435542358	3583869971	3583869971	10
3435287917	3435287917	3587781773	3587781773	10
3460917658	3460917658	3637755847	3637755847	10
3473752511	3473752511	3625475164	3625475164	10
3462626257	3462626257	3636367984	3636367984	10
5095057344	5095057344	4916761270	4916761270	10
3482721631	3482721631	3611990745	3611990745	10
3483140745	3483140745	3612427290	3612427290	10
3488697323	3488697323	3618372606	3618372606	10
3477199293	3477199293	3622012031	3622012031	10
5046090726	5046090726	5096573773	5096573773	10
3506656138	3506656138	3563170772	3563170772	10
5074597739	5074597739	5060309274	5060309274	10
1354156099	1354156099	965367042	965367042	10
4925475274	4925475274	4857809161	4857809161	10
1268605704	1268605704	941459404	941459404	10
5080182466	5080182466	5054739301	5054739301	10
1270621920	1270621920	945157159	945157159	10
1372745037	1372745037	984345603	984345603	10
1372360242	1372360242	983947395	983947395	10
1372288543	1372288543	983891074	983891074	10
1365540686	1365540686	977023965	977023965	10
1402424649	1402424649	1015010092	1015010092	10
1352414711	1352414711	963407814	963407814	10
1323615339	1323615339	874596600	874596600	10
4889054527	4889054527	5024411218	5024411218	10
4894335380	4894335380	5028751018	5028751018	10
4905504706	4905504706	5040737066	5040737066	10
4909192673	4909192673	5044806623	5044806623	10
4915384631	4915384631	5051987761	5051987761	10
1351881211	1351881211	962760673	962760673	10
4386138131	4386138131	2188887652	2188887652	9
4407017492	4407017492	2227004110	2227004110	9
4353075419	4353075419	2222837026	2222837026	9
4361090199	4361090199	2212809061	2212809061	9
4361970818	4361970818	2211666953	2211666953	9
4380075463	4380075463	2204793396	2204793396	9
4278190148	4278190148	2096212891	2096212891	9
4389943448	4389943448	2192724270	2192724270	9
4280405380	4280405380	2098863952	2098863952	9
4278882522	4278882522	2096967860	2096967860	9
4260212786	4260212786	2078126410	2078126410	9
4333231019	4333231019	2133586674	2133586674	9
4241220091	4241220091	2059334396	2059334396	9
4271381145	4271381145	2089283781	2089283781	9
4215105346	4215105346	2033559220	2033559220	9
4339954934	4339954934	2142590889	2142590889	9
4203938540	4203938540	2021744753	2021744753	9
4436596047	4436596047	1938029543	1938029543	9
4426955596	4426955596	1948088880	1948088880	9
4426709099	4426709099	1948544679	1948544679	9
4426299508	4426299508	1948931185	1948931185	9
4342137036	4342137036	2145598008	2145598008	9
4152940551	4152940551	1968778120	1968778120	9
4152897129	4152897129	1968728398	1968728398	9
4166054887	4166054887	1981887192	1981887192	9
4198670766	4198670766	2016469038	2016469038	9
4198990337	4198990337	2016777618	2016777618	9
4200479677	4200479677	2018259970	2018259970	9
4203847717	4203847717	2021651877	2021651877	9
4425855816	4425855816	1949354543	1949354543	9
4213370487	4213370487	2031717130	2031717130	9
4139057887	4139057887	2238785718	2238785718	9
4213613344	4213613344	2031967556	2031967556	9
4345941707	4345941707	2150427410	2150427410	9
4140825402	4140825402	2237184471	2237184471	9
4144678786	4144678786	2235399330	2235399330	9
4135835706	4135835706	2242310637	2242310637	9
4412857765	4412857765	2231602170	2231602170	9
4305140901	4305140901	2123599578	2123599578	9
4220570953	4220570953	2039068904	2039068904	9
4339392230	4339392230	2141902834	2141902834	9
4215074436	4215074436	2033503451	2033503451	9
4222357011	4222357011	2040880085	2040880085	9
3369790540	3369790540	3505576223	3505576223	8
3107368743	3107368743	3233179372	3233179372	8
2995993077	2995993077	3141509012	3141509012	8
3581892379	3581892379	3712025651	3712025651	8
1246315001	1246315001	795700385	795700385	8
1246465259	1246465259	795643270	795643270	8
3367597795	3367597795	3507789518	3507789518	8
3367860107	3367860107	3507593099	3507593099	8
2691293653	2691293653	2778218106	2778218106	8
2683366175	2683366175	2770293756	2770293756	8
2692042176	2692042176	2779027061	2779027061	8
421700794	421700794	130257156	130257156	8
386275842	386275842	123021846	123021846	8
388568853	388568853	120938595	120938595	8
463007478	463007478	70978648	70978648	8
400015695	400015695	109402039	109402039	8
386635689	386635689	122767940	122767940	8
1244926659	1244926659	797183088	797183088	8
3101325145	3101325145	3228211981	3228211981	8
3381397823	3381397823	3493912446	3493912446	8
3379272960	3379272960	3496070855	3496070855	8
979567382	979567382	580587367	580587367	8
1241625451	1241625451	805700955	805700955	8
1240780871	1240780871	804826057	804826057	8
1004213475	1004213475	602510085	602510085	8
1226133291	1226133291	817039781	817039781	8
1231904527	1231904527	822850814	822850814	8
1168935788	1168935788	772908464	772908464	8
1150831909	1150831909	754692169	754692169	8
1186998056	1186998056	791001886	791001886	8
1250400955	1250400955	791472751	791472751	8
3379173778	3379173778	3496129035	3496129035	8
3376662054	3376662054	3498676718	3498676718	8
3376583702	3376583702	3498734466	3498734466	8
3338392018	3338392018	3546923850	3546923850	8
3379914416	3379914416	3495254363	3495254363	8
3423141769	3423141769	3452289033	3452289033	8
3419335673	3419335673	3455541942	3455541942	8
3416497315	3416497315	3458381848	3458381848	8
3381546498	3381546498	3493648692	3493648692	8
3341094058	3341094058	3528395208	3528395208	8
403725626	403725626	105783199	105783199	8
3342138053	3342138053	3529493710	3529493710	8
405698426	405698426	103893942	103893942	8
406497946	406497946	103070353	103070353	8
406550471	406550471	102946170	102946170	8
367435160	367435160	17968209	17968209	8
372298605	372298605	13414684	13414684	8
415653566	415653566	3768289	3768289	8
415429537	415429537	3578147	3578147	8
413119157	413119157	1771386	1771386	8
361269635	361269635	82230157	82230157	8
365482773	365482773	85721700	85721700	8
465986241	465986241	68306104	68306104	8
466426353	466426353	67838578	67838578	8
3401427919	3401427919	3473758603	3473758603	8
3397649661	3397649661	3477320288	3477320288	8
3391666794	3391666794	3483173927	3483173927	8
3391498023	3391498023	3483610326	3483610326	8
3364351657	3364351657	3511119399	3511119399	8
3348458373	3348458373	3526873214	3526873214	8
3345554851	3345554851	3532795418	3532795418	8
3104759242	3104759242	3231104568	3231104568	8
3046542211	3046542211	3173392465	3173392465	8
3099595981	3099595981	3226634438	3226634438	8
3063146686	3063146686	3190548501	3190548501	8
3097108560	3097108560	3224884873	3224884873	8
3044410114	3044410114	3171204386	3171204386	8
3005512346	3005512346	3125070838	3125070838	8
3048516139	3048516139	3175274360	3175274360	8
3053315011	3053315011	3180475268	3180475268	8
3065926827	3065926827	3193382155	3193382155	8
3028791190	3028791190	3129965314	3129965314	8
3046084118	3046084118	3172922203	3172922203	8
3066871230	3066871230	3194367205	3194367205	8
3071146810	3071146810	3198796728	3198796728	8
3085263485	3085263485	3213707423	3213707423	8
3089471809	3089471809	3217944624	3217944624	8
3085701669	3085701669	3214147333	3214147333	8
3087614777	3087614777	3216156138	3216156138	8
3067134873	3067134873	3194617229	3194617229	8
681530967	681530967	438076849	438076849	7
2667202349	2667202349	2910853419	2910853419	7
2667434312	2667434312	2910462679	2910462679	7
2668594744	2668594744	2909408707	2909408707	7
2673120949	2673120949	2905055036	2905055036	7
674485785	674485785	431488862	431488862	7
680513104	680513104	437167857	437167857	7
674812586	674812586	431806381	431806381	7
669465493	669465493	426501438	426501438	7
669364136	669364136	426415778	426415778	7
2643267157	2643267157	2933956195	2933956195	7
664362007	664362007	421661912	421661912	7
2644529163	2644529163	2932547456	2932547456	7
2825554381	2825554381	2876675445	2876675445	7
2738449082	2738449082	2823743780	2823743780	7
2739123495	2739123495	2824412380	2824412380	7
2750406699	2750406699	2835578771	2835578771	7
2751317415	2751317415	2836608884	2836608884	7
2753655141	2753655141	2838977438	2838977438	7
2819985711	2819985711	2882411851	2882411851	7
4443949739	4443949739	1930231420	1930231420	7
2825585040	2825585040	2876651641	2876651641	7
2826955126	2826955126	2875266334	2875266334	7
2369038638	2369038638	4739072526	4739072526	7
2810290713	2810290713	2859698172	2859698172	7
2811636521	2811636521	2858238494	2858238494	7
660102069	660102069	417706328	417706328	7
1915048910	1915048910	1894126129	1894126129	7
4441822396	4441822396	1932694538	1932694538	7
1815253005	1815253005	1822521184	1822521184	7
2193814015	2193814015	1432999886	1432999886	7
2207561586	2207561586	1418469153	1418469153	7
2207612356	2207612356	1418410878	1418410878	7
2213097472	2213097472	1412512087	1412512087	7
2217010285	2217010285	1408422336	1408422336	7
2217374033	2217374033	1408217203	1408217203	7
2218629737	2218629737	1406976605	1406976605	7
2233326184	2233326184	1391446218	1391446218	7
1802093762	1802093762	1867410558	1867410558	7
1972202132	1972202132	1799806546	1799806546	7
1820884778	1820884778	1828079551	1828079551	7
1815482216	1815482216	1822680893	1822680893	7
1814852606	1814852606	1822035408	1822035408	7
4441340189	4441340189	1933217039	1933217039	7
1813974655	1813974655	1821160641	1821160641	7
1808261881	1808261881	1815328792	1815328792	7
1963703211	1963703211	1761147881	1761147881	7
1959954794	1959954794	1764202904	1764202904	7
1912533295	1912533295	1896281706	1896281706	7
1913414743	1913414743	1895935727	1895935727	7
2760755990	2760755990	2846046460	2846046460	7
1916063715	1916063715	1893428471	1893428471	7
1925525197	1925525197	1884618983	1884618983	7
3137950247	3137950247	3265561307	3265561307	7
3137991539	3137991539	3265517972	3265517972	7
4459666248	4459666248	1903571659	1903571659	7
2815057880	2815057880	2856016813	2856016813	7
2748096275	2748096275	2833226172	2833226172	7
2774302272	2774302272	2851662284	2851662284	7
2715512998	2715512998	2802125946	2802125946	7
3004933713	3004933713	3125678748	3125678748	7
3021583041	3021583041	3138011789	3138011789	7
2983066982	2983066982	3155436595	3155436595	7
2989574847	2989574847	3148268098	3148268098	7
2812490233	2812490233	2852854285	2852854285	7
2708130876	2708130876	2794787720	2794787720	7
2791400085	2791400085	2892100546	2892100546	7
2759794046	2759794046	2845057362	2845057362	7
2813406507	2813406507	2854060819	2854060819	7
2782913330	2782913330	2754658681	2754658681	7
2929673683	2929673683	3000584659	3000584659	6
2938440769	2938440769	2992004550	2992004550	6
2936799722	2936799722	2993623313	2993623313	6
2936281135	2936281135	2994146713	2994146713	6
2934151272	2934151272	2996349618	2996349618	6
2933519492	2933519492	2996924322	2996924322	6
2933494627	2933494627	2996949854	2996949854	6
2932903784	2932903784	2997552200	2997552200	6
2931772442	2931772442	2998642877	2998642877	6
2925045904	2925045904	3005384632	3005384632	6
2925885735	2925885735	3004553420	3004553420	6
2925482007	2925482007	3004841330	3004841330	6
3979286679	3979286679	4118046730	4118046730	6
3963018971	3963018971	4122143260	4122143260	6
2953354498	2953354498	2977416697	2977416697	6
3971310315	3971310315	4110673305	4110673305	6
3973250113	3973250113	4111420053	4111420053	6
3973269287	3973269287	4111447488	4111447488	6
3709426011	3709426011	4220129139	4220129139	6
2953000643	2953000643	2977804072	2977804072	6
2957296003	2957296003	2973610362	2973610362	6
2956391970	2956391970	2974489102	2974489102	6
2921474109	2921474109	3008917552	3008917552	6
2894497372	2894497372	3035694269	3035694269	6
2897691779	2897691779	3032514802	3032514802	6
2902940670	2902940670	3027355536	3027355536	6
2905725496	2905725496	3024487547	3024487547	6
2907920006	2907920006	3022273690	3022273690	6
2908439668	2908439668	3021711992	3021711992	6
2908580369	2908580369	3021651974	3021651974	6
2910186555	2910186555	3020068154	3020068154	6
2975325605	2975325605	2953805491	2953805491	6
2956521905	2956521905	2974369795	2974369795	6
2971177016	2971177016	2959502133	2959502133	6
2969272508	2969272508	2961323387	2961323387	6
2963456207	2963456207	2967239886	2967239886	6
2963312168	2963312168	2967360810	2967360810	6
2957517931	2957517931	2973139667	2973139667	6
3975499515	3975499515	4114053481	4114053481	6
2956703281	2956703281	2974204416	2974204416	6
1077862107	1077862107	2974299186	2974299186	6
3974906699	3974906699	4113420476	4113420476	6
5057981763	5057981763	5093062825	5093062825	6
3975519172	3975519172	4114076904	4114076904	6
3904579234	3904579234	4052303380	4052303380	6
3929770806	3929770806	4060838030	4060838030	6
3928691650	3928691650	4061553581	4061553581	6
3928285767	3928285767	4061896351	4061896351	6
3910290725	3910290725	4041408642	4041408642	6
3911094862	3911094862	4040693553	4040693553	6
3917189600	3917189600	4040035755	4040035755	6
3908098499	3908098499	4056132068	4056132068	6
3905951603	3905951603	4053830607	4053830607	6
3904552308	3904552308	4052236838	4052236838	6
3975930618	3975930618	4114504018	4114504018	6
3904511663	3904511663	4052204231	4052204231	6
3904251491	3904251491	4051928223	4051928223	6
3904229792	3904229792	4051909330	4051909330	6
3896709928	3896709928	4048274445	4048274445	6
3896738018	3896738018	4048229373	4048229373	6
3898160742	3898160742	4046738615	4046738615	6
3900717013	3900717013	4043651034	4043651034	6
3900787025	3900787025	4043554331	4043554331	6
3930580963	3930580963	4059986363	4059986363	6
3922297115	3922297115	4065412678	4065412678	6
3918095522	3918095522	4074752145	4074752145	6
3917616027	3917616027	4075354576	4075354576	6
3976404323	3976404323	4115044493	4115044493	6
3980871729	3980871729	4119790018	4119790018	6
3964372620	3964372620	4128537218	4128537218	6
3989081141	3989081141	4129652835	4129652835	6
3965822823	3965822823	4127183615	4127183615	6
3966299862	3966299862	4126731894	4126731894	6
3966369140	3966369140	4126684833	4126684833	6
3966547981	3966547981	4126539482	4126539482	6
3967359460	3967359460	4125791765	4125791765	6
3967585165	3967585165	4125560890	4125560890	6
3967948997	3967948997	4125421485	4125421485	6
3968331035	3968331035	4125083902	4125083902	6
3988201819	3988201819	4108683378	4108683378	6
3923784275	3923784275	4063945603	4063945603	6
3922678641	3922678641	4065011964	4065011964	6
3922562391	3922562391	4065235226	4065235226	6
3917511420	3917511420	4075578275	4075578275	6
2875367113	2875367113	3054727815	3054727815	6
3911777865	3911777865	4036414906	4036414906	6
4051767905	4051767905	4229209160	4229209160	6
1738861306	1738861306	1693208907	1693208907	6
1831020461	1831020461	1837883646	1837883646	6
1831681179	1831681179	1838540952	1838540952	6
1831984131	1831984131	1838931938	1838931938	6
1832752455	1832752455	1839584549	1839584549	6
1837629743	1837629743	1844308294	1844308294	6
1853320968	1853320968	1860000368	1860000368	6
1986576212	1986576212	1810699847	1810699847	6
989588175	989588175	588073369	588073369	6
1738118217	1738118217	1693990226	1693990226	6
4037202839	4037202839	4212133929	4212133929	6
1742600053	1742600053	1689487252	1689487252	6
1743023625	1743023625	1688976794	1688976794	6
1746589818	1746589818	1685645311	1685645311	6
1751312133	1751312133	1680827967	1680827967	6
1751548249	1751548249	1680525594	1680525594	6
1766269013	1766269013	1742236037	1742236037	6
1767442642	1767442642	1741086502	1741086502	6
4040555044	4040555044	4202467878	4202467878	6
4046526771	4046526771	4215895368	4215895368	6
3912400256	3912400256	4036656362	4036656362	6
4037020728	4037020728	4211775952	4211775952	6
2835196484	2835196484	3096505383	3096505383	6
4057122647	4057122647	4210764938	4210764938	6
417536424	417536424	126225524	126225524	6
419658244	419658244	128266575	128266575	6
417197842	417197842	125840841	125840841	6
2837279458	2837279458	3099560903	3099560903	6
409280010	409280010	100106615	100106615	6
407129287	407129287	102090737	102090737	6
2834312009	2834312009	3095495981	3095495981	6
417428464	417428464	126108638	126108638	6
2836068759	2836068759	3097552148	3097552148	6
2846994104	2846994104	3087961065	3087961065	6
2843618730	2843618730	3070955900	3070955900	6
2843517797	2843517797	3071003247	3071003247	6
2843276005	2843276005	3071205332	3071205332	6
2862883373	2862883373	3066915661	3066915661	6
2863350544	2863350544	3066494217	3066494217	6
2831565180	2831565180	3092410776	3092410776	6
2063555676	2063555676	1563387749	1563387749	5
2030560062	2030560062	1595824639	1595824639	5
2032760026	2032760026	1593627114	1593627114	5
2090725418	2090725418	1537040716	1537040716	5
2070297665	2070297665	1557054853	1557054853	5
2073444922	2073444922	1554058065	1554058065	5
2020729398	2020729398	1605758116	1605758116	5
2091749593	2091749593	1535821326	1535821326	5
2022208509	2022208509	1604101959	1604101959	5
1883465422	1883465422	1660045357	1660045357	5
2013013945	2013013945	1613269047	1613269047	5
2010751770	2010751770	1615398103	1615398103	5
2001345709	2001345709	1649159127	1649159127	5
1875249353	1875249353	4595462246	4595462246	5
1873575324	1873575324	1620668545	1620668545	5
1872605341	1872605341	1621392282	1621392282	5
1871176216	1871176216	1622912710	1622912710	5
2130674932	2130674932	1517022231	1517022231	5
1862521430	1862521430	1631460151	1631460151	5
1855007010	1855007010	1638901824	1638901824	5
2130974240	2130974240	1517241118	1517241118	5
1788624905	1788624905	1748838473	1748838473	5
2129371526	2129371526	1515810287	1515810287	5
2124806994	2124806994	1511349935	1511349935	5
1315598137	1315598137	882764430	882764430	5
1364712804	1364712804	976175944	976175944	5
1287836803	1287836803	910176935	910176935	5
1279560500	1279560500	918536650	918536650	5
1278015134	1278015134	919926411	919926411	5
1259535695	1259535695	931828662	931828662	5
1259715088	1259715088	932012788	932012788	5
4064683043	4064683043	4203768213	4203768213	5
1797607192	1797607192	1872091461	1872091461	5
4062708848	4062708848	4206634816	4206634816	5
4058972740	4058972740	4208593256	4208593256	5
1785953445	1785953445	1735692550	1735692550	5
2260345382	2260345382	1364491129	1364491129	5
2259499328	2259499328	1365313458	1365313458	5
2265010787	2265010787	1360020246	1360020246	5
2176109415	2176109415	1452109545	1452109545	5
2168052184	2168052184	1460038033	1460038033	5
2099562512	2099562512	1486773811	1486773811	5
2117734974	2117734974	1504566292	1504566292	5
1287186658	1287186658	910841895	910841895	5
