name	start	end	strand	col	fill	lwd
1	1	245585701	1	4	4	0.1
2	245585702	438289848	1	4	4	0.1
3	438289849	605238142	1	4	4	0.1
4	605238143	760108049	1	4	4	0.1
5	760108050	907121620	1	4	4	0.1
6	907121621	1040519178	1	4	4	0.1
7	1040519179	1156241041	1	4	4	0.1
8	1156241042	1262570002	1	4	4	0.1
9	1262570003	1358340051	1	4	4	0.1
10	1358340052	1447455455	1	4	4	0.1
11	1447455456	1531447931	1	4	4	0.1
12	1531447932	1611377204	1	4	4	0.1
13	1611377205	1690268573	1	4	4	0.1
14	1690268574	1767684827	1	4	4	0.1
15	1767684828	1843824771	1	4	4	0.1
16	1843824772	1911071828	1	4	4	0.1
17	1911071829	1975873939	1	4	4	0.1
18	1975873940	2039124781	1	4	4	0.1
19	2039124782	2099757426	1	4	4	0.1
20	2099757427	2159198452	1	4	4	0.1
21	2159198453	2215105128	1	4	4	0.1
22	2215105129	2270775755	1	4	4	0.1
23	2270775756	2324364623	1	4	4	0.1
24	2324364624	2375927939	1	4	4	0.1
25	2375927940	2424544287	1	4	4	0.1
26	2424544288	2472138799	1	4	4	0.1
27	2472138800	2519078395	1	4	4	0.1
28	2519078396	2565383000	1	4	4	0.1
29	2565383001	2609449997	1	4	4	0.1
30	2609449998	2651832785	1	4	4	0.1
31	2651832786	2692806748	1	4	4	0.1
32	2692806749	2732467853	1	4	4	0.1
33	2732467854	2770979983	1	4	4	0.1
34	2770979984	2805011897	1	4	4	0.1
35	2805011898	2835523756	1	4	4	0.1
37	2835523757	2864189985	1	4	4	0.1
38	2864189986	2888969260	1	4	4	0.1
39	2888969261	2912366963	1	4	4	0.1
41	2912366964	2933543393	1	4	4	0.1
43	2933543394	2950625160	1	4	4	0.1
44	2950625161	2971046955	1	4	4	0.1
45	2971046956	2990879215	1	4	4	0.1
46	2990879216	3001906369	1	4	4	0.1
36	3001906370	3031730348	1	4	4	0.1
40	3031730349	3054186694	1	4	4	0.1
42	3054186695	3064412615	1	4	4	0.1
47	3064412616	3074657599	1	4	4	0.1
48	3074657600	3083460908	1	4	4	0.1
49	3083460909	3088286374	1	4	4	0.1
1	1	245585701	1	1	4	0.1
2	245585702	438289848	1	1	4	0.1
3	438289849	605238142	1	1	4	0.1
4	605238143	760108049	1	1	4	0.1
5	760108050	907121620	1	1	4	0.1
6	907121621	1040519178	1	1	4	0.1
7	1040519179	1156241041	1	1	4	0.1
8	1156241042	1262570002	1	1	4	0.1
9	1262570003	1358340051	1	1	4	0.1
10	1358340052	1447455455	1	1	4	0.1
11	1447455456	1531447931	1	1	4	0.1
12	1531447932	1611377204	1	1	4	0.1
13	1611377205	1690268573	1	1	4	0.1
14	1690268574	1767684827	1	1	4	0.1
15	1767684828	1843824771	1	1	4	0.1
16	1843824772	1911071828	1	1	4	0.1
17	1911071829	1975873939	1	1	4	0.1
18	1975873940	2039124781	1	1	4	0.1
19	2039124782	2099757426	1	1	4	0.1
20	2099757427	2159198452	1	1	4	0.1
21	2159198453	2215105128	1	1	4	0.1
22	2215105129	2270775755	1	1	4	0.1
23	2270775756	2324364623	1	1	4	0.1
24	2324364624	2375927939	1	1	4	0.1
25	2375927940	2424544287	1	1	4	0.1
26	2424544288	2472138799	1	1	4	0.1
27	2472138800	2519078395	1	1	4	0.1
28	2519078396	2565383000	1	1	4	0.1
29	2565383001	2609449997	1	1	4	0.1
30	2609449998	2651832785	1	1	4	0.1
31	2651832786	2692806748	1	1	4	0.1
32	2692806749	2732467853	1	1	4	0.1
33	2732467854	2770979983	1	1	4	0.1
34	2770979984	2805011897	1	1	4	0.1
35	2805011898	2835523756	1	1	4	0.1
37	2835523757	2864189985	1	1	4	0.1
38	2864189986	2888969260	1	1	4	0.1
39	2888969261	2912366963	1	1	4	0.1
41	2912366964	2933543393	1	1	4	0.1
43	2933543394	2950625160	1	1	4	0.1
44	2950625161	2971046955	1	1	4	0.1
45	2971046956	2990879215	1	1	4	0.1
46	2990879216	3001906369	1	1	4	0.1
36	3001906370	3031730348	1	1	4	0.1
40	3031730349	3054186694	1	1	4	0.1
42	3054186695	3064412615	1	1	4	0.1
47	3064412616	3074657599	1	1	4	0.1
48	3074657600	3083460908	1	1	4	0.1
49	3083460909	3088286374	1	1	4	0.1
L	1745646	1745646	1	5	5	0.01
L	3148135	3148135	1	5	5	0.01
L	3398328	3398328	1	5	5	0.01
L	3461817	3461817	1	5	5	0.01
L	3819763	3819763	1	5	5	0.01
L	8851120	8851120	1	5	5	0.01
L	9020925	9020925	1	5	5	0.01
L	9433738	9433738	1	5	5	0.01
L	10169885	10169885	1	5	5	0.01
L	10310054	10310054	1	5	5	0.01
L	10999430	10999430	1	5	5	0.01
L	11151228	11151228	1	5	5	0.01
L	13107926	13107926	1	5	5	0.01
L	16616528	16616528	1	5	5	0.01
L	18542463	18542463	1	5	5	0.01
L	20864503	20864503	1	5	5	0.01
L	24638466	24638466	1	5	5	0.01
L	24778804	24778804	1	5	5	0.01
L	26442879	26442879	1	5	5	0.01
L	26621189	26621189	1	5	5	0.01
L	26723738	26723738	1	5	5	0.01
L	27015488	27015488	1	5	5	0.01
L	27237164	27237164	1	5	5	0.01
L	29117191	29117191	1	5	5	0.01
L	29749492	29749492	1	5	5	0.01
L	29925294	29925294	1	5	5	0.01
L	30161169	30161169	1	5	5	0.01
L	35849448	35849448	1	5	5	0.01
L	36194452	36194452	1	5	5	0.01
L	410168655	410168655	1	5	5	0.01
L	39860526	39860526	1	5	5	0.01
L	40095493	40095493	1	5	5	0.01
L	40337658	40337658	1	5	5	0.01
L	40872894	40872894	1	5	5	0.01
L	40994395	40994395	1	5	5	0.01
L	41274920	41274920	1	5	5	0.01
L	41563557	41563557	1	5	5	0.01
L	44244719	44244719	1	5	5	0.01
L	44639781	44639781	1	5	5	0.01
L	45030813	45030813	1	5	5	0.01
L	45525835	45525835	1	5	5	0.01
L	57857853	57857853	1	5	5	0.01
L	61094166	61094166	1	5	5	0.01
L	61304556	61304556	1	5	5	0.01
L	61522254	61522254	1	5	5	0.01
L	64063560	64063560	1	5	5	0.01
L	64240953	64240953	1	5	5	0.01
L	64260127	64260127	1	5	5	0.01
L	70821398	70821398	1	5	5	0.01
L	78817127	78817127	1	5	5	0.01
L	79786332	79786332	1	5	5	0.01
L	85034251	85034251	1	5	5	0.01
L	85873615	85873615	1	5	5	0.01
L	88349394	88349394	1	5	5	0.01
L	90663283	90663283	1	5	5	0.01
L	96266443	96266443	1	5	5	0.01
L	98071452	98071452	1	5	5	0.01
L	104681623	104681623	1	5	5	0.01
L	106468089	106468089	1	5	5	0.01
L	106514113	106514113	1	5	5	0.01
L	107000465	107000465	1	5	5	0.01
L	114206438	114206438	1	5	5	0.01
L	114624094	114624094	1	5	5	0.01
L	114762309	114762309	1	5	5	0.01
L	115664923	115664923	1	5	5	0.01
L	125933768	125933768	1	5	5	0.01
L	127661308	127661308	1	5	5	0.01
L	127999775	127999775	1	5	5	0.01
L	128619580	128619580	1	5	5	0.01
L	130673595	130673595	1	5	5	0.01
L	130841540	130841540	1	5	5	0.01
L	130926538	130926538	1	5	5	0.01
L	135490095	135490095	1	5	5	0.01
L	136051706	136051706	1	5	5	0.01
L	136750002	136750002	1	5	5	0.01
L	136858454	136858454	1	5	5	0.01
L	137574017	137574017	1	5	5	0.01
L	137630178	137630178	1	5	5	0.01
L	140203247	140203247	1	5	5	0.01
L	140238427	140238427	1	5	5	0.01
L	140918506	140918506	1	5	5	0.01
L	141197408	141197408	1	5	5	0.01
L	146841051	146841051	1	5	5	0.01
L	147888855	147888855	1	5	5	0.01
L	151771793	151771793	1	5	5	0.01
L	155276830	155276830	1	5	5	0.01
L	157593658	157593658	1	5	5	0.01
L	159810829	159810829	1	5	5	0.01
L	159917579	159917579	1	5	5	0.01
L	160252697	160252697	1	5	5	0.01
L	161965397	161965397	1	5	5	0.01
L	163468941	163468941	1	5	5	0.01
L	167825110	167825110	1	5	5	0.01
L	170012514	170012514	1	5	5	0.01
L	170056874	170056874	1	5	5	0.01
L	170141890	170141890	1	5	5	0.01
L	170486321	170486321	1	5	5	0.01
L	172444807	172444807	1	5	5	0.01
L	177749997	177749997	1	5	5	0.01
L	177908487	177908487	1	5	5	0.01
L	180285105	180285105	1	5	5	0.01
L	180441597	180441597	1	5	5	0.01
L	181163096	181163096	1	5	5	0.01
L	188626421	188626421	1	5	5	0.01
L	190666652	190666652	1	5	5	0.01
L	190758097	190758097	1	5	5	0.01
L	192855399	192855399	1	5	5	0.01
L	194850088	194850088	1	5	5	0.01
L	202509744	202509744	1	5	5	0.01
L	206171615	206171615	1	5	5	0.01
L	206252415	206252415	1	5	5	0.01
L	208246737	208246737	1	5	5	0.01
L	210458266	210458266	1	5	5	0.01
L	213756879	213756879	1	5	5	0.01
L	213823459	213823459	1	5	5	0.01
L	213900972	213900972	1	5	5	0.01
L	214319686	214319686	1	5	5	0.01
L	215412446	215412446	1	5	5	0.01
L	219071932	219071932	1	5	5	0.01
L	222393903	222393903	1	5	5	0.01
L	234246751	234246751	1	5	5	0.01
L	237891264	237891264	1	5	5	0.01
L	250616724	250616724	1	7	7	0.01
L	252969271	252969271	1	7	7	0.01
L	264355548	264355548	1	7	7	0.01
L	267443511	267443511	1	7	7	0.01
L	268947764	268947764	1	7	7	0.01
L	269016567	269016567	1	7	7	0.01
L	269718723	269718723	1	7	7	0.01
L	270982691	270982691	1	7	7	0.01
L	272982585	272982585	1	7	7	0.01
L	273035068	273035068	1	7	7	0.01
L	274208112	274208112	1	7	7	0.01
L	274530809	274530809	1	7	7	0.01
L	274596759	274596759	1	7	7	0.01
L	275077977	275077977	1	7	7	0.01
L	276735508	276735508	1	7	7	0.01
L	277157757	277157757	1	7	7	0.01
L	281195377	281195377	1	7	7	0.01
L	283441468	283441468	1	7	7	0.01
L	285624250	285624250	1	7	7	0.01
L	285889192	285889192	1	7	7	0.01
L	286034958	286034958	1	7	7	0.01
L	287470687	287470687	1	7	7	0.01
L	293310302	293310302	1	7	7	0.01
L	293391734	293391734	1	7	7	0.01
L	306351072	306351072	1	7	7	0.01
L	306679341	306679341	1	7	7	0.01
L	308526705	308526705	1	7	7	0.01
L	308954036	308954036	1	7	7	0.01
L	309166796	309166796	1	7	7	0.01
L	311497703	311497703	1	7	7	0.01
L	311699241	311699241	1	7	7	0.01
L	311727644	311727644	1	7	7	0.01
L	311796233	311796233	1	7	7	0.01
L	312115337	312115337	1	7	7	0.01
L	317479034	317479034	1	7	7	0.01
L	317737950	317737950	1	7	7	0.01
L	319097113	319097113	1	7	7	0.01
L	327381964	327381964	1	7	7	0.01
L	328749955	328749955	1	7	7	0.01
L	328962815	328962815	1	7	7	0.01
L	333529483	333529483	1	7	7	0.01
L	336520699	336520699	1	7	7	0.01
L	338197177	338197177	1	7	7	0.01
L	338437602	338437602	1	7	7	0.01
L	339399454	339399454	1	7	7	0.01
L	339428141	339428141	1	7	7	0.01
L	352043633	352043633	1	7	7	0.01
L	352927119	352927119	1	7	7	0.01
L	353010291	353010291	1	7	7	0.01
L	356058141	356058141	1	7	7	0.01
L	361672065	361672065	1	7	7	0.01
L	366444275	366444275	1	7	7	0.01
L	367362360	367362360	1	7	7	0.01
L	368424528	368424528	1	7	7	0.01
L	371925812	371925812	1	7	7	0.01
L	372210192	372210192	1	7	7	0.01
L	372630532	372630532	1	7	7	0.01
L	372787286	372787286	1	7	7	0.01
L	375232805	375232805	1	7	7	0.01
L	375354803	375354803	1	7	7	0.01
L	377444410	377444410	1	7	7	0.01
L	380522574	380522574	1	7	7	0.01
L	380719995	380719995	1	7	7	0.01
L	380826613	380826613	1	7	7	0.01
L	382061073	382061073	1	7	7	0.01
L	382998835	382998835	1	7	7	0.01
L	383858123	383858123	1	7	7	0.01
L	386467540	386467540	1	7	7	0.01
L	386485806	386485806	1	7	7	0.01
L	386752717	386752717	1	7	7	0.01
L	387114464	387114464	1	7	7	0.01
L	392805584	392805584	1	7	7	0.01
L	397672602	397672602	1	7	7	0.01
L	398708436	398708436	1	7	7	0.01
L	400067557	400067557	1	7	7	0.01
L	400987929	400987929	1	7	7	0.01
L	401351847	401351847	1	7	7	0.01
L	402326935	402326935	1	7	7	0.01
L	402809864	402809864	1	7	7	0.01
L	404650215	404650215	1	7	7	0.01
L	408864903	408864903	1	7	7	0.01
L	410368105	410368105	1	7	7	0.01
L	410569995	410569995	1	7	7	0.01
L	414940860	414940860	1	7	7	0.01
L	418743098	418743098	1	7	7	0.01
L	421145312	421145312	1	7	7	0.01
L	427915528	427915528	1	7	7	0.01
L	429060162	429060162	1	7	7	0.01
L	429136731	429136731	1	7	7	0.01
L	429179486	429179486	1	7	7	0.01
L	430858008	430858008	1	7	7	0.01
L	430998259	430998259	1	7	7	0.01
L	437438242	437438242	1	7	7	0.01
L	439902225	439902225	1	8	8	0.01
L	448034885	448034885	1	8	8	0.01
L	453396065	453396065	1	8	8	0.01
L	453538985	453538985	1	8	8	0.01
L	453663248	453663248	1	8	8	0.01
L	455160828	455160828	1	8	8	0.01
L	456120932	456120932	1	8	8	0.01
L	458900370	458900370	1	8	8	0.01
L	463562646	463562646	1	8	8	0.01
L	464898781	464898781	1	8	8	0.01
L	466627322	466627322	1	8	8	0.01
L	466683702	466683702	1	8	8	0.01
L	472016441	472016441	1	8	8	0.01
L	474072145	474072145	1	8	8	0.01
L	475085624	475085624	1	8	8	0.01
L	478295879	478295879	1	8	8	0.01
L	488251675	488251675	1	8	8	0.01
L	488423790	488423790	1	8	8	0.01
L	490155370	490155370	1	8	8	0.01
L	491769511	491769511	1	8	8	0.01
L	493159381	493159381	1	8	8	0.01
L	493211434	493211434	1	8	8	0.01
L	493432817	493432817	1	8	8	0.01
L	493763535	493763535	1	8	8	0.01
L	497323184	497323184	1	8	8	0.01
L	498388771	498388771	1	8	8	0.01
L	502612424	502612424	1	8	8	0.01
L	503593351	503593351	1	8	8	0.01
L	503684324	503684324	1	8	8	0.01
L	504906803	504906803	1	8	8	0.01
L	504980547	504980547	1	8	8	0.01
L	506569453	506569453	1	8	8	0.01
L	506637092	506637092	1	8	8	0.01
L	511322052	511322052	1	8	8	0.01
L	511787850	511787850	1	8	8	0.01
L	513572969	513572969	1	8	8	0.01
L	515783007	515783007	1	8	8	0.01
L	516971829	516971829	1	8	8	0.01
L	517121497	517121497	1	8	8	0.01
L	518207187	518207187	1	8	8	0.01
L	519323403	519323403	1	8	8	0.01
L	521807981	521807981	1	8	8	0.01
L	528300428	528300428	1	8	8	0.01
L	530170237	530170237	1	8	8	0.01
L	532041288	532041288	1	8	8	0.01
L	532870738	532870738	1	8	8	0.01
L	533964893	533964893	1	8	8	0.01
L	534269770	534269770	1	8	8	0.01
L	535520917	535520917	1	8	8	0.01
L	536010205	536010205	1	8	8	0.01
L	536281586	536281586	1	8	8	0.01
L	537029963	537029963	1	8	8	0.01
L	537603121	537603121	1	8	8	0.01
L	537750886	537750886	1	8	8	0.01
L	537806660	537806660	1	8	8	0.01
L	538062501	538062501	1	8	8	0.01
L	543758987	543758987	1	8	8	0.01
L	548291915	548291915	1	8	8	0.01
L	551281981	551281981	1	8	8	0.01
L	552334211	552334211	1	8	8	0.01
L	554525608	554525608	1	8	8	0.01
L	555640638	555640638	1	8	8	0.01
L	555739893	555739893	1	8	8	0.01
L	557733809	557733809	1	8	8	0.01
L	557774551	557774551	1	8	8	0.01
L	558140421	558140421	1	8	8	0.01
L	560371353	560371353	1	8	8	0.01
L	566925476	566925476	1	8	8	0.01
L	568462431	568462431	1	8	8	0.01
L	589039189	589039189	1	8	8	0.01
L	571045244	571045244	1	8	8	0.01
L	571102173	571102173	1	8	8	0.01
L	572030997	572030997	1	8	8	0.01
L	572377232	572377232	1	8	8	0.01
L	574432794	574432794	1	8	8	0.01
L	574470311	574470311	1	8	8	0.01
L	575119481	575119481	1	8	8	0.01
L	575401559	575401559	1	8	8	0.01
L	575787029	575787029	1	8	8	0.01
L	576174196	576174196	1	8	8	0.01
L	577191393	577191393	1	8	8	0.01
L	579328953	579328953	1	8	8	0.01
L	579503690	579503690	1	8	8	0.01
L	580152774	580152774	1	8	8	0.01
L	582098351	582098351	1	8	8	0.01
L	584550134	584550134	1	8	8	0.01
L	586696603	586696603	1	8	8	0.01
L	588222263	588222263	1	8	8	0.01
L	589202037	589202037	1	8	8	0.01
L	615825131	615825131	1	9	9	0.01
L	625544361	625544361	1	9	9	0.01
L	625726648	625726648	1	9	9	0.01
L	625827347	625827347	1	9	9	0.01
L	626311470	626311470	1	9	9	0.01
L	626658004	626658004	1	9	9	0.01
L	626919609	626919609	1	9	9	0.01
L	627539893	627539893	1	9	9	0.01
L	627653717	627653717	1	9	9	0.01
L	627688050	627688050	1	9	9	0.01
L	627945408	627945408	1	9	9	0.01
L	630498492	630498492	1	9	9	0.01
L	1973699250	1973699250	1	9	9	0.01
L	635887435	635887435	1	9	9	0.01
L	636166400	636166400	1	9	9	0.01
L	636326423	636326423	1	9	9	0.01
L	636378843	636378843	1	9	9	0.01
L	636452951	636452951	1	9	9	0.01
L	637870231	637870231	1	9	9	0.01
L	637956111	637956111	1	9	9	0.01
L	638560079	638560079	1	9	9	0.01
L	638705135	638705135	1	9	9	0.01
L	638998282	638998282	1	9	9	0.01
L	639042985	639042985	1	9	9	0.01
L	639085922	639085922	1	9	9	0.01
L	639583705	639583705	1	9	9	0.01
L	640586763	640586763	1	9	9	0.01
L	642350019	642350019	1	9	9	0.01
L	642887599	642887599	1	9	9	0.01
L	642925503	642925503	1	9	9	0.01
L	643055599	643055599	1	9	9	0.01
L	644388585	644388585	1	9	9	0.01
L	644424650	644424650	1	9	9	0.01
L	644950814	644950814	1	9	9	0.01
L	646383020	646383020	1	9	9	0.01
L	656076968	656076968	1	9	9	0.01
L	656618619	656618619	1	9	9	0.01
L	656942697	656942697	1	9	9	0.01
L	659052380	659052380	1	9	9	0.01
L	666218850	666218850	1	9	9	0.01
L	668035979	668035979	1	9	9	0.01
L	668096370	668096370	1	9	9	0.01
L	668201009	668201009	1	9	9	0.01
L	668450826	668450826	1	9	9	0.01
L	669953406	669953406	1	9	9	0.01
L	670577983	670577983	1	9	9	0.01
L	670925470	670925470	1	9	9	0.01
L	671325148	671325148	1	9	9	0.01
L	676037746	676037746	1	9	9	0.01
L	678388039	678388039	1	9	9	0.01
L	679210191	679210191	1	9	9	0.01
L	679256595	679256595	1	9	9	0.01
L	679312983	679312983	1	9	9	0.01
L	679355694	679355694	1	9	9	0.01
L	684413832	684413832	1	9	9	0.01
L	685481541	685481541	1	9	9	0.01
L	685527220	685527220	1	9	9	0.01
L	687343064	687343064	1	9	9	0.01
L	687422328	687422328	1	9	9	0.01
L	689137283	689137283	1	9	9	0.01
L	697365329	697365329	1	9	9	0.01
L	697972240	697972240	1	9	9	0.01
L	699817053	699817053	1	9	9	0.01
L	699921868	699921868	1	9	9	0.01
L	704049893	704049893	1	9	9	0.01
L	779457898	779457898	1	9	9	0.01
L	705415140	705415140	1	9	9	0.01
L	707764018	707764018	1	9	9	0.01
L	707775884	707775884	1	9	9	0.01
L	712104413	712104413	1	9	9	0.01
L	725194124	725194124	1	9	9	0.01
L	726371118	726371118	1	9	9	0.01
L	727176060	727176060	1	9	9	0.01
L	727358562	727358562	1	9	9	0.01
L	729761288	729761288	1	9	9	0.01
L	730795354	730795354	1	9	9	0.01
L	733812590	733812590	1	9	9	0.01
L	734012133	734012133	1	9	9	0.01
L	734896888	734896888	1	9	9	0.01
L	738139659	738139659	1	9	9	0.01
L	738870894	738870894	1	9	9	0.01
L	739107807	739107807	1	9	9	0.01
L	740588060	740588060	1	9	9	0.01
L	743542905	743542905	1	9	9	0.01
L	745643486	745643486	1	9	9	0.01
L	745980376	745980376	1	9	9	0.01
L	751672747	751672747	1	9	9	0.01
L	754766765	754766765	1	9	9	0.01
L	764905962	764905962	1	10	10	0.01
L	766412189	766412189	1	10	10	0.01
L	767360128	767360128	1	10	10	0.01
L	767740236	767740236	1	10	10	0.01
L	769564872	769564872	1	10	10	0.01
L	770956483	770956483	1	10	10	0.01
L	774770774	774770774	1	10	10	0.01
L	774813789	774813789	1	10	10	0.01
L	775600297	775600297	1	10	10	0.01
L	776657451	776657451	1	10	10	0.01
L	777722498	777722498	1	10	10	0.01
L	777904968	777904968	1	10	10	0.01
L	780445543	780445543	1	10	10	0.01
L	780748747	780748747	1	10	10	0.01
L	786030621	786030621	1	10	10	0.01
L	786371566	786371566	1	10	10	0.01
L	786676382	786676382	1	10	10	0.01
L	788767888	788767888	1	10	10	0.01
L	788841846	788841846	1	10	10	0.01
L	789015749	789015749	1	10	10	0.01
L	789200594	789200594	1	10	10	0.01
L	789224985	789224985	1	10	10	0.01
L	789441350	789441350	1	10	10	0.01
L	2751857597	2751857597	1	10	10	0.01
L	790263546	790263546	1	10	10	0.01
L	791459620	791459620	1	10	10	0.01
L	791974223	791974223	1	10	10	0.01
L	792293623	792293623	1	10	10	0.01
L	794611459	794611459	1	10	10	0.01
L	795664591	795664591	1	10	10	0.01
L	795731258	795731258	1	10	10	0.01
L	795756795	795756795	1	10	10	0.01
L	797131971	797131971	1	10	10	0.01
L	797667928	797667928	1	10	10	0.01
L	799329841	799329841	1	10	10	0.01
L	799374372	799374372	1	10	10	0.01
L	801412856	801412856	1	10	10	0.01
L	802097720	802097720	1	10	10	0.01
L	802800502	802800502	1	10	10	0.01
L	803164819	803164819	1	10	10	0.01
L	806898198	806898198	1	10	10	0.01
L	807139744	807139744	1	10	10	0.01
L	809711235	809711235	1	10	10	0.01
L	810038548	810038548	1	10	10	0.01
L	813731405	813731405	1	10	10	0.01
L	814797367	814797367	1	10	10	0.01
L	815100506	815100506	1	10	10	0.01
L	816127039	816127039	1	10	10	0.01
L	820771058	820771058	1	10	10	0.01
L	821018929	821018929	1	10	10	0.01
L	821338657	821338657	1	10	10	0.01
L	821459112	821459112	1	10	10	0.01
L	824176777	824176777	1	10	10	0.01
L	826567390	826567390	1	10	10	0.01
L	826734651	826734651	1	10	10	0.01
L	827243361	827243361	1	10	10	0.01
L	828426235	828426235	1	10	10	0.01
L	830236005	830236005	1	10	10	0.01
L	834659986	834659986	1	10	10	0.01
L	836470162	836470162	1	10	10	0.01
L	837026569	837026569	1	10	10	0.01
L	838379772	838379772	1	10	10	0.01
L	840668558	840668558	1	10	10	0.01
L	841766381	841766381	1	10	10	0.01
L	843810970	843810970	1	10	10	0.01
L	845618266	845618266	1	10	10	0.01
L	845696125	845696125	1	10	10	0.01
L	849370011	849370011	1	10	10	0.01
L	849513635	849513635	1	10	10	0.01
L	855223428	855223428	1	10	10	0.01
L	855507319	855507319	1	10	10	0.01
L	859031430	859031430	1	10	10	0.01
L	863139233	863139233	1	10	10	0.01
L	863867500	863867500	1	10	10	0.01
L	864198496	864198496	1	10	10	0.01
L	866333384	866333384	1	10	10	0.01
L	866356497	866356497	1	10	10	0.01
L	868970161	868970161	1	10	10	0.01
L	872014250	872014250	1	10	10	0.01
L	872659965	872659965	1	10	10	0.01
L	875230062	875230062	1	10	10	0.01
L	875332659	875332659	1	10	10	0.01
L	875550351	875550351	1	10	10	0.01
L	876017814	876017814	1	10	10	0.01
L	876383356	876383356	1	10	10	0.01
L	876460701	876460701	1	10	10	0.01
L	877297058	877297058	1	10	10	0.01
L	878139682	878139682	1	10	10	0.01
L	878178422	878178422	1	10	10	0.01
L	878508958	878508958	1	10	10	0.01
L	879359513	879359513	1	10	10	0.01
L	879601039	879601039	1	10	10	0.01
L	879970842	879970842	1	10	10	0.01
L	880058817	880058817	1	10	10	0.01
L	880070490	880070490	1	10	10	0.01
L	880141248	880141248	1	10	10	0.01
L	880362669	880362669	1	10	10	0.01
L	880444647	880444647	1	10	10	0.01
L	880651112	880651112	1	10	10	0.01
L	880753392	880753392	1	10	10	0.01
L	880749729	880749729	1	10	10	0.01
L	880918217	880918217	1	10	10	0.01
L	881182841	881182841	1	10	10	0.01
L	882098828	882098828	1	10	10	0.01
L	882131279	882131279	1	10	10	0.01
L	883860133	883860133	1	10	10	0.01
L	884067957	884067957	1	10	10	0.01
L	889158725	889158725	1	10	10	0.01
L	890502687	890502687	1	10	10	0.01
L	895438149	895438149	1	10	10	0.01
L	897627343	897627343	1	10	10	0.01
L	899116687	899116687	1	10	10	0.01
L	899341872	899341872	1	10	10	0.01
L	900014192	900014192	1	10	10	0.01
L	900634127	900634127	1	10	10	0.01
L	901119553	901119553	1	10	10	0.01
L	903359763	903359763	1	10	10	0.01
L	904632138	904632138	1	10	10	0.01
L	905824908	905824908	1	10	10	0.01
L	918267596	918267596	1	11	11	0.01
L	918305832	918305832	1	11	11	0.01
L	7241987	7241987	1	11	11	0.01
L	925608335	925608335	1	11	11	0.01
L	925640393	925640393	1	11	11	0.01
L	927912902	927912902	1	11	11	0.01
L	927953233	927953233	1	11	11	0.01
L	929437773	929437773	1	11	11	0.01
L	930052155	930052155	1	11	11	0.01
L	930315667	930315667	1	11	11	0.01
L	933017001	933017001	1	11	11	0.01
L	938487579	938487579	1	11	11	0.01
L	939008096	939008096	1	11	11	0.01
L	939196514	939196514	1	11	11	0.01
L	939213624	939213624	1	11	11	0.01
L	940293289	940293289	1	11	11	0.01
L	942228697	942228697	1	11	11	0.01
L	944084565	944084565	1	11	11	0.01
L	944852681	944852681	1	11	11	0.01
L	949204930	949204930	1	11	11	0.01
L	950748119	950748119	1	11	11	0.01
L	951298367	951298367	1	11	11	0.01
L	952457840	952457840	1	11	11	0.01
L	956522659	956522659	1	11	11	0.01
L	956568193	956568193	1	11	11	0.01
L	956688932	956688932	1	11	11	0.01
L	956911524	956911524	1	11	11	0.01
L	957365310	957365310	1	11	11	0.01
L	958623785	958623785	1	11	11	0.01
L	960877408	960877408	1	11	11	0.01
L	961032525	961032525	1	11	11	0.01
L	961085962	961085962	1	11	11	0.01
L	961425843	961425843	1	11	11	0.01
L	962443080	962443080	1	11	11	0.01
L	965331059	965331059	1	11	11	0.01
L	965899711	965899711	1	11	11	0.01
L	965973800	965973800	1	11	11	0.01
L	966091219	966091219	1	11	11	0.01
L	966424783	966424783	1	11	11	0.01
L	969004287	969004287	1	11	11	0.01
L	969070142	969070142	1	11	11	0.01
L	969164999	969164999	1	11	11	0.01
L	969457065	969457065	1	11	11	0.01
L	971190102	971190102	1	11	11	0.01
L	971908505	971908505	1	11	11	0.01
L	971998484	971998484	1	11	11	0.01
L	973192383	973192383	1	11	11	0.01
L	973758237	973758237	1	11	11	0.01
L	975316029	975316029	1	11	11	0.01
L	976183612	976183612	1	11	11	0.01
L	977326702	977326702	1	11	11	0.01
L	979620633	979620633	1	11	11	0.01
L	992985286	992985286	1	11	11	0.01
L	999528232	999528232	1	11	11	0.01
L	1001523422	1001523422	1	11	11	0.01
L	1004142922	1004142922	1	11	11	0.01
L	1013319325	1013319325	1	11	11	0.01
L	1014802011	1014802011	1	11	11	0.01
L	1015333549	1015333549	1	11	11	0.01
L	1017252343	1017252343	1	11	11	0.01
L	1017491513	1017491513	1	11	11	0.01
L	1017524200	1017524200	1	11	11	0.01
L	1018896051	1018896051	1	11	11	0.01
L	1019813520	1019813520	1	11	11	0.01
L	1021968364	1021968364	1	11	11	0.01
L	1022875480	1022875480	1	11	11	0.01
L	1023083887	1023083887	1	11	11	0.01
L	1023245775	1023245775	1	11	11	0.01
L	1023265624	1023265624	1	11	11	0.01
L	1024206968	1024206968	1	11	11	0.01
L	1024232312	1024232312	1	11	11	0.01
L	1029958370	1029958370	1	11	11	0.01
L	1030525431	1030525431	1	11	11	0.01
L	1030911843	1030911843	1	11	11	0.01
L	277392473	277392473	1	11	11	0.01
L	1043895954	1043895954	1	12	12	0.01
L	1044057264	1044057264	1	12	12	0.01
L	1044245524	1044245524	1	12	12	0.01
L	1044519578	1044519578	1	12	12	0.01
L	1046857900	1046857900	1	12	12	0.01
L	1051523735	1051523735	1	12	12	0.01
L	1052387092	1052387092	1	12	12	0.01
L	1052865843	1052865843	1	12	12	0.01
L	1055373130	1055373130	1	12	12	0.01
L	1055667093	1055667093	1	12	12	0.01
L	1056767588	1056767588	1	12	12	0.01
L	1061722238	1061722238	1	12	12	0.01
L	1061867600	1061867600	1	12	12	0.01
L	1062033638	1062033638	1	12	12	0.01
L	1062182990	1062182990	1	12	12	0.01
L	1067441693	1067441693	1	12	12	0.01
L	1068674478	1068674478	1	12	12	0.01
L	1070196686	1070196686	1	12	12	0.01
L	1438089436	1438089436	1	12	12	0.01
L	1070972143	1070972143	1	12	12	0.01
L	1071621333	1071621333	1	12	12	0.01
L	1071817390	1071817390	1	12	12	0.01
L	1072585751	1072585751	1	12	12	0.01
L	1076885116	1076885116	1	12	12	0.01
L	1076935518	1076935518	1	12	12	0.01
L	1077184337	1077184337	1	12	12	0.01
L	1077212181	1077212181	1	12	12	0.01
L	1078740594	1078740594	1	12	12	0.01
L	1079818151	1079818151	1	12	12	0.01
L	1082931597	1082931597	1	12	12	0.01
L	1088714187	1088714187	1	12	12	0.01
L	1088746570	1088746570	1	12	12	0.01
L	1089169224	1089169224	1	12	12	0.01
L	1090230476	1090230476	1	12	12	0.01
L	1094983869	1094983869	1	12	12	0.01
L	1099772362	1099772362	1	12	12	0.01
L	1100095668	1100095668	1	12	12	0.01
L	1100356238	1100356238	1	12	12	0.01
L	1102238705	1102238705	1	12	12	0.01
L	1103775888	1103775888	1	12	12	0.01
L	1104050624	1104050624	1	12	12	0.01
L	1105682863	1105682863	1	12	12	0.01
L	1106227213	1106227213	1	12	12	0.01
L	1106742095	1106742095	1	12	12	0.01
L	1108246300	1108246300	1	12	12	0.01
L	1110351707	1110351707	1	12	12	0.01
L	1111173534	1111173534	1	12	12	0.01
L	1113658301	1113658301	1	12	12	0.01
L	1117994718	1117994718	1	12	12	0.01
L	1130776713	1130776713	1	12	12	0.01
L	1134110899	1134110899	1	12	12	0.01
L	1134170997	1134170997	1	12	12	0.01
L	1137899147	1137899147	1	12	12	0.01
L	1145395463	1145395463	1	12	12	0.01
L	1146194885	1146194885	1	12	12	0.01
L	1147336360	1147336360	1	12	12	0.01
L	1148259561	1148259561	1	12	12	0.01
L	1148413186	1148413186	1	12	12	0.01
L	1149625355	1149625355	1	12	12	0.01
L	1149883597	1149883597	1	12	12	0.01
L	1151977321	1151977321	1	12	12	0.01
L	1155915265	1155915265	1	12	12	0.01
L	1156569528	1156569528	1	13	13	0.01
L	1164084568	1164084568	1	13	13	0.01
L	1164811347	1164811347	1	13	13	0.01
L	1165257390	1165257390	1	13	13	0.01
L	1166138086	1166138086	1	13	13	0.01
L	1166999436	1166999436	1	13	13	0.01
L	1167114139	1167114139	1	13	13	0.01
L	1170215967	1170215967	1	13	13	0.01
L	1172455664	1172455664	1	13	13	0.01
L	1173663019	1173663019	1	13	13	0.01
L	1173737320	1173737320	1	13	13	0.01
L	1178123709	1178123709	1	13	13	0.01
L	1178709957	1178709957	1	13	13	0.01
L	1179782750	1179782750	1	13	13	0.01
L	1180029603	1180029603	1	13	13	0.01
L	1180232715	1180232715	1	13	13	0.01
L	1180278727	1180278727	1	13	13	0.01
L	1180388174	1180388174	1	13	13	0.01
L	1187196975	1187196975	1	13	13	0.01
L	1187285649	1187285649	1	13	13	0.01
L	1187652947	1187652947	1	13	13	0.01
L	1188146438	1188146438	1	13	13	0.01
L	1188192041	1188192041	1	13	13	0.01
L	1188403525	1188403525	1	13	13	0.01
L	1188474451	1188474451	1	13	13	0.01
L	1188797298	1188797298	1	13	13	0.01
L	1188828422	1188828422	1	13	13	0.01
L	1189436245	1189436245	1	13	13	0.01
L	1189655522	1189655522	1	13	13	0.01
L	1191267482	1191267482	1	13	13	0.01
L	1192355546	1192355546	1	13	13	0.01
L	1192406248	1192406248	1	13	13	0.01
L	1194488891	1194488891	1	13	13	0.01
L	1195470997	1195470997	1	13	13	0.01
L	1195838501	1195838501	1	13	13	0.01
L	1196686904	1196686904	1	13	13	0.01
L	1196732125	1196732125	1	13	13	0.01
L	1196772682	1196772682	1	13	13	0.01
L	1196844893	1196844893	1	13	13	0.01
L	1197507846	1197507846	1	13	13	0.01
L	1197574251	1197574251	1	13	13	0.01
L	1200326831	1200326831	1	13	13	0.01
L	1200419127	1200419127	1	13	13	0.01
L	1200955254	1200955254	1	13	13	0.01
L	1203049590	1203049590	1	13	13	0.01
L	1205244518	1205244518	1	13	13	0.01
L	1205350718	1205350718	1	13	13	0.01
L	1205878838	1205878838	1	13	13	0.01
L	1205924790	1205924790	1	13	13	0.01
L	1206296769	1206296769	1	13	13	0.01
L	1207619788	1207619788	1	13	13	0.01
L	1207673060	1207673060	1	13	13	0.01
L	1207700015	1207700015	1	13	13	0.01
L	1211119818	1211119818	1	13	13	0.01
L	1213440119	1213440119	1	13	13	0.01
L	1213466033	1213466033	1	13	13	0.01
L	1213533619	1213533619	1	13	13	0.01
L	1213608753	1213608753	1	13	13	0.01
L	1214762388	1214762388	1	13	13	0.01
L	1214901298	1214901298	1	13	13	0.01
L	1215322299	1215322299	1	13	13	0.01
L	1220799832	1220799832	1	13	13	0.01
L	1222273708	1222273708	1	13	13	0.01
L	1222719912	1222719912	1	13	13	0.01
L	1222751229	1222751229	1	13	13	0.01
L	1222803288	1222803288	1	13	13	0.01
L	1222929145	1222929145	1	13	13	0.01
L	1224529411	1224529411	1	13	13	0.01
L	1225299783	1225299783	1	13	13	0.01
L	1226048340	1226048340	1	13	13	0.01
L	1226139198	1226139198	1	13	13	0.01
L	1228017931	1228017931	1	13	13	0.01
L	1228367816	1228367816	1	13	13	0.01
L	1229071047	1229071047	1	13	13	0.01
L	1230605743	1230605743	1	13	13	0.01
L	1232102113	1232102113	1	13	13	0.01
L	1232143136	1232143136	1	13	13	0.01
L	1235017293	1235017293	1	13	13	0.01
L	1236994013	1236994013	1	13	13	0.01
L	1239591754	1239591754	1	13	13	0.01
L	1239620055	1239620055	1	13	13	0.01
L	1242077172	1242077172	1	13	13	0.01
L	1242161274	1242161274	1	13	13	0.01
L	1242228083	1242228083	1	13	13	0.01
L	1243165262	1243165262	1	13	13	0.01
L	1243188780	1243188780	1	13	13	0.01
L	1243289909	1243289909	1	13	13	0.01
L	1243314252	1243314252	1	13	13	0.01
L	1243350180	1243350180	1	13	13	0.01
L	1245664413	1245664413	1	13	13	0.01
L	1248162435	1248162435	1	13	13	0.01
L	1248391421	1248391421	1	13	13	0.01
L	1248449986	1248449986	1	13	13	0.01
L	1252144369	1252144369	1	13	13	0.01
L	1254102582	1254102582	1	13	13	0.01
L	1254151587	1254151587	1	13	13	0.01
L	1254456395	1254456395	1	13	13	0.01
L	1256103131	1256103131	1	13	13	0.01
L	1256121593	1256121593	1	13	13	0.01
L	1256227549	1256227549	1	13	13	0.01
L	1257062322	1257062322	1	13	13	0.01
L	1257286776	1257286776	1	13	13	0.01
L	1259977578	1259977578	1	13	13	0.01
L	1260180002	1260180002	1	13	13	0.01
L	1260247776	1260247776	1	13	13	0.01
L	1265939871	1265939871	1	14	14	0.01
L	1268832744	1268832744	1	14	14	0.01
L	1269134781	1269134781	1	14	14	0.01
L	1269564345	1269564345	1	14	14	0.01
L	1269578628	1269578628	1	14	14	0.01
L	1269784055	1269784055	1	14	14	0.01
L	1270405536	1270405536	1	14	14	0.01
L	1270521894	1270521894	1	14	14	0.01
L	1271798528	1271798528	1	14	14	0.01
L	1271818932	1271818932	1	14	14	0.01
L	1271849946	1271849946	1	14	14	0.01
L	1272110097	1272110097	1	14	14	0.01
L	1273091512	1273091512	1	14	14	0.01
L	1275585922	1275585922	1	14	14	0.01
L	1275614385	1275614385	1	14	14	0.01
L	1277173211	1277173211	1	14	14	0.01
L	1277951133	1277951133	1	14	14	0.01
L	1278101167	1278101167	1	14	14	0.01
L	1279520322	1279520322	1	14	14	0.01
L	1279766278	1279766278	1	14	14	0.01
L	1279994346	1279994346	1	14	14	0.01
L	1280004292	1280004292	1	14	14	0.01
L	1280021392	1280021392	1	14	14	0.01
L	1281359086	1281359086	1	14	14	0.01
L	1282185307	1282185307	1	14	14	0.01
L	1283298036	1283298036	1	14	14	0.01
L	1284395787	1284395787	1	14	14	0.01
L	1288627087	1288627087	1	14	14	0.01
L	1294244973	1294244973	1	14	14	0.01
L	1294297184	1294297184	1	14	14	0.01
L	1294541612	1294541612	1	14	14	0.01
L	1294647655	1294647655	1	14	14	0.01
L	1302795383	1302795383	1	14	14	0.01
L	1303021752	1303021752	1	14	14	0.01
L	1305722754	1305722754	1	14	14	0.01
L	1305750488	1305750488	1	14	14	0.01
L	1305896022	1305896022	1	14	14	0.01
L	1305996515	1305996515	1	14	14	0.01
L	1306473499	1306473499	1	14	14	0.01
L	2562017723	2562017723	1	14	14	0.01
L	1307028878	1307028878	1	14	14	0.01
L	1308622075	1308622075	1	14	14	0.01
L	1308774824	1308774824	1	14	14	0.01
L	1309410684	1309410684	1	14	14	0.01
L	1309939128	1309939128	1	14	14	0.01
L	1310353609	1310353609	1	14	14	0.01
L	1311313632	1311313632	1	14	14	0.01
L	1311520633	1311520633	1	14	14	0.01
L	1315986354	1315986354	1	14	14	0.01
L	1317956357	1317956357	1	14	14	0.01
L	1317988526	1317988526	1	14	14	0.01
L	1319002258	1319002258	1	14	14	0.01
L	1319211553	1319211553	1	14	14	0.01
L	1319419751	1319419751	1	14	14	0.01
L	1319753857	1319753857	1	14	14	0.01
L	1320874766	1320874766	1	14	14	0.01
L	1321091887	1321091887	1	14	14	0.01
L	1321665426	1321665426	1	14	14	0.01
L	1326911676	1326911676	1	14	14	0.01
L	1327998042	1327998042	1	14	14	0.01
L	1328206322	1328206322	1	14	14	0.01
L	1328250879	1328250879	1	14	14	0.01
L	1328838613	1328838613	1	14	14	0.01
L	1328952590	1328952590	1	14	14	0.01
L	1330990985	1330990985	1	14	14	0.01
L	1331145813	1331145813	1	14	14	0.01
L	1331149191	1331149191	1	14	14	0.01
L	1331172159	1331172159	1	14	14	0.01
L	1331220500	1331220500	1	14	14	0.01
L	1332138389	1332138389	1	14	14	0.01
L	1332308028	1332308028	1	14	14	0.01
L	1332384839	1332384839	1	14	14	0.01
L	1333105158	1333105158	1	14	14	0.01
L	1333725548	1333725548	1	14	14	0.01
L	1334937800	1334937800	1	14	14	0.01
L	1335193730	1335193730	1	14	14	0.01
L	1337774537	1337774537	1	14	14	0.01
L	1341143164	1341143164	1	14	14	0.01
L	1341192431	1341192431	1	14	14	0.01
L	1341750745	1341750745	1	14	14	0.01
L	1342038463	1342038463	1	14	14	0.01
L	1342415543	1342415543	1	14	14	0.01
L	1342506785	1342506785	1	14	14	0.01
L	1344485151	1344485151	1	14	14	0.01
L	1345579846	1345579846	1	14	14	0.01
L	1345868295	1345868295	1	14	14	0.01
L	1355122964	1355122964	1	14	14	0.01
L	1355367411	1355367411	1	14	14	0.01
L	1356478438	1356478438	1	14	14	0.01
L	1356594410	1356594410	1	14	14	0.01
L	1357505223	1357505223	1	14	14	0.01
L	1357757536	1357757536	1	14	14	0.01
L	1365467083	1365467083	1	15	15	0.01
L	1367140806	1367140806	1	15	15	0.01
L	1367263724	1367263724	1	15	15	0.01
L	1367707053	1367707053	1	15	15	0.01
L	1367828447	1367828447	1	15	15	0.01
L	1369481993	1369481993	1	15	15	0.01
L	1369545566	1369545566	1	15	15	0.01
L	1371781052	1371781052	1	15	15	0.01
L	1371987237	1371987237	1	15	15	0.01
L	1372008268	1372008268	1	15	15	0.01
L	1374130483	1374130483	1	15	15	0.01
L	1374598215	1374598215	1	15	15	0.01
L	1374707771	1374707771	1	15	15	0.01
L	1374814472	1374814472	1	15	15	0.01
L	1374825246	1374825246	1	15	15	0.01
L	1375393803	1375393803	1	15	15	0.01
L	1375449510	1375449510	1	15	15	0.01
L	1375478554	1375478554	1	15	15	0.01
L	1375524334	1375524334	1	15	15	0.01
L	1375557619	1375557619	1	15	15	0.01
L	1375582219	1375582219	1	15	15	0.01
L	1377281337	1377281337	1	15	15	0.01
L	1377698706	1377698706	1	15	15	0.01
L	1378047509	1378047509	1	15	15	0.01
L	1378146763	1378146763	1	15	15	0.01
L	1379290669	1379290669	1	15	15	0.01
L	1380348027	1380348027	1	15	15	0.01
L	1381148173	1381148173	1	15	15	0.01
L	1382470369	1382470369	1	15	15	0.01
L	1382513051	1382513051	1	15	15	0.01
L	1382586914	1382586914	1	15	15	0.01
L	2809834028	2809834028	1	15	15	0.01
L	1383212892	1383212892	1	15	15	0.01
L	1383303504	1383303504	1	15	15	0.01
L	1384774382	1384774382	1	15	15	0.01
L	1386859029	1386859029	1	15	15	0.01
L	1390052800	1390052800	1	15	15	0.01
L	1390104850	1390104850	1	15	15	0.01
L	1390164371	1390164371	1	15	15	0.01
L	1390179416	1390179416	1	15	15	0.01
L	1390239803	1390239803	1	15	15	0.01
L	1400016967	1400016967	1	15	15	0.01
L	1400031420	1400031420	1	15	15	0.01
L	1401223651	1401223651	1	15	15	0.01
L	1401316953	1401316953	1	15	15	0.01
L	1404344899	1404344899	1	15	15	0.01
L	1408713283	1408713283	1	15	15	0.01
L	1409077481	1409077481	1	15	15	0.01
L	1409415766	1409415766	1	15	15	0.01
L	1409519834	1409519834	1	15	15	0.01
L	1409852872	1409852872	1	15	15	0.01
L	1412733511	1412733511	1	15	15	0.01
L	1414130946	1414130946	1	15	15	0.01
L	1414159164	1414159164	1	15	15	0.01
L	1414485440	1414485440	1	15	15	0.01
L	1414548226	1414548226	1	15	15	0.01
L	1416545534	1416545534	1	15	15	0.01
L	1417224187	1417224187	1	15	15	0.01
L	1417859026	1417859026	1	15	15	0.01
L	1418330683	1418330683	1	15	15	0.01
L	1418947405	1418947405	1	15	15	0.01
L	1419837462	1419837462	1	15	15	0.01
L	1419928916	1419928916	1	15	15	0.01
L	1420244846	1420244846	1	15	15	0.01
L	1420356012	1420356012	1	15	15	0.01
L	1420377667	1420377667	1	15	15	0.01
L	1420387509	1420387509	1	15	15	0.01
L	1421483898	1421483898	1	15	15	0.01
L	1424889181	1424889181	1	15	15	0.01
L	1425202450	1425202450	1	15	15	0.01
L	1425403595	1425403595	1	15	15	0.01
L	1430272232	1430272232	1	15	15	0.01
L	1431561648	1431561648	1	15	15	0.01
L	1431696157	1431696157	1	15	15	0.01
L	1432251739	1432251739	1	15	15	0.01
L	1432347884	1432347884	1	15	15	0.01
L	1433999429	1433999429	1	15	15	0.01
L	1434218824	1434218824	1	15	15	0.01
L	1437520693	1437520693	1	15	15	0.01
L	1438798180	1438798180	1	15	15	0.01
L	1441805694	1441805694	1	15	15	0.01
L	1441877783	1441877783	1	15	15	0.01
L	1445441687	1445441687	1	15	15	0.01
L	929622194	929622194	1	15	15	0.01
L	1446309770	1446309770	1	15	15	0.01
L	1446436387	1446436387	1	15	15	0.01
L	1446747157	1446747157	1	15	15	0.01
L	1448901375	1448901375	1	16	16	0.01
L	1449668913	1449668913	1	16	16	0.01
L	1453208843	1453208843	1	16	16	0.01
L	1456765555	1456765555	1	16	16	0.01
L	1461755618	1461755618	1	16	16	0.01
L	1462009134	1462009134	1	16	16	0.01
L	1462806177	1462806177	1	16	16	0.01
L	1463380339	1463380339	1	16	16	0.01
L	2611912641	2611912641	1	16	16	0.01
L	1474512024	1474512024	1	16	16	0.01
L	1705787966	1705787966	1	16	16	0.01
L	1705720815	1705720815	1	16	16	0.01
L	1477228111	1477228111	1	16	16	0.01
L	1477335641	1477335641	1	16	16	0.01
L	1477528875	1477528875	1	16	16	0.01
L	1479342712	1479342712	1	16	16	0.01
L	1479841120	1479841120	1	16	16	0.01
L	1480287722	1480287722	1	16	16	0.01
L	1481203682	1481203682	1	16	16	0.01
L	1489021124	1489021124	1	16	16	0.01
L	1489106920	1489106920	1	16	16	0.01
L	1489521947	1489521947	1	16	16	0.01
L	1489552364	1489552364	1	16	16	0.01
L	1495363593	1495363593	1	16	16	0.01
L	1495495023	1495495023	1	16	16	0.01
L	1496097353	1496097353	1	16	16	0.01
L	1496286394	1496286394	1	16	16	0.01
L	1496755532	1496755532	1	16	16	0.01
L	1496898783	1496898783	1	16	16	0.01
L	1497247895	1497247895	1	16	16	0.01
L	1498143612	1498143612	1	16	16	0.01
L	1498348596	1498348596	1	16	16	0.01
L	1498476692	1498476692	1	16	16	0.01
L	37859948	37859948	1	16	16	0.01
L	1498582258	1498582258	1	16	16	0.01
L	1498788819	1498788819	1	16	16	0.01
L	1509417416	1509417416	1	16	16	0.01
L	1510444166	1510444166	1	16	16	0.01
L	1514991651	1514991651	1	16	16	0.01
L	1519506170	1519506170	1	16	16	0.01
L	1519915409	1519915409	1	16	16	0.01
L	1519936432	1519936432	1	16	16	0.01
L	1528462210	1528462210	1	16	16	0.01
L	1538559664	1538559664	1	17	17	0.01
L	1543978247	1543978247	1	17	17	0.01
L	1544146264	1544146264	1	17	17	0.01
L	1544847956	1544847956	1	17	17	0.01
L	1545019452	1545019452	1	17	17	0.01
L	1545407872	1545407872	1	17	17	0.01
L	1545696076	1545696076	1	17	17	0.01
L	1550744102	1550744102	1	17	17	0.01
L	1551093693	1551093693	1	17	17	0.01
L	1553122602	1553122602	1	17	17	0.01
L	1554215715	1554215715	1	17	17	0.01
L	1556421801	1556421801	1	17	17	0.01
L	1558048222	1558048222	1	17	17	0.01
L	1559276918	1559276918	1	17	17	0.01
L	1574227102	1574227102	1	17	17	0.01
L	948112078	948112078	1	17	17	0.01
L	1574556640	1574556640	1	17	17	0.01
L	1576021870	1576021870	1	17	17	0.01
L	1576116993	1576116993	1	17	17	0.01
L	1578523864	1578523864	1	17	17	0.01
L	1580272425	1580272425	1	17	17	0.01
L	1582405720	1582405720	1	17	17	0.01
L	1583577832	1583577832	1	17	17	0.01
L	1583847330	1583847330	1	17	17	0.01
L	1584004855	1584004855	1	17	17	0.01
L	1588802184	1588802184	1	17	17	0.01
L	1588912171	1588912171	1	17	17	0.01
L	1590569135	1590569135	1	17	17	0.01
L	1591445620	1591445620	1	17	17	0.01
L	1597323937	1597323937	1	17	17	0.01
L	1608948647	1608948647	1	17	17	0.01
L	1690349469	1690349469	1	18	18	0.01
L	1692727933	1692727933	1	18	18	0.01
L	1694102246	1694102246	1	18	18	0.01
L	1696856548	1696856548	1	18	18	0.01
L	1697004199	1697004199	1	18	18	0.01
L	1700246634	1700246634	1	18	18	0.01
L	1700320940	1700320940	1	18	18	0.01
L	1700448181	1700448181	1	18	18	0.01
L	1701883325	1701883325	1	18	18	0.01
L	1703154735	1703154735	1	18	18	0.01
L	1705812241	1705812241	1	18	18	0.01
L	1707598866	1707598866	1	18	18	0.01
L	1708744429	1708744429	1	18	18	0.01
L	1708961584	1708961584	1	18	18	0.01
L	1709064395	1709064395	1	18	18	0.01
L	1711638378	1711638378	1	18	18	0.01
L	1711665955	1711665955	1	18	18	0.01
L	1711905458	1711905458	1	18	18	0.01
L	1712006834	1712006834	1	18	18	0.01
L	1712423379	1712423379	1	18	18	0.01
L	1713178173	1713178173	1	18	18	0.01
L	1713980024	1713980024	1	18	18	0.01
L	1714040929	1714040929	1	18	18	0.01
L	1714104642	1714104642	1	18	18	0.01
L	1714685864	1714685864	1	18	18	0.01
L	1720507346	1720507346	1	18	18	0.01
L	1720615769	1720615769	1	18	18	0.01
L	1722257650	1722257650	1	18	18	0.01
L	1722432527	1722432527	1	18	18	0.01
L	1722712815	1722712815	1	18	18	0.01
L	1722788397	1722788397	1	18	18	0.01
L	1723055931	1723055931	1	18	18	0.01
L	1723196308	1723196308	1	18	18	0.01
L	1723303125	1723303125	1	18	18	0.01
L	1723951285	1723951285	1	18	18	0.01
L	1725193782	1725193782	1	18	18	0.01
L	1726403577	1726403577	1	18	18	0.01
L	1726760928	1726760928	1	18	18	0.01
L	1727645369	1727645369	1	18	18	0.01
L	1727928224	1727928224	1	18	18	0.01
L	1728819118	1728819118	1	18	18	0.01
L	1728994410	1728994410	1	18	18	0.01
L	1730348166	1730348166	1	18	18	0.01
L	1731225501	1731225501	1	18	18	0.01
L	1733383138	1733383138	1	18	18	0.01
L	1734122816	1734122816	1	18	18	0.01
L	1734736897	1734736897	1	18	18	0.01
L	1742354670	1742354670	1	18	18	0.01
L	1750904883	1750904883	1	18	18	0.01
L	1750917411	1750917411	1	18	18	0.01
L	1751093259	1751093259	1	18	18	0.01
L	1751727844	1751727844	1	18	18	0.01
L	1751941735	1751941735	1	18	18	0.01
L	1752002655	1752002655	1	18	18	0.01
L	1752106345	1752106345	1	18	18	0.01
L	1752132191	1752132191	1	18	18	0.01
L	1752169201	1752169201	1	18	18	0.01
L	1755435899	1755435899	1	18	18	0.01
L	1755562550	1755562550	1	18	18	0.01
L	1755932010	1755932010	1	18	18	0.01
L	1756946670	1756946670	1	18	18	0.01
L	1758976357	1758976357	1	18	18	0.01
L	1759671066	1759671066	1	18	18	0.01
L	1761282478	1761282478	1	18	18	0.01
L	1761942486	1761942486	1	18	18	0.01
L	1762198524	1762198524	1	18	18	0.01
L	1762822389	1762822389	1	18	18	0.01
L	1762850745	1762850745	1	18	18	0.01
L	1763262442	1763262442	1	18	18	0.01
L	1763376999	1763376999	1	18	18	0.01
L	1763611963	1763611963	1	18	18	0.01
L	1764493192	1764493192	1	18	18	0.01
L	1765069264	1765069264	1	18	18	0.01
L	1611435063	1611435063	1	19	19	0.01
L	1612435062	1612435062	1	19	19	0.01
L	1614925724	1614925724	1	19	19	0.01
L	1616551159	1616551159	1	19	19	0.01
L	1618548261	1618548261	1	19	19	0.01
L	1619213690	1619213690	1	19	19	0.01
L	1620489866	1620489866	1	19	19	0.01
L	1622135246	1622135246	1	19	19	0.01
L	1622195802	1622195802	1	19	19	0.01
L	1622464527	1622464527	1	19	19	0.01
L	1625779732	1625779732	1	19	19	0.01
L	1626741438	1626741438	1	19	19	0.01
L	1626879876	1626879876	1	19	19	0.01
L	1627210220	1627210220	1	19	19	0.01
L	1627256029	1627256029	1	19	19	0.01
L	1627277463	1627277463	1	19	19	0.01
L	1629713904	1629713904	1	19	19	0.01
L	1629951448	1629951448	1	19	19	0.01
L	1630249328	1630249328	1	19	19	0.01
L	1633335746	1633335746	1	19	19	0.01
L	1634207227	1634207227	1	19	19	0.01
L	1634565525	1634565525	1	19	19	0.01
L	1635943469	1635943469	1	19	19	0.01
L	1641791347	1641791347	1	19	19	0.01
L	1642675587	1642675587	1	19	19	0.01
L	1643078932	1643078932	1	19	19	0.01
L	1643951808	1643951808	1	19	19	0.01
L	1646211129	1646211129	1	19	19	0.01
L	1649242223	1649242223	1	19	19	0.01
L	1649593450	1649593450	1	19	19	0.01
L	1649823011	1649823011	1	19	19	0.01
L	1649917755	1649917755	1	19	19	0.01
L	1650266132	1650266132	1	19	19	0.01
L	1650286759	1650286759	1	19	19	0.01
L	1650501418	1650501418	1	19	19	0.01
L	1650568718	1650568718	1	19	19	0.01
L	1650605509	1650605509	1	19	19	0.01
L	1656647721	1656647721	1	19	19	0.01
L	1656827786	1656827786	1	19	19	0.01
L	1657379021	1657379021	1	19	19	0.01
L	1658848121	1658848121	1	19	19	0.01
L	1662206914	1662206914	1	19	19	0.01
L	1662658939	1662658939	1	19	19	0.01
L	1668096330	1668096330	1	19	19	0.01
L	1668614792	1668614792	1	19	19	0.01
L	1669479188	1669479188	1	19	19	0.01
L	1670271282	1670271282	1	19	19	0.01
L	1670845380	1670845380	1	19	19	0.01
L	1674354047	1674354047	1	19	19	0.01
L	1681946192	1681946192	1	19	19	0.01
L	1682129701	1682129701	1	19	19	0.01
L	1682530150	1682530150	1	19	19	0.01
L	1682818137	1682818137	1	19	19	0.01
L	1688935066	1688935066	1	19	19	0.01
L	1776019805	1776019805	1	20	20	0.01
L	1776367559	1776367559	1	20	20	0.01
L	1776905667	1776905667	1	20	20	0.01
L	1778308201	1778308201	1	20	20	0.01
L	1778721297	1778721297	1	20	20	0.01
L	1781160516	1781160516	1	20	20	0.01
L	1786141544	1786141544	1	20	20	0.01
L	1788076510	1788076510	1	20	20	0.01
L	1792755448	1792755448	1	20	20	0.01
L	1792771984	1792771984	1	20	20	0.01
L	1792816848	1792816848	1	20	20	0.01
L	1793810810	1793810810	1	20	20	0.01
L	1796258939	1796258939	1	20	20	0.01
L	1796615412	1796615412	1	20	20	0.01
L	830884291	830884291	1	20	20	0.01
L	1798746633	1798746633	1	20	20	0.01
L	1799749214	1799749214	1	20	20	0.01
L	1800571016	1800571016	1	20	20	0.01
L	1802016867	1802016867	1	20	20	0.01
L	1802370883	1802370883	1	20	20	0.01
L	1802437916	1802437916	1	20	20	0.01
L	1802595806	1802595806	1	20	20	0.01
L	1802626575	1802626575	1	20	20	0.01
L	1802874276	1802874276	1	20	20	0.01
L	1803646212	1803646212	1	20	20	0.01
L	1805844987	1805844987	1	20	20	0.01
L	1806201825	1806201825	1	20	20	0.01
L	1806986945	1806986945	1	20	20	0.01
L	1808113998	1808113998	1	20	20	0.01
L	1808440684	1808440684	1	20	20	0.01
L	1809473272	1809473272	1	20	20	0.01
L	1810064825	1810064825	1	20	20	0.01
L	1810299597	1810299597	1	20	20	0.01
L	1810808600	1810808600	1	20	20	0.01
L	1812449015	1812449015	1	20	20	0.01
L	1812842629	1812842629	1	20	20	0.01
L	1813038434	1813038434	1	20	20	0.01
L	1813078475	1813078475	1	20	20	0.01
L	1813490563	1813490563	1	20	20	0.01
L	1813593812	1813593812	1	20	20	0.01
L	1814203055	1814203055	1	20	20	0.01
L	2564185711	2564185711	1	20	20	0.01
L	1816328607	1816328607	1	20	20	0.01
L	1816781908	1816781908	1	20	20	0.01
L	1816989352	1816989352	1	20	20	0.01
L	1817329331	1817329331	1	20	20	0.01
L	1818205841	1818205841	1	20	20	0.01
L	1818396454	1818396454	1	20	20	0.01
L	1818455779	1818455779	1	20	20	0.01
L	1818467308	1818467308	1	20	20	0.01
L	1819245353	1819245353	1	20	20	0.01
L	1819440112	1819440112	1	20	20	0.01
L	1819668452	1819668452	1	20	20	0.01
L	1819873028	1819873028	1	20	20	0.01
L	1820012143	1820012143	1	20	20	0.01
L	1820058056	1820058056	1	20	20	0.01
L	1820484069	1820484069	1	20	20	0.01
L	1820759560	1820759560	1	20	20	0.01
L	1820783387	1820783387	1	20	20	0.01
L	1828835027	1828835027	1	20	20	0.01
L	1829761754	1829761754	1	20	20	0.01
L	1830950765	1830950765	1	20	20	0.01
L	1831078592	1831078592	1	20	20	0.01
L	1831587475	1831587475	1	20	20	0.01
L	1831706370	1831706370	1	20	20	0.01
L	1831871872	1831871872	1	20	20	0.01
L	1835942531	1835942531	1	20	20	0.01
L	1977216686	1977216686	1	21	21	0.01
L	1977335240	1977335240	1	21	21	0.01
L	1977357311	1977357311	1	21	21	0.01
L	1978966609	1978966609	1	21	21	0.01
L	1979279281	1979279281	1	21	21	0.01
L	1979629202	1979629202	1	21	21	0.01
L	1980339371	1980339371	1	21	21	0.01
L	1980643025	1980643025	1	21	21	0.01
L	1983613197	1983613197	1	21	21	0.01
L	1983745207	1983745207	1	21	21	0.01
L	1985508025	1985508025	1	21	21	0.01
L	1985892664	1985892664	1	21	21	0.01
L	1987737345	1987737345	1	21	21	0.01
L	1987765700	1987765700	1	21	21	0.01
L	1987922437	1987922437	1	21	21	0.01
L	1991433142	1991433142	1	21	21	0.01
L	1995184238	1995184238	1	21	21	0.01
L	1995206884	1995206884	1	21	21	0.01
L	2001254610	2001254610	1	21	21	0.01
L	2001491389	2001491389	1	21	21	0.01
L	2002818048	2002818048	1	21	21	0.01
L	2003269731	2003269731	1	21	21	0.01
L	2003397077	2003397077	1	21	21	0.01
L	2003451840	2003451840	1	21	21	0.01
L	2005817078	2005817078	1	21	21	0.01
L	2006594789	2006594789	1	21	21	0.01
L	2007408284	2007408284	1	21	21	0.01
L	2007466033	2007466033	1	21	21	0.01
L	2007910932	2007910932	1	21	21	0.01
L	2008338890	2008338890	1	21	21	0.01
L	2009045719	2009045719	1	21	21	0.01
L	2009112246	2009112246	1	21	21	0.01
L	2009925633	2009925633	1	21	21	0.01
L	2010972720	2010972720	1	21	21	0.01
L	2011033272	2011033272	1	21	21	0.01
L	2012532065	2012532065	1	21	21	0.01
L	2013164847	2013164847	1	21	21	0.01
L	2013197989	2013197989	1	21	21	0.01
L	2014077115	2014077115	1	21	21	0.01
L	2014198036	2014198036	1	21	21	0.01
L	2015428623	2015428623	1	21	21	0.01
L	2015837805	2015837805	1	21	21	0.01
L	2016383869	2016383869	1	21	21	0.01
L	2017280682	2017280682	1	21	21	0.01
L	2020394239	2020394239	1	21	21	0.01
L	2020964057	2020964057	1	21	21	0.01
L	2021747705	2021747705	1	21	21	0.01
L	2021825713	2021825713	1	21	21	0.01
L	2022576267	2022576267	1	21	21	0.01
L	2028528846	2028528846	1	21	21	0.01
L	2028868063	2028868063	1	21	21	0.01
L	2029907482	2029907482	1	21	21	0.01
L	1111989065	1111989065	1	21	21	0.01
L	2034832363	2034832363	1	21	21	0.01
L	2035479098	2035479098	1	21	21	0.01
L	2035612012	2035612012	1	21	21	0.01
L	2036284957	2036284957	1	21	21	0.01
L	2036490758	2036490758	1	21	21	0.01
L	2037281224	2037281224	1	21	21	0.01
L	1912167619	1912167619	1	22	22	0.01
L	1912636127	1912636127	1	22	22	0.01
L	1913077810	1913077810	1	22	22	0.01
L	1913098879	1913098879	1	22	22	0.01
L	1913199784	1913199784	1	22	22	0.01
L	1913312060	1913312060	1	22	22	0.01
L	1913431347	1913431347	1	22	22	0.01
L	1913490752	1913490752	1	22	22	0.01
L	1915319736	1915319736	1	22	22	0.01
L	1915802990	1915802990	1	22	22	0.01
L	1916352010	1916352010	1	22	22	0.01
L	1918151463	1918151463	1	22	22	0.01
L	1918621399	1918621399	1	22	22	0.01
L	1918949751	1918949751	1	22	22	0.01
L	1920572683	1920572683	1	22	22	0.01
L	1921636007	1921636007	1	22	22	0.01
L	1921799234	1921799234	1	22	22	0.01
L	1922236147	1922236147	1	22	22	0.01
L	1922260206	1922260206	1	22	22	0.01
L	1922301374	1922301374	1	22	22	0.01
L	1922347668	1922347668	1	22	22	0.01
L	1922389659	1922389659	1	22	22	0.01
L	1922523940	1922523940	1	22	22	0.01
L	1923105819	1923105819	1	22	22	0.01
L	1923224427	1923224427	1	22	22	0.01
L	1924040325	1924040325	1	22	22	0.01
L	1924067577	1924067577	1	22	22	0.01
L	1927303911	1927303911	1	22	22	0.01
L	1927902149	1927902149	1	22	22	0.01
L	1928180285	1928180285	1	22	22	0.01
L	1928908045	1928908045	1	22	22	0.01
L	1930673860	1930673860	1	22	22	0.01
L	1931621850	1931621850	1	22	22	0.01
L	1932042887	1932042887	1	22	22	0.01
L	1932102980	1932102980	1	22	22	0.01
L	1934247044	1934247044	1	22	22	0.01
L	1935194391	1935194391	1	22	22	0.01
L	1935534944	1935534944	1	22	22	0.01
L	1936516427	1936516427	1	22	22	0.01
L	1936546192	1936546192	1	22	22	0.01
L	1940095264	1940095264	1	22	22	0.01
L	1940172140	1940172140	1	22	22	0.01
L	1945518219	1945518219	1	22	22	0.01
L	1946038683	1946038683	1	22	22	0.01
L	1946204685	1946204685	1	22	22	0.01
L	1946422855	1946422855	1	22	22	0.01
L	1947247428	1947247428	1	22	22	0.01
L	1947514862	1947514862	1	22	22	0.01
L	1947549050	1947549050	1	22	22	0.01
L	1947725227	1947725227	1	22	22	0.01
L	1949148870	1949148870	1	22	22	0.01
L	1949745772	1949745772	1	22	22	0.01
L	1950148475	1950148475	1	22	22	0.01
L	1950219286	1950219286	1	22	22	0.01
L	1950279660	1950279660	1	22	22	0.01
L	1952523335	1952523335	1	22	22	0.01
L	1952767539	1952767539	1	22	22	0.01
L	1953510201	1953510201	1	22	22	0.01
L	1953893587	1953893587	1	22	22	0.01
L	1954157234	1954157234	1	22	22	0.01
L	1954639669	1954639669	1	22	22	0.01
L	1955125890	1955125890	1	22	22	0.01
L	1955529974	1955529974	1	22	22	0.01
L	1955913230	1955913230	1	22	22	0.01
L	1955962731	1955962731	1	22	22	0.01
L	1955990039	1955990039	1	22	22	0.01
L	1956649100	1956649100	1	22	22	0.01
L	1956830640	1956830640	1	22	22	0.01
L	1957316546	1957316546	1	22	22	0.01
L	1958145666	1958145666	1	22	22	0.01
L	1958435557	1958435557	1	22	22	0.01
L	1958977021	1958977021	1	22	22	0.01
L	1959131936	1959131936	1	22	22	0.01
L	1960571743	1960571743	1	22	22	0.01
L	1960778224	1960778224	1	22	22	0.01
L	1963203169	1963203169	1	22	22	0.01
L	1963290885	1963290885	1	22	22	0.01
L	1966002639	1966002639	1	22	22	0.01
L	1966358786	1966358786	1	22	22	0.01
L	1969158856	1969158856	1	22	22	0.01
L	1969240701	1969240701	1	22	22	0.01
L	1969310239	1969310239	1	22	22	0.01
L	1970598897	1970598897	1	22	22	0.01
L	1970723591	1970723591	1	22	22	0.01
L	1971681707	1971681707	1	22	22	0.01
L	1972205985	1972205985	1	22	22	0.01
L	1972804833	1972804833	1	22	22	0.01
L	1974725603	1974725603	1	22	22	0.01
L	2039207304	2039207304	1	23	23	0.01
L	2039237448	2039237448	1	23	23	0.01
L	2039470223	2039470223	1	23	23	0.01
L	2040810764	2040810764	1	23	23	0.01
L	2041237562	2041237562	1	23	23	0.01
L	2041254439	2041254439	1	23	23	0.01
L	2041335395	2041335395	1	23	23	0.01
L	2043210032	2043210032	1	23	23	0.01
L	2043417344	2043417344	1	23	23	0.01
L	2043680543	2043680543	1	23	23	0.01
L	2043797332	2043797332	1	23	23	0.01
L	2043975275	2043975275	1	23	23	0.01
L	2044124625	2044124625	1	23	23	0.01
L	2046334525	2046334525	1	23	23	0.01
L	2047764037	2047764037	1	23	23	0.01
L	2048395260	2048395260	1	23	23	0.01
L	2048465374	2048465374	1	23	23	0.01
L	2049145064	2049145064	1	23	23	0.01
L	2049305424	2049305424	1	23	23	0.01
L	2049690206	2049690206	1	23	23	0.01
L	2050222893	2050222893	1	23	23	0.01
L	2050966289	2050966289	1	23	23	0.01
L	2051080434	2051080434	1	23	23	0.01
L	2053101122	2053101122	1	23	23	0.01
L	2053313718	2053313718	1	23	23	0.01
L	2056329005	2056329005	1	23	23	0.01
L	2056842200	2056842200	1	23	23	0.01
L	2060466644	2060466644	1	23	23	0.01
L	2061130204	2061130204	1	23	23	0.01
L	2062213973	2062213973	1	23	23	0.01
L	2063217754	2063217754	1	23	23	0.01
L	2063933290	2063933290	1	23	23	0.01
L	2064100874	2064100874	1	23	23	0.01
L	2064182324	2064182324	1	23	23	0.01
L	2064677315	2064677315	1	23	23	0.01
L	2065013672	2065013672	1	23	23	0.01
L	2065190587	2065190587	1	23	23	0.01
L	2065336346	2065336346	1	23	23	0.01
L	2065727184	2065727184	1	23	23	0.01
L	2065777565	2065777565	1	23	23	0.01
L	2066061021	2066061021	1	23	23	0.01
L	2067947892	2067947892	1	23	23	0.01
L	2068258314	2068258314	1	23	23	0.01
L	2069939264	2069939264	1	23	23	0.01
L	2070108808	2070108808	1	23	23	0.01
L	2070278207	2070278207	1	23	23	0.01
L	2070676444	2070676444	1	23	23	0.01
L	2070922904	2070922904	1	23	23	0.01
L	2071296716	2071296716	1	23	23	0.01
L	2074290221	2074290221	1	23	23	0.01
L	2077068363	2077068363	1	23	23	0.01
L	2077290141	2077290141	1	23	23	0.01
L	2082989765	2082989765	1	23	23	0.01
L	2083114670	2083114670	1	23	23	0.01
L	2084563532	2084563532	1	23	23	0.01
L	2084859923	2084859923	1	23	23	0.01
L	2087470519	2087470519	1	23	23	0.01
L	2087699297	2087699297	1	23	23	0.01
L	2087739578	2087739578	1	23	23	0.01
L	2691868419	2691868419	1	23	23	0.01
L	2100335034	2100335034	1	24	24	0.01
L	2100360412	2100360412	1	24	24	0.01
L	2100537716	2100537716	1	24	24	0.01
L	2101216932	2101216932	1	24	24	0.01
L	2102789856	2102789856	1	24	24	0.01
L	2105717376	2105717376	1	24	24	0.01
L	2107990005	2107990005	1	24	24	0.01
L	2108695473	2108695473	1	24	24	0.01
L	2110667146	2110667146	1	24	24	0.01
L	2110805772	2110805772	1	24	24	0.01
L	2111382590	2111382590	1	24	24	0.01
L	2112207827	2112207827	1	24	24	0.01
L	2112446892	2112446892	1	24	24	0.01
L	2116437705	2116437705	1	24	24	0.01
L	2116728114	2116728114	1	24	24	0.01
L	2116875574	2116875574	1	24	24	0.01
L	2117002134	2117002134	1	24	24	0.01
L	2117148679	2117148679	1	24	24	0.01
L	2117413906	2117413906	1	24	24	0.01
L	2117614002	2117614002	1	24	24	0.01
L	2122220945	2122220945	1	24	24	0.01
L	2122236962	2122236962	1	24	24	0.01
L	2122316275	2122316275	1	24	24	0.01
L	2122330356	2122330356	1	24	24	0.01
L	2122625224	2122625224	1	24	24	0.01
L	2124318971	2124318971	1	24	24	0.01
L	2127288309	2127288309	1	24	24	0.01
L	2128329235	2128329235	1	24	24	0.01
L	2128387966	2128387966	1	24	24	0.01
L	2130692672	2130692672	1	24	24	0.01
L	2130720380	2130720380	1	24	24	0.01
L	2131498036	2131498036	1	24	24	0.01
L	2131714363	2131714363	1	24	24	0.01
L	2131758966	2131758966	1	24	24	0.01
L	2131785922	2131785922	1	24	24	0.01
L	2131833409	2131833409	1	24	24	0.01
L	2132390769	2132390769	1	24	24	0.01
L	2132439052	2132439052	1	24	24	0.01
L	2132499507	2132499507	1	24	24	0.01
L	2133020040	2133020040	1	24	24	0.01
L	2133426204	2133426204	1	24	24	0.01
L	2134371983	2134371983	1	24	24	0.01
L	2137018279	2137018279	1	24	24	0.01
L	2137006536	2137006536	1	24	24	0.01
L	2137435101	2137435101	1	24	24	0.01
L	2140042394	2140042394	1	24	24	0.01
L	2142252073	2142252073	1	24	24	0.01
L	2143350989	2143350989	1	24	24	0.01
L	2146512435	2146512435	1	24	24	0.01
L	2146793689	2146793689	1	24	24	0.01
L	2147021584	2147021584	1	24	24	0.01
L	2147042005	2147042005	1	24	24	0.01
L	2148028587	2148028587	1	24	24	0.01
L	2154826659	2154826659	1	24	24	0.01
L	2155158807	2155158807	1	24	24	0.01
L	2271387876	2271387876	1	25	25	0.01
L	2273329952	2273329952	1	25	25	0.01
L	2273916577	2273916577	1	25	25	0.01
L	2275535667	2275535667	1	25	25	0.01
L	2277071924	2277071924	1	25	25	0.01
L	2277275264	2277275264	1	25	25	0.01
L	2278026821	2278026821	1	25	25	0.01
L	2278085949	2278085949	1	25	25	0.01
L	2279725738	2279725738	1	25	25	0.01
L	2279914176	2279914176	1	25	25	0.01
L	2280148534	2280148534	1	25	25	0.01
L	2280631297	2280631297	1	25	25	0.01
L	2282913687	2282913687	1	25	25	0.01
L	2283096116	2283096116	1	25	25	0.01
L	2285885210	2285885210	1	25	25	0.01
L	2286414753	2286414753	1	25	25	0.01
L	2290614914	2290614914	1	25	25	0.01
L	2291201410	2291201410	1	25	25	0.01
L	2292793631	2292793631	1	25	25	0.01
L	2294210635	2294210635	1	25	25	0.01
L	2294392229	2294392229	1	25	25	0.01
L	2295057865	2295057865	1	25	25	0.01
L	2295419697	2295419697	1	25	25	0.01
L	2297102768	2297102768	1	25	25	0.01
L	2298644366	2298644366	1	25	25	0.01
L	2301417856	2301417856	1	25	25	0.01
L	2301451773	2301451773	1	25	25	0.01
L	2302140021	2302140021	1	25	25	0.01
L	2302217602	2302217602	1	25	25	0.01
L	2302592157	2302592157	1	25	25	0.01
L	2302648169	2302648169	1	25	25	0.01
L	2302755590	2302755590	1	25	25	0.01
L	2307652186	2307652186	1	25	25	0.01
L	2307699588	2307699588	1	25	25	0.01
L	2308111395	2308111395	1	25	25	0.01
L	2310779348	2310779348	1	25	25	0.01
L	2311230486	2311230486	1	25	25	0.01
L	2312079238	2312079238	1	25	25	0.01
L	2312063151	2312063151	1	25	25	0.01
L	2312128620	2312128620	1	25	25	0.01
L	2312177901	2312177901	1	25	25	0.01
L	2313038029	2313038029	1	25	25	0.01
L	2313456961	2313456961	1	25	25	0.01
L	2314718532	2314718532	1	25	25	0.01
L	2316175338	2316175338	1	25	25	0.01
L	2316262575	2316262575	1	25	25	0.01
L	2316353539	2316353539	1	25	25	0.01
L	2321644669	2321644669	1	25	25	0.01
L	2321881600	2321881600	1	25	25	0.01
L	2220524931	2220524931	1	26	26	0.01
L	2221507765	2221507765	1	26	26	0.01
L	2221977028	2221977028	1	26	26	0.01
L	2222895592	2222895592	1	26	26	0.01
L	2224087233	2224087233	1	26	26	0.01
L	2225699058	2225699058	1	26	26	0.01
L	2226105827	2226105827	1	26	26	0.01
L	2226929418	2226929418	1	26	26	0.01
L	2228527673	2228527673	1	26	26	0.01
L	2229141734	2229141734	1	26	26	0.01
L	2229176213	2229176213	1	26	26	0.01
L	2230256094	2230256094	1	26	26	0.01
L	2230731842	2230731842	1	26	26	0.01
L	2233244835	2233244835	1	26	26	0.01
L	2233444266	2233444266	1	26	26	0.01
L	2233811137	2233811137	1	26	26	0.01
L	2236572133	2236572133	1	26	26	0.01
L	2237454749	2237454749	1	26	26	0.01
L	2242294831	2242294831	1	26	26	0.01
L	2242336848	2242336848	1	26	26	0.01
L	2242364044	2242364044	1	26	26	0.01
L	2242377517	2242377517	1	26	26	0.01
L	2242670238	2242670238	1	26	26	0.01
L	2242819581	2242819581	1	26	26	0.01
L	2242888905	2242888905	1	26	26	0.01
L	2242950950	2242950950	1	26	26	0.01
L	2244173486	2244173486	1	26	26	0.01
L	2244266395	2244266395	1	26	26	0.01
L	2244333715	2244333715	1	26	26	0.01
L	2244480259	2244480259	1	26	26	0.01
L	2244544226	2244544226	1	26	26	0.01
L	2245069868	2245069868	1	26	26	0.01
L	2245111392	2245111392	1	26	26	0.01
L	2245131065	2245131065	1	26	26	0.01
L	2245179556	2245179556	1	26	26	0.01
L	2245285620	2245285620	1	26	26	0.01
L	2245387772	2245387772	1	26	26	0.01
L	2246356236	2246356236	1	26	26	0.01
L	2246438461	2246438461	1	26	26	0.01
L	2246829865	2246829865	1	26	26	0.01
L	2246932504	2246932504	1	26	26	0.01
L	2247494593	2247494593	1	26	26	0.01
L	2247765949	2247765949	1	26	26	0.01
L	2247818169	2247818169	1	26	26	0.01
L	2247890915	2247890915	1	26	26	0.01
L	2249481272	2249481272	1	26	26	0.01
L	2249621069	2249621069	1	26	26	0.01
L	2252552405	2252552405	1	26	26	0.01
L	2252869943	2252869943	1	26	26	0.01
L	2253010607	2253010607	1	26	26	0.01
L	2253073928	2253073928	1	26	26	0.01
L	2253127891	2253127891	1	26	26	0.01
L	2254737662	2254737662	1	26	26	0.01
L	2254764991	2254764991	1	26	26	0.01
L	2255502398	2255502398	1	26	26	0.01
L	2255515507	2255515507	1	26	26	0.01
L	2255666031	2255666031	1	26	26	0.01
L	2255702092	2255702092	1	26	26	0.01
L	2255902755	2255902755	1	26	26	0.01
L	2256256410	2256256410	1	26	26	0.01
L	2257105546	2257105546	1	26	26	0.01
L	2258817639	2258817639	1	26	26	0.01
L	2259870588	2259870588	1	26	26	0.01
L	2260167198	2260167198	1	26	26	0.01
L	2261228249	2261228249	1	26	26	0.01
L	2261269703	2261269703	1	26	26	0.01
L	2261370658	2261370658	1	26	26	0.01
L	2261748772	2261748772	1	26	26	0.01
L	2261839002	2261839002	1	26	26	0.01
L	2262305696	2262305696	1	26	26	0.01
L	2262890806	2262890806	1	26	26	0.01
L	2262913729	2262913729	1	26	26	0.01
L	2263129203	2263129203	1	26	26	0.01
L	2263848355	2263848355	1	26	26	0.01
L	2264988056	2264988056	1	26	26	0.01
L	2266618518	2266618518	1	26	26	0.01
L	2268955327	2268955327	1	26	26	0.01
L	2269060126	2269060126	1	26	26	0.01
L	2269142411	2269142411	1	26	26	0.01
L	2269257409	2269257409	1	26	26	0.01
L	2269276631	2269276631	1	26	26	0.01
L	2269898540	2269898540	1	26	26	0.01
L	2270207031	2270207031	1	26	26	0.01
L	2270517108	2270517108	1	26	26	0.01
L	2162331573	2162331573	1	27	27	0.01
L	2164922881	2164922881	1	27	27	0.01
L	2344317078	2344317078	1	27	27	0.01
L	2168008605	2168008605	1	27	27	0.01
L	2168242314	2168242314	1	27	27	0.01
L	2168734561	2168734561	1	27	27	0.01
L	2169238859	2169238859	1	27	27	0.01
L	2170743411	2170743411	1	27	27	0.01
L	2171791845	2171791845	1	27	27	0.01
L	2174513360	2174513360	1	27	27	0.01
L	2174549189	2174549189	1	27	27	0.01
L	2174579773	2174579773	1	27	27	0.01
L	2175761906	2175761906	1	27	27	0.01
L	2176008154	2176008154	1	27	27	0.01
L	2177275554	2177275554	1	27	27	0.01
L	2182242264	2182242264	1	27	27	0.01
L	2183963595	2183963595	1	27	27	0.01
L	2184105935	2184105935	1	27	27	0.01
L	2184577123	2184577123	1	27	27	0.01
L	2184730876	2184730876	1	27	27	0.01
L	2184758410	2184758410	1	27	27	0.01
L	2191255787	2191255787	1	27	27	0.01
L	2191400221	2191400221	1	27	27	0.01
L	2191580919	2191580919	1	27	27	0.01
L	2195021252	2195021252	1	27	27	0.01
L	2195294602	2195294602	1	27	27	0.01
L	2195365921	2195365921	1	27	27	0.01
L	2195915953	2195915953	1	27	27	0.01
L	2196416477	2196416477	1	27	27	0.01
L	2196477544	2196477544	1	27	27	0.01
L	2196880575	2196880575	1	27	27	0.01
L	2197123811	2197123811	1	27	27	0.01
L	2197144927	2197144927	1	27	27	0.01
L	2197239200	2197239200	1	27	27	0.01
L	2201212965	2201212965	1	27	27	0.01
L	2203328357	2203328357	1	27	27	0.01
L	2203552238	2203552238	1	27	27	0.01
L	2203680391	2203680391	1	27	27	0.01
L	2203944941	2203944941	1	27	27	0.01
L	2204154592	2204154592	1	27	27	0.01
L	2204283564	2204283564	1	27	27	0.01
L	2204752418	2204752418	1	27	27	0.01
L	2208076215	2208076215	1	27	27	0.01
L	2211523671	2211523671	1	27	27	0.01
L	2211642943	2211642943	1	27	27	0.01
L	2212305471	2212305471	1	27	27	0.01
L	2212408771	2212408771	1	27	27	0.01
L	2212552965	2212552965	1	27	27	0.01
L	2212602688	2212602688	1	27	27	0.01
L	2212623980	2212623980	1	27	27	0.01
L	2212945017	2212945017	1	27	27	0.01
L	2213347238	2213347238	1	27	27	0.01
L	2213702661	2213702661	1	27	27	0.01
L	1843912776	1843912776	1	28	28	0.01
L	1843968186	1843968186	1	28	28	0.01
L	1844001456	1844001456	1	28	28	0.01
L	1844402222	1844402222	1	28	28	0.01
L	1844949360	1844949360	1	28	28	0.01
L	1845407953	1845407953	1	28	28	0.01
L	1847344383	1847344383	1	28	28	0.01
L	1849316969	1849316969	1	28	28	0.01
L	1849480589	1849480589	1	28	28	0.01
L	1849908844	1849908844	1	28	28	0.01
L	1849932045	1849932045	1	28	28	0.01
L	1852565878	1852565878	1	28	28	0.01
L	1852635177	1852635177	1	28	28	0.01
L	1852724109	1852724109	1	28	28	0.01
L	1854262154	1854262154	1	28	28	0.01
L	1854383089	1854383089	1	28	28	0.01
L	1854503850	1854503850	1	28	28	0.01
L	1855891005	1855891005	1	28	28	0.01
L	1857089045	1857089045	1	28	28	0.01
L	1859743486	1859743486	1	28	28	0.01
L	1862252335	1862252335	1	28	28	0.01
L	1862351490	1862351490	1	28	28	0.01
L	1862528489	1862528489	1	28	28	0.01
L	1862765680	1862765680	1	28	28	0.01
L	1865162283	1865162283	1	28	28	0.01
L	1865322969	1865322969	1	28	28	0.01
L	1865557155	1865557155	1	28	28	0.01
L	1865701427	1865701427	1	28	28	0.01
L	1867442849	1867442849	1	28	28	0.01
L	1871003946	1871003946	1	28	28	0.01
L	1871165758	1871165758	1	28	28	0.01
L	1871748268	1871748268	1	28	28	0.01
L	1872381787	1872381787	1	28	28	0.01
L	1878290074	1878290074	1	28	28	0.01
L	1881573808	1881573808	1	28	28	0.01
L	1886507906	1886507906	1	28	28	0.01
L	2424560766	2424560766	1	29	29	0.01
L	2424718240	2424718240	1	29	29	0.01
L	2425991450	2425991450	1	29	29	0.01
L	2427457062	2427457062	1	29	29	0.01
L	2431198305	2431198305	1	29	29	0.01
L	2432218782	2432218782	1	29	29	0.01
L	2436457211	2436457211	1	29	29	0.01
L	2436987750	2436987750	1	29	29	0.01
L	2436999067	2436999067	1	29	29	0.01
L	2437338382	2437338382	1	29	29	0.01
L	2437642879	2437642879	1	29	29	0.01
L	2439948073	2439948073	1	29	29	0.01
L	2440055046	2440055046	1	29	29	0.01
L	2440085497	2440085497	1	29	29	0.01
L	2440583201	2440583201	1	29	29	0.01
L	2441404290	2441404290	1	29	29	0.01
L	2446799558	2446799558	1	29	29	0.01
L	2447297368	2447297368	1	29	29	0.01
L	2447480527	2447480527	1	29	29	0.01
L	2447575024	2447575024	1	29	29	0.01
L	2449012600	2449012600	1	29	29	0.01
L	2449523642	2449523642	1	29	29	0.01
L	2450057308	2450057308	1	29	29	0.01
L	2450107283	2450107283	1	29	29	0.01
L	2450221739	2450221739	1	29	29	0.01
L	2450557706	2450557706	1	29	29	0.01
L	2450756729	2450756729	1	29	29	0.01
L	2450784400	2450784400	1	29	29	0.01
L	2450939706	2450939706	1	29	29	0.01
L	2451315039	2451315039	1	29	29	0.01
L	2451392239	2451392239	1	29	29	0.01
L	2451657782	2451657782	1	29	29	0.01
L	2451953387	2451953387	1	29	29	0.01
L	2454223356	2454223356	1	29	29	0.01
L	2455797239	2455797239	1	29	29	0.01
L	2458104397	2458104397	1	29	29	0.01
L	2458558782	2458558782	1	29	29	0.01
L	2460727461	2460727461	1	29	29	0.01
L	2460872222	2460872222	1	29	29	0.01
L	2461112396	2461112396	1	29	29	0.01
L	2461692114	2461692114	1	29	29	0.01
L	2464459759	2464459759	1	29	29	0.01
L	2464528266	2464528266	1	29	29	0.01
L	2468864480	2468864480	1	29	29	0.01
L	2469101317	2469101317	1	29	29	0.01
L	2469226620	2469226620	1	29	29	0.01
L	2471592881	2471592881	1	29	29	0.01
L	2326781322	2326781322	1	30	30	0.01
L	2328677888	2328677888	1	30	30	0.01
L	2334651124	2334651124	1	30	30	0.01
L	2334747441	2334747441	1	30	30	0.01
L	2335135731	2335135731	1	30	30	0.01
L	2336410620	2336410620	1	30	30	0.01
L	2338056053	2338056053	1	30	30	0.01
L	2338861995	2338861995	1	30	30	0.01
L	2346325707	2346325707	1	30	30	0.01
L	2350859888	2350859888	1	30	30	0.01
L	2351910911	2351910911	1	30	30	0.01
L	2353728536	2353728536	1	30	30	0.01
L	2353748970	2353748970	1	30	30	0.01
L	2356092205	2356092205	1	30	30	0.01
L	2356156856	2356156856	1	30	30	0.01
L	2356442252	2356442252	1	30	30	0.01
L	2358766585	2358766585	1	30	30	0.01
L	2359447524	2359447524	1	30	30	0.01
L	2360807647	2360807647	1	30	30	0.01
L	2362720818	2362720818	1	30	30	0.01
L	2363819583	2363819583	1	30	30	0.01
L	2363902719	2363902719	1	30	30	0.01
L	2363921801	2363921801	1	30	30	0.01
L	2370370127	2370370127	1	30	30	0.01
L	2370575101	2370575101	1	30	30	0.01
L	2372207253	2372207253	1	30	30	0.01
L	2372360859	2372360859	1	30	30	0.01
L	2372578413	2372578413	1	30	30	0.01
L	2373005139	2373005139	1	30	30	0.01
L	2373085408	2373085408	1	30	30	0.01
L	2383152362	2383152362	1	31	31	0.01
L	2389879063	2389879063	1	31	31	0.01
L	2389942956	2389942956	1	31	31	0.01
L	2390006392	2390006392	1	31	31	0.01
L	2390128993	2390128993	1	31	31	0.01
L	2391089131	2391089131	1	31	31	0.01
L	2391305488	2391305488	1	31	31	0.01
L	2391405860	2391405860	1	31	31	0.01
L	2391487114	2391487114	1	31	31	0.01
L	2391535370	2391535370	1	31	31	0.01
L	2393446737	2393446737	1	31	31	0.01
L	2394751740	2394751740	1	31	31	0.01
L	2394978592	2394978592	1	31	31	0.01
L	2395489198	2395489198	1	31	31	0.01
L	2395558794	2395558794	1	31	31	0.01
L	2395899458	2395899458	1	31	31	0.01
L	2396443950	2396443950	1	31	31	0.01
L	2396805750	2396805750	1	31	31	0.01
L	2396965676	2396965676	1	31	31	0.01
L	2397747074	2397747074	1	31	31	0.01
L	2397880963	2397880963	1	31	31	0.01
L	2398055258	2398055258	1	31	31	0.01
L	2398131432	2398131432	1	31	31	0.01
L	2400049743	2400049743	1	31	31	0.01
L	2403162164	2403162164	1	31	31	0.01
L	2403184041	2403184041	1	31	31	0.01
L	2403925791	2403925791	1	31	31	0.01
L	2404245185	2404245185	1	31	31	0.01
L	2404388017	2404388017	1	31	31	0.01
L	2404851533	2404851533	1	31	31	0.01
L	2404920354	2404920354	1	31	31	0.01
L	2405459598	2405459598	1	31	31	0.01
L	2406086762	2406086762	1	31	31	0.01
L	2406265487	2406265487	1	31	31	0.01
L	2406587814	2406587814	1	31	31	0.01
L	2407014576	2407014576	1	31	31	0.01
L	2407077675	2407077675	1	31	31	0.01
L	2407189754	2407189754	1	31	31	0.01
L	2407604581	2407604581	1	31	31	0.01
L	2407809505	2407809505	1	31	31	0.01
L	2409501357	2409501357	1	31	31	0.01
L	2409596188	2409596188	1	31	31	0.01
L	2409640809	2409640809	1	31	31	0.01
L	2409666096	2409666096	1	31	31	0.01
L	2410549658	2410549658	1	31	31	0.01
L	2410593911	2410593911	1	31	31	0.01
L	2411250695	2411250695	1	31	31	0.01
L	2411284203	2411284203	1	31	31	0.01
L	2412795531	2412795531	1	31	31	0.01
L	2412872331	2412872331	1	31	31	0.01
L	2412960842	2412960842	1	31	31	0.01
L	2415139688	2415139688	1	31	31	0.01
L	2415273627	2415273627	1	31	31	0.01
L	2416880295	2416880295	1	31	31	0.01
L	2417501804	2417501804	1	31	31	0.01
L	2417526387	2417526387	1	31	31	0.01
L	2417549399	2417549399	1	31	31	0.01
L	2417910389	2417910389	1	31	31	0.01
L	2418746899	2418746899	1	31	31	0.01
L	2418846825	2418846825	1	31	31	0.01
L	2419561883	2419561883	1	31	31	0.01
L	2420043718	2420043718	1	31	31	0.01
L	2420495856	2420495856	1	31	31	0.01
L	2421195140	2421195140	1	31	31	0.01
L	2421364010	2421364010	1	31	31	0.01
L	2421603300	2421603300	1	31	31	0.01
L	2421627898	2421627898	1	31	31	0.01
L	2421659115	2421659115	1	31	31	0.01
L	2421822509	2421822509	1	31	31	0.01
L	2422088872	2422088872	1	31	31	0.01
L	2422756414	2422756414	1	31	31	0.01
L	2424053091	2424053091	1	31	31	0.01
L	2424178890	2424178890	1	31	31	0.01
L	2472195324	2472195324	1	32	32	0.01
L	2472648775	2472648775	1	32	32	0.01
L	2473235686	2473235686	1	32	32	0.01
L	2473271609	2473271609	1	32	32	0.01
L	2473916584	2473916584	1	32	32	0.01
L	2475367063	2475367063	1	32	32	0.01
L	2476571280	2476571280	1	32	32	0.01
L	2476626075	2476626075	1	32	32	0.01
L	2477264301	2477264301	1	32	32	0.01
L	2477301765	2477301765	1	32	32	0.01
L	2477380101	2477380101	1	32	32	0.01
L	2477561890	2477561890	1	32	32	0.01
L	2477574267	2477574267	1	32	32	0.01
L	2477686494	2477686494	1	32	32	0.01
L	919536519	919536519	1	32	32	0.01
L	2481221670	2481221670	1	32	32	0.01
L	2483392475	2483392475	1	32	32	0.01
L	2484948491	2484948491	1	32	32	0.01
L	2485798336	2485798336	1	32	32	0.01
L	2485825909	2485825909	1	32	32	0.01
L	2485850266	2485850266	1	32	32	0.01
L	2485972986	2485972986	1	32	32	0.01
L	2487515879	2487515879	1	32	32	0.01
L	2488283658	2488283658	1	32	32	0.01
L	2490359610	2490359610	1	32	32	0.01
L	2490794674	2490794674	1	32	32	0.01
L	2490843610	2490843610	1	32	32	0.01
L	2491566802	2491566802	1	32	32	0.01
L	2492274372	2492274372	1	32	32	0.01
L	2493600374	2493600374	1	32	32	0.01
L	2495285848	2495285848	1	32	32	0.01
L	2495657316	2495657316	1	32	32	0.01
L	2496250029	2496250029	1	32	32	0.01
L	2505493263	2505493263	1	32	32	0.01
L	2505973037	2505973037	1	32	32	0.01
L	2507774077	2507774077	1	32	32	0.01
L	2508242341	2508242341	1	32	32	0.01
L	2510337103	2510337103	1	32	32	0.01
L	2516177726	2516177726	1	32	32	0.01
L	2516312504	2516312504	1	32	32	0.01
L	2522176712	2522176712	1	33	33	0.01
L	2523652426	2523652426	1	33	33	0.01
L	2524249738	2524249738	1	33	33	0.01
L	2524927472	2524927472	1	33	33	0.01
L	2525710851	2525710851	1	33	33	0.01
L	2526179026	2526179026	1	33	33	0.01
L	2526777568	2526777568	1	33	33	0.01
L	2527483471	2527483471	1	33	33	0.01
L	2530198431	2530198431	1	33	33	0.01
L	2530245866	2530245866	1	33	33	0.01
L	2530902151	2530902151	1	33	33	0.01
L	2532448039	2532448039	1	33	33	0.01
L	2532697031	2532697031	1	33	33	0.01
L	2532919545	2532919545	1	33	33	0.01
L	2534011350	2534011350	1	33	33	0.01
L	2536070378	2536070378	1	33	33	0.01
L	2536389768	2536389768	1	33	33	0.01
L	2536698125	2536698125	1	33	33	0.01
L	2536729423	2536729423	1	33	33	0.01
L	2537333223	2537333223	1	33	33	0.01
L	2537676679	2537676679	1	33	33	0.01
L	2538331132	2538331132	1	33	33	0.01
L	2538374974	2538374974	1	33	33	0.01
L	2538426652	2538426652	1	33	33	0.01
L	2538993820	2538993820	1	33	33	0.01
L	2539042832	2539042832	1	33	33	0.01
L	2539053822	2539053822	1	33	33	0.01
L	2539060359	2539060359	1	33	33	0.01
L	2539113035	2539113035	1	33	33	0.01
L	2539611797	2539611797	1	33	33	0.01
L	2539635587	2539635587	1	33	33	0.01
L	2540612403	2540612403	1	33	33	0.01
L	2541396313	2541396313	1	33	33	0.01
L	2541521574	2541521574	1	33	33	0.01
L	2542772193	2542772193	1	33	33	0.01
L	2543212021	2543212021	1	33	33	0.01
L	2543342949	2543342949	1	33	33	0.01
L	2544373096	2544373096	1	33	33	0.01
L	2544423273	2544423273	1	33	33	0.01
L	2545391478	2545391478	1	33	33	0.01
L	2545515892	2545515892	1	33	33	0.01
L	2545611042	2545611042	1	33	33	0.01
L	2547770237	2547770237	1	33	33	0.01
L	2548103285	2548103285	1	33	33	0.01
L	2548191179	2548191179	1	33	33	0.01
L	2549276268	2549276268	1	33	33	0.01
L	2551471551	2551471551	1	33	33	0.01
L	2551647347	2551647347	1	33	33	0.01
L	2555213565	2555213565	1	33	33	0.01
L	2556003440	2556003440	1	33	33	0.01
L	2556095907	2556095907	1	33	33	0.01
L	2557116572	2557116572	1	33	33	0.01
L	2557221042	2557221042	1	33	33	0.01
L	2557357140	2557357140	1	33	33	0.01
L	2557631970	2557631970	1	33	33	0.01
L	2558247780	2558247780	1	33	33	0.01
L	2558321406	2558321406	1	33	33	0.01
L	2558387525	2558387525	1	33	33	0.01
L	2558399961	2558399961	1	33	33	0.01
L	2559915887	2559915887	1	33	33	0.01
L	2560651813	2560651813	1	33	33	0.01
L	2562417906	2562417906	1	33	33	0.01
L	2562776203	2562776203	1	33	33	0.01
L	35368951	35368951	1	33	33	0.01
L	2564622913	2564622913	1	33	33	0.01
L	2569631319	2569631319	1	34	34	0.01
L	2572780949	2572780949	1	34	34	0.01
L	2572807520	2572807520	1	34	34	0.01
L	2577456710	2577456710	1	34	34	0.01
L	2580259876	2580259876	1	34	34	0.01
L	2581337582	2581337582	1	34	34	0.01
L	2581586413	2581586413	1	34	34	0.01
L	2585590656	2585590656	1	34	34	0.01
L	2588677542	2588677542	1	34	34	0.01
L	2588724436	2588724436	1	34	34	0.01
L	2588815644	2588815644	1	34	34	0.01
L	2590312523	2590312523	1	34	34	0.01
L	2590339527	2590339527	1	34	34	0.01
L	2590393150	2590393150	1	34	34	0.01
L	2590860485	2590860485	1	34	34	0.01
L	2596097594	2596097594	1	34	34	0.01
L	2596139848	2596139848	1	34	34	0.01
L	2596156981	2596156981	1	34	34	0.01
L	2596170605	2596170605	1	34	34	0.01
L	2597822603	2597822603	1	34	34	0.01
L	2598798388	2598798388	1	34	34	0.01
L	2599486823	2599486823	1	34	34	0.01
L	2599882155	2599882155	1	34	34	0.01
L	2600231164	2600231164	1	34	34	0.01
L	2600583066	2600583066	1	34	34	0.01
L	2600679133	2600679133	1	34	34	0.01
L	2600818105	2600818105	1	34	34	0.01
L	2601650622	2601650622	1	34	34	0.01
L	2603256990	2603256990	1	34	34	0.01
L	2605668755	2605668755	1	34	34	0.01
L	2605831466	2605831466	1	34	34	0.01
L	2607256333	2607256333	1	34	34	0.01
L	2607694866	2607694866	1	34	34	0.01
L	2609283877	2609283877	1	34	34	0.01
L	2692983424	2692983424	1	35	35	0.01
L	2693001262	2693001262	1	35	35	0.01
L	2693202823	2693202823	1	35	35	0.01
L	2693391693	2693391693	1	35	35	0.01
L	2693948277	2693948277	1	35	35	0.01
L	2693957433	2693957433	1	35	35	0.01
L	2694001892	2694001892	1	35	35	0.01
L	2694073105	2694073105	1	35	35	0.01
L	2694126704	2694126704	1	35	35	0.01
L	2694303797	2694303797	1	35	35	0.01
L	2694704224	2694704224	1	35	35	0.01
L	2700430233	2700430233	1	35	35	0.01
L	2700544770	2700544770	1	35	35	0.01
L	2700574605	2700574605	1	35	35	0.01
L	2701881040	2701881040	1	35	35	0.01
L	2701961521	2701961521	1	35	35	0.01
L	2701987973	2701987973	1	35	35	0.01
L	2702001843	2702001843	1	35	35	0.01
L	2702073932	2702073932	1	35	35	0.01
L	2702153416	2702153416	1	35	35	0.01
L	2702371566	2702371566	1	35	35	0.01
L	2702486755	2702486755	1	35	35	0.01
L	2702633869	2702633869	1	35	35	0.01
L	2703085678	2703085678	1	35	35	0.01
L	2703417622	2703417622	1	35	35	0.01
L	2703463565	2703463565	1	35	35	0.01
L	2703809989	2703809989	1	35	35	0.01
L	2703927971	2703927971	1	35	35	0.01
L	2703987267	2703987267	1	35	35	0.01
L	2704763046	2704763046	1	35	35	0.01
L	2705016790	2705016790	1	35	35	0.01
L	2707090587	2707090587	1	35	35	0.01
L	2708175519	2708175519	1	35	35	0.01
L	2708625787	2708625787	1	35	35	0.01
L	2710145962	2710145962	1	35	35	0.01
L	2710461782	2710461782	1	35	35	0.01
L	2710503905	2710503905	1	35	35	0.01
L	2710513698	2710513698	1	35	35	0.01
L	2711859059	2711859059	1	35	35	0.01
L	2712298158	2712298158	1	35	35	0.01
L	2716285993	2716285993	1	35	35	0.01
L	2716989581	2716989581	1	35	35	0.01
L	2717131441	2717131441	1	35	35	0.01
L	2717151292	2717151292	1	35	35	0.01
L	2720748696	2720748696	1	35	35	0.01
L	2721033597	2721033597	1	35	35	0.01
L	2721337917	2721337917	1	35	35	0.01
L	2724907492	2724907492	1	35	35	0.01
L	2728922108	2728922108	1	35	35	0.01
L	1368309584	1368309584	1	35	35	0.01
L	2663921672	2663921672	1	36	36	0.01
L	2664422664	2664422664	1	36	36	0.01
L	2664490308	2664490308	1	36	36	0.01
L	2664598639	2664598639	1	36	36	0.01
L	2664982882	2664982882	1	36	36	0.01
L	2665562331	2665562331	1	36	36	0.01
L	2665994813	2665994813	1	36	36	0.01
L	2666536027	2666536027	1	36	36	0.01
L	2666705224	2666705224	1	36	36	0.01
L	2670085711	2670085711	1	36	36	0.01
L	2671829178	2671829178	1	36	36	0.01
L	2671975376	2671975376	1	36	36	0.01
L	2674588395	2674588395	1	36	36	0.01
L	2676261417	2676261417	1	36	36	0.01
L	2676448555	2676448555	1	36	36	0.01
L	2676564316	2676564316	1	36	36	0.01
L	2678574004	2678574004	1	36	36	0.01
L	2678767278	2678767278	1	36	36	0.01
L	2678878419	2678878419	1	36	36	0.01
L	2678925384	2678925384	1	36	36	0.01
L	2681893195	2681893195	1	36	36	0.01
L	2681922951	2681922951	1	36	36	0.01
L	2682294323	2682294323	1	36	36	0.01
L	2683638723	2683638723	1	36	36	0.01
L	2683707871	2683707871	1	36	36	0.01
L	2684071582	2684071582	1	36	36	0.01
L	2684499500	2684499500	1	36	36	0.01
L	2684877246	2684877246	1	36	36	0.01
L	2685306657	2685306657	1	36	36	0.01
L	2685592006	2685592006	1	36	36	0.01
L	2685873842	2685873842	1	36	36	0.01
L	2685929595	2685929595	1	36	36	0.01
L	2686035132	2686035132	1	36	36	0.01
L	2686077992	2686077992	1	36	36	0.01
L	2686329283	2686329283	1	36	36	0.01
L	2686370751	2686370751	1	36	36	0.01
L	2686603368	2686603368	1	36	36	0.01
L	2686832712	2686832712	1	36	36	0.01
L	2687052560	2687052560	1	36	36	0.01
L	2687620799	2687620799	1	36	36	0.01
L	2687682453	2687682453	1	36	36	0.01
L	2687770735	2687770735	1	36	36	0.01
L	2688036907	2688036907	1	36	36	0.01
L	2688081111	2688081111	1	36	36	0.01
L	2688108617	2688108617	1	36	36	0.01
L	2688224917	2688224917	1	36	36	0.01
L	2688624580	2688624580	1	36	36	0.01
L	2689073640	2689073640	1	36	36	0.01
L	2689342888	2689342888	1	36	36	0.01
L	2689380075	2689380075	1	36	36	0.01
L	2692467891	2692467891	1	36	36	0.01
L	2732538190	2732538190	1	37	37	0.01
L	2733755399	2733755399	1	37	37	0.01
L	2734130889	2734130889	1	37	37	0.01
L	2734298832	2734298832	1	37	37	0.01
L	2734404005	2734404005	1	37	37	0.01
L	2735072009	2735072009	1	37	37	0.01
L	2735916749	2735916749	1	37	37	0.01
L	2737460552	2737460552	1	37	37	0.01
L	2737494529	2737494529	1	37	37	0.01
L	2739250814	2739250814	1	37	37	0.01
L	2739291882	2739291882	1	37	37	0.01
L	2739366683	2739366683	1	37	37	0.01
L	2741156132	2741156132	1	37	37	0.01
L	2742283153	2742283153	1	37	37	0.01
L	2744702145	2744702145	1	37	37	0.01
L	2144292872	2144292872	1	37	37	0.01
L	2744915676	2744915676	1	37	37	0.01
L	2744928068	2744928068	1	37	37	0.01
L	2746720129	2746720129	1	37	37	0.01
L	2746863752	2746863752	1	37	37	0.01
L	2747098268	2747098268	1	37	37	0.01
L	2747734734	2747734734	1	37	37	0.01
L	2749690406	2749690406	1	37	37	0.01
L	2752075413	2752075413	1	37	37	0.01
L	2757533590	2757533590	1	37	37	0.01
L	2759491908	2759491908	1	37	37	0.01
L	2759715904	2759715904	1	37	37	0.01
L	2761315933	2761315933	1	37	37	0.01
L	2761353637	2761353637	1	37	37	0.01
L	2765613630	2765613630	1	37	37	0.01
L	2767824629	2767824629	1	37	37	0.01
L	2768364504	2768364504	1	37	37	0.01
L	2768589054	2768589054	1	37	37	0.01
L	2776008253	2776008253	1	38	38	0.01
L	2776105408	2776105408	1	38	38	0.01
L	2777014413	2777014413	1	38	38	0.01
L	2777138874	2777138874	1	38	38	0.01
L	2777976317	2777976317	1	38	38	0.01
L	2783717988	2783717988	1	38	38	0.01
L	2784542010	2784542010	1	38	38	0.01
L	2784739017	2784739017	1	38	38	0.01
L	2786976146	2786976146	1	38	38	0.01
L	2788106576	2788106576	1	38	38	0.01
L	2788243305	2788243305	1	38	38	0.01
L	2788773413	2788773413	1	38	38	0.01
L	2788849379	2788849379	1	38	38	0.01
L	2789593444	2789593444	1	38	38	0.01
L	2789763319	2789763319	1	38	38	0.01
L	2789874612	2789874612	1	38	38	0.01
L	2789893106	2789893106	1	38	38	0.01
L	2790967076	2790967076	1	38	38	0.01
L	2791179522	2791179522	1	38	38	0.01
L	2791651363	2791651363	1	38	38	0.01
L	2791687253	2791687253	1	38	38	0.01
L	2792736168	2792736168	1	38	38	0.01
L	2793356914	2793356914	1	38	38	0.01
L	2793878338	2793878338	1	38	38	0.01
L	2793995020	2793995020	1	38	38	0.01
L	2794605346	2794605346	1	38	38	0.01
L	2796577258	2796577258	1	38	38	0.01
L	2796636767	2796636767	1	38	38	0.01
L	2798338746	2798338746	1	38	38	0.01
L	2798469141	2798469141	1	38	38	0.01
L	2798661042	2798661042	1	38	38	0.01
L	2803703401	2803703401	1	38	38	0.01
L	2804361551	2804361551	1	38	38	0.01
L	2804482171	2804482171	1	38	38	0.01
L	2804566138	2804566138	1	38	38	0.01
L	2804588802	2804588802	1	38	38	0.01
L	2804834578	2804834578	1	38	38	0.01
L	2836184412	2836184412	1	39	39	0.01
L	2836219785	2836219785	1	39	39	0.01
L	2836410100	2836410100	1	39	39	0.01
L	2836455685	2836455685	1	39	39	0.01
L	2836594372	2836594372	1	39	39	0.01
L	2837276310	2837276310	1	39	39	0.01
L	2837322710	2837322710	1	39	39	0.01
L	2843236858	2843236858	1	39	39	0.01
L	2843434724	2843434724	1	39	39	0.01
L	2843767352	2843767352	1	39	39	0.01
L	2843983634	2843983634	1	39	39	0.01
L	2844932266	2844932266	1	39	39	0.01
L	2846345049	2846345049	1	39	39	0.01
L	2846577349	2846577349	1	39	39	0.01
L	2853451719	2853451719	1	39	39	0.01
L	2853530698	2853530698	1	39	39	0.01
L	2853554784	2853554784	1	39	39	0.01
L	2853863005	2853863005	1	39	39	0.01
L	2854105278	2854105278	1	39	39	0.01
L	2854644740	2854644740	1	39	39	0.01
L	2858061470	2858061470	1	39	39	0.01
L	2858336088	2858336088	1	39	39	0.01
L	2863905950	2863905950	1	39	39	0.01
L	2890289717	2890289717	1	40	40	0.01
L	2890742731	2890742731	1	40	40	0.01
L	2891676297	2891676297	1	40	40	0.01
L	2891677914	2891677914	1	40	40	0.01
L	2891699984	2891699984	1	40	40	0.01
L	2892967744	2892967744	1	40	40	0.01
L	2893202341	2893202341	1	40	40	0.01
L	2893306313	2893306313	1	40	40	0.01
L	2893548800	2893548800	1	40	40	0.01
L	2894870033	2894870033	1	40	40	0.01
L	2895281957	2895281957	1	40	40	0.01
L	2896007179	2896007179	1	40	40	0.01
L	2897458802	2897458802	1	40	40	0.01
L	2899479634	2899479634	1	40	40	0.01
L	2900117048	2900117048	1	40	40	0.01
L	2901072278	2901072278	1	40	40	0.01
L	2908063501	2908063501	1	40	40	0.01
L	2909711578	2909711578	1	40	40	0.01
L	2910373559	2910373559	1	40	40	0.01
L	2950811910	2950811910	1	41	41	0.01
L	2950849793	2950849793	1	41	41	0.01
L	2950840148	2950840148	1	41	41	0.01
L	2951065894	2951065894	1	41	41	0.01
L	2951133151	2951133151	1	41	41	0.01
L	2951296880	2951296880	1	41	41	0.01
L	2952300450	2952300450	1	41	41	0.01
L	2952485761	2952485761	1	41	41	0.01
L	2952497890	2952497890	1	41	41	0.01
L	2952764120	2952764120	1	41	41	0.01
L	2952912316	2952912316	1	41	41	0.01
L	2953733234	2953733234	1	41	41	0.01
L	2956567355	2956567355	1	41	41	0.01
L	2956997882	2956997882	1	41	41	0.01
L	2957100406	2957100406	1	41	41	0.01
L	2957754108	2957754108	1	41	41	0.01
L	2958190908	2958190908	1	41	41	0.01
L	2959094177	2959094177	1	41	41	0.01
L	2960011971	2960011971	1	41	41	0.01
L	2960035086	2960035086	1	41	41	0.01
L	2961773874	2961773874	1	41	41	0.01
L	2961919292	2961919292	1	41	41	0.01
L	2963125616	2963125616	1	41	41	0.01
L	2963639410	2963639410	1	41	41	0.01
L	2963694178	2963694178	1	41	41	0.01
L	2966636009	2966636009	1	41	41	0.01
L	2967732400	2967732400	1	41	41	0.01
L	2969534275	2969534275	1	41	41	0.01
L	2103090246	2103090246	1	42	42	0.01
L	2867890352	2867890352	1	42	42	0.01
L	2869262507	2869262507	1	42	42	0.01
L	2869335596	2869335596	1	42	42	0.01
L	2869362175	2869362175	1	42	42	0.01
L	2870154451	2870154451	1	42	42	0.01
L	2871267531	2871267531	1	42	42	0.01
L	2871521882	2871521882	1	42	42	0.01
L	2872482552	2872482552	1	42	42	0.01
L	2228626928	2228626928	1	42	42	0.01
L	2872607374	2872607374	1	42	42	0.01
L	2875771688	2875771688	1	42	42	0.01
L	2878966292	2878966292	1	42	42	0.01
L	2879045768	2879045768	1	42	42	0.01
L	2879184006	2879184006	1	42	42	0.01
L	2879487181	2879487181	1	42	42	0.01
L	2879973850	2879973850	1	42	42	0.01
L	2880027245	2880027245	1	42	42	0.01
L	2880060052	2880060052	1	42	42	0.01
L	2880515998	2880515998	1	42	42	0.01
L	2809051938	2809051938	1	43	43	0.01
L	2809151732	2809151732	1	43	43	0.01
L	2810361392	2810361392	1	43	43	0.01
L	2811066661	2811066661	1	43	43	0.01
L	2814727785	2814727785	1	43	43	0.01
L	2818403554	2818403554	1	43	43	0.01
L	2818529749	2818529749	1	43	43	0.01
L	2819146639	2819146639	1	43	43	0.01
L	2819384806	2819384806	1	43	43	0.01
L	2609515347	2609515347	1	44	44	0.01
L	2924122937	2924122937	1	45	45	0.01
L	2924489031	2924489031	1	45	45	0.01
L	2926407187	2926407187	1	45	45	0.01
L	2930796104	2930796104	1	45	45	0.01
L	2931158432	2931158432	1	45	45	0.01
L	2993800810	2993800810	1	46	46	0.01
L	1868489256	1868489256	1	46	46	0.01
L	2996948619	2996948619	1	46	46	0.01
L	2998830376	2998830376	1	46	46	0.01
L	2999051492	2999051492	1	46	46	0.01
L	2999201284	2999201284	1	46	46	0.01
L	2999556214	2999556214	1	46	46	0.01
L	3001223892	3001223892	1	46	46	0.01
L	3001777044	3001777044	1	46	46	0.01
L	2983475708	2983475708	1	47	47	0.01
L	2986298624	2986298624	1	47	47	0.01
L	2935196204	2935196204	1	48	48	0.01
L	2942648999	2942648999	1	48	48	0.01
1	1	245585701	1	1		1
2	245585702	438289848	1	1		1
3	438289849	605238142	1	1		1
4	605238143	760108049	1	1		1
5	760108050	907121620	1	1		1
6	907121621	1040519178	1	1		1
7	1040519179	1156241041	1	1		1
8	1156241042	1262570002	1	1		1
9	1262570003	1358340051	1	1		1
10	1358340052	1447455455	1	1		1
11	1447455456	1531447931	1	1		1
12	1531447932	1611377204	1	1		1
13	1611377205	1690268573	1	1		1
14	1690268574	1767684827	1	1		1
15	1767684828	1843824771	1	1		1
16	1843824772	1911071828	1	1		1
17	1911071829	1975873939	1	1		1
18	1975873940	2039124781	1	1		1
19	2039124782	2099757426	1	1		1
20	2099757427	2159198452	1	1		1
21	2159198453	2215105128	1	1		1
22	2215105129	2270775755	1	1		1
23	2270775756	2324364623	1	1		1
24	2324364624	2375927939	1	1		1
25	2375927940	2424544287	1	1		1
26	2424544288	2472138799	1	1		1
27	2472138800	2519078395	1	1		1
28	2519078396	2565383000	1	1		1
29	2565383001	2609449997	1	1		1
30	2609449998	2651832785	1	1		1
31	2651832786	2692806748	1	1		1
32	2692806749	2732467853	1	1		1
33	2732467854	2770979983	1	1		1
34	2770979984	2805011897	1	1		1
35	2805011898	2835523756	1	1		1
37	2835523757	2864189985	1	1		1
38	2864189986	2888969260	1	1		1
39	2888969261	2912366963	1	1		1
41	2912366964	2933543393	1	1		1
43	2933543394	2950625160	1	1		1
44	2950625161	2971046955	1	1		1
45	2971046956	2990879215	1	1		1
46	2990879216	3001906369	1	1		1
36	3001906370	3031730348	1	1		1
40	3031730349	3054186694	1	1		1
42	3054186695	3064412615	1	1		1
47	3064412616	3074657599	1	1		1
48	3074657600	3083460908	1	1		1
49	3083460909	3088286374	1	1		1
