name	start	end	strand	col	fill	lwd
1	1	248956422	1	4	4	0.1
2	248956423	491149951	1	4	4	0.1
3	491149952	689445510	1	4	4	0.1
4	689445511	879660065	1	4	4	0.1
5	879660066	1061198324	1	4	4	0.1
6	1061198325	1232004303	1	4	4	0.1
7	1232004304	1391350276	1	4	4	0.1
8	1391350277	1536488912	1	4	4	0.1
9	1536488913	1674883629	1	4	4	0.1
10	1674883630	1808681051	1	4	4	0.1
11	1808681052	1943767673	1	4	4	0.1
12	1943767674	2077042982	1	4	4	0.1
13	2077042983	2191407310	1	4	4	0.1
14	2191407311	2298451028	1	4	4	0.1
15	2298451029	2400442217	1	4	4	0.1
16	2400442218	2490780562	1	4	4	0.1
17	2490780563	2574038003	1	4	4	0.1
18	2574038004	2654411288	1	4	4	0.1
19	2654411289	2713028904	1	4	4	0.1
20	2713028905	2777473071	1	4	4	0.1
21	2777473072	2824183054	1	4	4	0.1
22	2824183055	2875001522	1	4	4	0.1
X	2875001523	3031042417	1	4	4	0.1
MT	3031042418	3031058986	1	4	4	0.1
Y	3031058987	3088286401	1	4	4	0.1
1	1	248956422	1	1	4	0.1
2	248956423	491149951	1	1	4	0.1
3	491149952	689445510	1	1	4	0.1
4	689445511	879660065	1	1	4	0.1
5	879660066	1061198324	1	1	4	0.1
6	1061198325	1232004303	1	1	4	0.1
7	1232004304	1391350276	1	1	4	0.1
8	1391350277	1536488912	1	1	4	0.1
9	1536488913	1674883629	1	1	4	0.1
10	1674883630	1808681051	1	1	4	0.1
11	1808681052	1943767673	1	1	4	0.1
12	1943767674	2077042982	1	1	4	0.1
13	2077042983	2191407310	1	1	4	0.1
14	2191407311	2298451028	1	1	4	0.1
15	2298451029	2400442217	1	1	4	0.1
16	2400442218	2490780562	1	1	4	0.1
17	2490780563	2574038003	1	1	4	0.1
18	2574038004	2654411288	1	1	4	0.1
19	2654411289	2713028904	1	1	4	0.1
20	2713028905	2777473071	1	1	4	0.1
21	2777473072	2824183054	1	1	4	0.1
22	2824183055	2875001522	1	1	4	0.1
X	2875001523	3031042417	1	1	4	0.1
MT	3031042418	3031058986	1	1	4	0.1
Y	3031058987	3088286401	1	1	4	0.1
L	830666383	830666383	1	5	5	0.01
L	1411167814	1411167814	1	5	5	0.01
L	817417633	817417633	1	5	5	0.01
L	817366140	817366140	1	5	5	0.01
L	817088969	817088969	1	5	5	0.01
L	812338338	812338338	1	5	5	0.01
L	812187403	812187403	1	5	5	0.01
L	811810468	811810468	1	5	5	0.01
L	811271370	811271370	1	5	5	0.01
L	811246935	811246935	1	5	5	0.01
L	690432595	690432595	1	5	5	0.01
L	1421929197	1421929197	1	5	5	0.01
L	841116684	841116684	1	5	5	0.01
L	837084042	837084042	1	5	5	0.01
L	835084812	835084812	1	5	5	0.01
L	852939860	852939860	1	5	5	0.01
L	848117967	848117967	1	5	5	0.01
L	847572917	847572917	1	5	5	0.01
L	845371546	845371546	1	5	5	0.01
L	845229641	845229641	1	5	5	0.01
L	802083004	802083004	1	5	5	0.01
L	801823288	801823288	1	5	5	0.01
L	801696018	801696018	1	5	5	0.01
L	799921925	799921925	1	5	5	0.01
L	418085085	418085085	1	5	5	0.01
L	799260819	799260819	1	5	5	0.01
L	697886333	697886333	1	5	5	0.01
L	854525168	854525168	1	5	5	0.01
L	696488835	696488835	1	5	5	0.01
L	1697811216	1697811216	1	5	5	0.01
L	844029634	844029634	1	5	5	0.01
L	843982195	843982195	1	5	5	0.01
L	842790248	842790248	1	5	5	0.01
L	764193551	764193551	1	5	5	0.01
L	764928048	764928048	1	5	5	0.01
L	765191853	765191853	1	5	5	0.01
L	777453244	777453244	1	5	5	0.01
L	1160373065	1160373065	1	5	5	0.01
L	745913146	745913146	1	5	5	0.01
L	690127468	690127468	1	5	5	0.01
L	1572706277	1572706277	1	5	5	0.01
L	696250104	696250104	1	5	5	0.01
L	2520849152	2520849152	1	5	5	0.01
L	689944846	689944846	1	5	5	0.01
L	1434188238	1434188238	1	5	5	0.01
L	772852963	772852963	1	5	5	0.01
L	1434406623	1434406623	1	5	5	0.01
L	1434453825	1434453825	1	5	5	0.01
L	795128243	795128243	1	5	5	0.01
L	789009606	789009606	1	5	5	0.01
L	2113945754	2113945754	1	5	5	0.01
L	808455357	808455357	1	5	5	0.01
L	809505628	809505628	1	5	5	0.01
L	767308359	767308359	1	5	5	0.01
L	769712335	769712335	1	5	5	0.01
L	765560876	765560876	1	5	5	0.01
L	772373612	772373612	1	5	5	0.01
L	704881254	704881254	1	5	5	0.01
L	707022976	707022976	1	5	5	0.01
L	707060165	707060165	1	5	5	0.01
L	707256588	707256588	1	5	5	0.01
L	714569441	714569441	1	5	5	0.01
L	714758320	714758320	1	5	5	0.01
L	714822938	714822938	1	5	5	0.01
L	716062909	716062909	1	5	5	0.01
L	726863668	726863668	1	5	5	0.01
L	728734271	728734271	1	5	5	0.01
L	728997636	728997636	1	5	5	0.01
L	729688897	729688897	1	5	5	0.01
L	731380995	731380995	1	5	5	0.01
L	731447225	731447225	1	5	5	0.01
L	731563028	731563028	1	5	5	0.01
L	736897155	736897155	1	5	5	0.01
L	737304436	737304436	1	5	5	0.01
L	737787250	737787250	1	5	5	0.01
L	737929072	737929072	1	5	5	0.01
L	741469467	741469467	1	5	5	0.01
L	741497215	741497215	1	5	5	0.01
L	744791847	744791847	1	5	5	0.01
L	744841700	744841700	1	5	5	0.01
L	2338922371	2338922371	1	5	5	0.01
L	745783912	745783912	1	5	5	0.01
L	1408597521	1408597521	1	5	5	0.01
L	879386520	879386520	1	5	5	0.01
L	945285126	945285126	1	5	5	0.01
L	269485889	269485889	1	5	5	0.01
L	44800464	44800464	1	5	5	0.01
L	935435451	935435451	1	5	5	0.01
L	935286559	935286559	1	5	5	0.01
L	934916553	934916553	1	5	5	0.01
L	934639397	934639397	1	5	5	0.01
L	932758667	932758667	1	5	5	0.01
L	924469028	924469028	1	5	5	0.01
L	1571588947	1571588947	1	5	5	0.01
L	1571578004	1571578004	1	5	5	0.01
L	1571563020	1571563020	1	5	5	0.01
L	2619890470	2619890470	1	5	5	0.01
L	2618969113	2618969113	1	5	5	0.01
L	1572226081	1572226081	1	5	5	0.01
L	1572237678	1572237678	1	5	5	0.01
L	1570827952	1570827952	1	5	5	0.01
L	1570709827	1570709827	1	5	5	0.01
L	2610834808	2610834808	1	5	5	0.01
L	1571124544	1571124544	1	5	5	0.01
L	913649158	913649158	1	5	5	0.01
L	913604713	913604713	1	5	5	0.01
L	2633369096	2633369096	1	5	5	0.01
L	2631588715	2631588715	1	5	5	0.01
L	2623600312	2623600312	1	5	5	0.01
L	691428829	691428829	1	5	5	0.01
L	323411539	323411539	1	5	5	0.01
L	691162690	691162690	1	5	5	0.01
L	690785045	690785045	1	5	5	0.01
L	335063033	335063033	1	5	5	0.01
L	335100690	335100690	1	5	5	0.01
L	2887826479	2887826479	1	5	5	0.01
L	335560265	335560265	1	5	5	0.01
L	2716175680	2716175680	1	5	5	0.01
L	329258673	329258673	1	5	5	0.01
L	337674015	337674015	1	5	5	0.01
L	323483222	323483222	1	5	5	0.01
L	323378576	323378576	1	5	5	0.01
L	529189177	529189177	1	7	7	0.01
L	1535861707	1535861707	1	7	7	0.01
L	1678021660	1678021660	1	7	7	0.01
L	1329166084	1329166084	1	7	7	0.01
L	1326588754	1326588754	1	7	7	0.01
L	1326513980	1326513980	1	7	7	0.01
L	1382754039	1382754039	1	7	7	0.01
L	1325194215	1325194215	1	7	7	0.01
L	1569744131	1569744131	1	7	7	0.01
L	887529199	887529199	1	7	7	0.01
L	1636795737	1636795737	1	7	7	0.01
L	1636471524	1636471524	1	7	7	0.01
L	1636404152	1636404152	1	7	7	0.01
L	1635706846	1635706846	1	7	7	0.01
L	533858931	533858931	1	7	7	0.01
L	228165817	228165817	1	7	7	0.01
L	1384652945	1384652945	1	7	7	0.01
L	1386950637	1386950637	1	7	7	0.01
L	1388639948	1388639948	1	7	7	0.01
L	1388954041	1388954041	1	7	7	0.01
L	1389160187	1389160187	1	7	7	0.01
L	1390645767	1390645767	1	7	7	0.01
L	1705317697	1705317697	1	7	7	0.01
L	1705187936	1705187936	1	7	7	0.01
L	1239576779	1239576779	1	7	7	0.01
L	1249781823	1249781823	1	7	7	0.01
L	1251702619	1251702619	1	7	7	0.01
L	1252145249	1252145249	1	7	7	0.01
L	1252351371	1252351371	1	7	7	0.01
L	1254949892	1254949892	1	7	7	0.01
L	1255186389	1255186389	1	7	7	0.01
L	1255257582	1255257582	1	7	7	0.01
L	1255303698	1255303698	1	7	7	0.01
L	1255615619	1255615619	1	7	7	0.01
L	516869411	516869411	1	7	7	0.01
L	517859624	517859624	1	7	7	0.01
L	519473993	519473993	1	7	7	0.01
L	2637369785	2637369785	1	7	7	0.01
L	886247517	886247517	1	7	7	0.01
L	886032568	886032568	1	7	7	0.01
L	627099242	627099242	1	7	7	0.01
L	622612674	622612674	1	7	7	0.01
L	2636083859	2636083859	1	7	7	0.01
L	2635853855	2635853855	1	7	7	0.01
L	911192458	911192458	1	7	7	0.01
L	911061497	911061497	1	7	7	0.01
L	880907626	880907626	1	7	7	0.01
L	2609506614	2609506614	1	7	7	0.01
L	1645536968	1645536968	1	7	7	0.01
L	1282449566	1282449566	1	7	7	0.01
L	1381008097	1381008097	1	7	7	0.01
L	1275785186	1275785186	1	7	7	0.01
L	506710816	506710816	1	7	7	0.01
L	507427260	507427260	1	7	7	0.01
L	511029582	511029582	1	7	7	0.01
L	511320655	511320655	1	7	7	0.01
L	1645431162	1645431162	1	7	7	0.01
L	1645423399	1645423399	1	7	7	0.01
L	1324452033	1324452033	1	7	7	0.01
L	1324205039	1324205039	1	7	7	0.01
L	2660196491	2660196491	1	7	7	0.01
L	1690095605	1690095605	1	7	7	0.01
L	1689986944	1689986944	1	7	7	0.01
L	1319349509	1319349509	1	7	7	0.01
L	1322350884	1322350884	1	7	7	0.01
L	1691356175	1691356175	1	7	7	0.01
L	1692032669	1692032669	1	7	7	0.01
L	1085904461	1085904461	1	7	7	0.01
L	1085877259	1085877259	1	7	7	0.01
L	1085601413	1085601413	1	7	7	0.01
L	1085332652	1085332652	1	7	7	0.01
L	1078814421	1078814421	1	7	7	0.01
L	1072320906	1072320906	1	7	7	0.01
L	623810489	623810489	1	7	7	0.01
L	1066180825	1066180825	1	7	7	0.01
L	1064275148	1064275148	1	7	7	0.01
L	624751201	624751201	1	7	7	0.01
L	1071893310	1071893310	1	7	7	0.01
L	1074494076	1074494076	1	7	7	0.01
L	536126229	536126229	1	7	7	0.01
L	1696398725	1696398725	1	7	7	0.01
L	1698076160	1698076160	1	7	7	0.01
L	1698323087	1698323087	1	7	7	0.01
L	1701586191	1701586191	1	7	7	0.01
L	1063963947	1063963947	1	7	7	0.01
L	1061727695	1061727695	1	7	7	0.01
L	880553064	880553064	1	7	7	0.01
L	1635225431	1635225431	1	7	7	0.01
L	879955884	879955884	1	7	7	0.01
L	160030468	160030468	1	7	7	0.01
L	506561207	506561207	1	7	7	0.01
L	506356447	506356447	1	7	7	0.01
L	1274936690	1274936690	1	7	7	0.01
L	960964823	960964823	1	8	8	0.01
L	970121232	970121232	1	8	8	0.01
L	975124672	975124672	1	8	8	0.01
L	975215344	975215344	1	8	8	0.01
L	975390942	975390942	1	8	8	0.01
L	976823126	976823126	1	8	8	0.01
L	978434136	978434136	1	8	8	0.01
L	982554126	982554126	1	8	8	0.01
L	990399185	990399185	1	8	8	0.01
L	992636999	992636999	1	8	8	0.01
L	994872467	994872467	1	8	8	0.01
L	994927941	994927941	1	8	8	0.01
L	1000331389	1000331389	1	8	8	0.01
L	1002063303	1002063303	1	8	8	0.01
L	1003006584	1003006584	1	8	8	0.01
L	1006261028	1006261028	1	8	8	0.01
L	1620228609	1620228609	1	8	8	0.01
L	1620428423	1620428423	1	8	8	0.01
L	1622430832	1622430832	1	8	8	0.01
L	1631248696	1631248696	1	8	8	0.01
L	1632877149	1632877149	1	8	8	0.01
L	2943784973	2943784973	1	8	8	0.01
L	1633130671	1633130671	1	8	8	0.01
L	100095771	100095771	1	8	8	0.01
L	1627898258	1627898258	1	8	8	0.01
L	1010831086	1010831086	1	8	8	0.01
L	1602164889	1602164889	1	8	8	0.01
L	1537465914	1537465914	1	8	8	0.01
L	1537540526	1537540526	1	8	8	0.01
L	1539111102	1539111102	1	8	8	0.01
L	1539293243	1539293243	1	8	8	0.01
L	1563394423	1563394423	1	8	8	0.01
L	1563331213	1563331213	1	8	8	0.01
L	1558301628	1558301628	1	8	8	0.01
L	1557203660	1557203660	1	8	8	0.01
L	1634091381	1634091381	1	8	8	0.01
L	1573974960	1573974960	1	8	8	0.01
L	1400222846	1400222846	1	8	8	0.01
L	1400353340	1400353340	1	8	8	0.01
L	746408960	746408960	1	8	8	0.01
L	794675754	794675754	1	8	8	0.01
L	1551919668	1551919668	1	8	8	0.01
L	2171482880	2171482880	1	8	8	0.01
L	1551131511	1551131511	1	8	8	0.01
L	1642074924	1642074924	1	8	8	0.01
L	1007183545	1007183545	1	8	8	0.01
L	1606207254	1606207254	1	8	8	0.01
L	1606747991	1606747991	1	8	8	0.01
L	1608673046	1608673046	1	8	8	0.01
L	1569462410	1569462410	1	8	8	0.01
L	1569042788	1569042788	1	8	8	0.01
L	1647167233	1647167233	1	8	8	0.01
L	1647850942	1647850942	1	8	8	0.01
L	1640584297	1640584297	1	8	8	0.01
L	1648120320	1648120320	1	8	8	0.01
L	1648386128	1648386128	1	8	8	0.01
L	1564437763	1564437763	1	8	8	0.01
L	1285172616	1285172616	1	8	8	0.01
L	1564037148	1564037148	1	8	8	0.01
L	859175088	859175088	1	8	8	0.01
L	862678706	862678706	1	8	8	0.01
L	863682922	863682922	1	8	8	0.01
L	863744632	863744632	1	8	8	0.01
L	692376348	692376348	1	8	8	0.01
L	692321426	692321426	1	8	8	0.01
L	692038886	692038886	1	8	8	0.01
L	757064507	757064507	1	8	8	0.01
L	1541282004	1541282004	1	8	8	0.01
L	1563450880	1563450880	1	8	8	0.01
L	949225198	949225198	1	8	8	0.01
L	923146980	923146980	1	8	8	0.01
L	2509423155	2509423155	1	8	8	0.01
L	920376210	920376210	1	8	8	0.01
L	921585375	921585375	1	8	8	0.01
L	1271858797	1271858797	1	8	8	0.01
L	873109378	873109378	1	8	8	0.01
L	873536687	873536687	1	8	8	0.01
L	874102651	874102651	1	8	8	0.01
L	874464439	874464439	1	8	8	0.01
L	874687550	874687550	1	8	8	0.01
L	875515319	875515319	1	8	8	0.01
L	948754321	948754321	1	8	8	0.01
L	948849700	948849700	1	8	8	0.01
L	959281376	959281376	1	8	8	0.01
L	957093200	957093200	1	8	8	0.01
L	955207088	955207088	1	8	8	0.01
L	953227410	953227410	1	8	8	0.01
L	951880974	951880974	1	8	8	0.01
L	949029983	949029983	1	8	8	0.01
L	2644042154	2644042154	1	9	9	0.01
L	1516692564	1516692564	1	9	9	0.01
L	1516374893	1516374893	1	9	9	0.01
L	1516349680	1516349680	1	9	9	0.01
L	1363744677	1363744677	1	9	9	0.01
L	1068588327	1068588327	1	9	9	0.01
L	1068788582	1068788582	1	9	9	0.01
L	1069080323	1069080323	1	9	9	0.01
L	1069213973	1069213973	1	9	9	0.01
L	1069278214	1069278214	1	9	9	0.01
L	1069611873	1069611873	1	9	9	0.01
L	2653717951	2653717951	1	9	9	0.01
L	2685683253	2685683253	1	9	9	0.01
L	1515118979	1515118979	1	9	9	0.01
L	1514767126	1514767126	1	9	9	0.01
L	1514570379	1514570379	1	9	9	0.01
L	1514423046	1514423046	1	9	9	0.01
L	1514347042	1514347042	1	9	9	0.01
L	1511801339	1511801339	1	9	9	0.01
L	1511746380	1511746380	1	9	9	0.01
L	534229640	534229640	1	9	9	0.01
L	534686493	534686493	1	9	9	0.01
L	535496294	535496294	1	9	9	0.01
L	2610147252	2610147252	1	9	9	0.01
L	523835412	523835412	1	9	9	0.01
L	1499793839	1499793839	1	9	9	0.01
L	1500593285	1500593285	1	9	9	0.01
L	524302693	524302693	1	9	9	0.01
L	1264873648	1264873648	1	9	9	0.01
L	1264535992	1264535992	1	9	9	0.01
L	1274913938	1274913938	1	9	9	0.01
L	1511185169	1511185169	1	9	9	0.01
L	1511082200	1511082200	1	9	9	0.01
L	1510558749	1510558749	1	9	9	0.01
L	1508116880	1508116880	1	9	9	0.01
L	323428541	323428541	1	9	9	0.01
L	1471837087	1471837087	1	9	9	0.01
L	1471335043	1471335043	1	9	9	0.01
L	1468333537	1468333537	1	9	9	0.01
L	604595258	604595258	1	9	9	0.01
L	1458393509	1458393509	1	9	9	0.01
L	1458343951	1458343951	1	9	9	0.01
L	1458224417	1458224417	1	9	9	0.01
L	1457984777	1457984777	1	9	9	0.01
L	2585922448	2585922448	1	9	9	0.01
L	2586741111	2586741111	1	9	9	0.01
L	2587050025	2587050025	1	9	9	0.01
L	2587769521	2587769521	1	9	9	0.01
L	2605868758	2605868758	1	9	9	0.01
L	2598464760	2598464760	1	9	9	0.01
L	2597570205	2597570205	1	9	9	0.01
L	2597541622	2597541622	1	9	9	0.01
L	2597487520	2597487520	1	9	9	0.01
L	2506780411	2506780411	1	9	9	0.01
L	2574695746	2574695746	1	9	9	0.01
L	2574184371	2574184371	1	9	9	0.01
L	2574252629	2574252629	1	9	9	0.01
L	1515838870	1515838870	1	9	9	0.01
L	1515825386	1515825386	1	9	9	0.01
L	1523922582	1523922582	1	9	9	0.01
L	1445084592	1445084592	1	9	9	0.01
L	1445485560	1445485560	1	9	9	0.01
L	1447463218	1447463218	1	9	9	0.01
L	1447550166	1447550166	1	9	9	0.01
L	1452841946	1452841946	1	9	9	0.01
L	1454411528	1454411528	1	9	9	0.01
L	1454512533	1454512533	1	9	9	0.01
L	1457779408	1457779408	1	9	9	0.01
L	1457782793	1457782793	1	9	9	0.01
L	846649899	846649899	1	9	9	0.01
L	1525895642	1525895642	1	9	9	0.01
L	1270730549	1270730549	1	9	9	0.01
L	1271417740	1271417740	1	9	9	0.01
L	1271569846	1271569846	1	9	9	0.01
L	524948680	524948680	1	9	9	0.01
L	2596974855	2596974855	1	9	9	0.01
L	1486597893	1486597893	1	9	9	0.01
L	2405467695	2405467695	1	9	9	0.01
L	1485838982	1485838982	1	9	9	0.01
L	1481975947	1481975947	1	9	9	0.01
L	1481285858	1481285858	1	9	9	0.01
L	1481108337	1481108337	1	9	9	0.01
L	1477824584	1477824584	1	9	9	0.01
L	1476457572	1476457572	1	9	9	0.01
L	528143499	528143499	1	9	9	0.01
L	528431284	528431284	1	9	9	0.01
L	227747653	227747653	1	9	9	0.01
L	1524082487	1524082487	1	9	9	0.01
L	1104705562	1104705562	1	10	10	0.01
L	361498917	361498917	1	10	10	0.01
L	286602245	286602245	1	10	10	0.01
L	277851121	277851121	1	10	10	0.01
L	276599631	276599631	1	10	10	0.01
L	1101104681	1101104681	1	10	10	0.01
L	1105453030	1105453030	1	10	10	0.01
L	1105478505	1105478505	1	10	10	0.01
L	224356925	224356925	1	10	10	0.01
L	225985302	225985302	1	10	10	0.01
L	1104870086	1104870086	1	10	10	0.01
L	1104843423	1104843423	1	10	10	0.01
L	222704763	222704763	1	10	10	0.01
L	222942824	222942824	1	10	10	0.01
L	1114271817	1114271817	1	10	10	0.01
L	1114697080	1114697080	1	10	10	0.01
L	226548905	226548905	1	10	10	0.01
L	1104252598	1104252598	1	10	10	0.01
L	1104778524	1104778524	1	10	10	0.01
L	77810861	77810861	1	10	10	0.01
L	1104715434	1104715434	1	10	10	0.01
L	1104710491	1104710491	1	10	10	0.01
L	506202392	506202392	1	10	10	0.01
L	651582459	651582459	1	10	10	0.01
L	1145323394	1145323394	1	10	10	0.01
L	1140052899	1140052899	1	10	10	0.01
L	1140685328	1140685328	1	10	10	0.01
L	1141204168	1141204168	1	10	10	0.01
L	1143369749	1143369749	1	10	10	0.01
L	1148598131	1148598131	1	10	10	0.01
L	1148671328	1148671328	1	10	10	0.01
L	1148712737	1148712737	1	10	10	0.01
L	1150521431	1150521431	1	10	10	0.01
L	1151044914	1151044914	1	10	10	0.01
L	1195159193	1195159193	1	10	10	0.01
L	1195189479	1195189479	1	10	10	0.01
L	1197423532	1197423532	1	10	10	0.01
L	1198120753	1198120753	1	10	10	0.01
L	1199051934	1199051934	1	10	10	0.01
L	276320822	276320822	1	10	10	0.01
L	1160741879	1160741879	1	10	10	0.01
L	1160567924	1160567924	1	10	10	0.01
L	1158224876	1158224876	1	10	10	0.01
L	1157996796	1157996796	1	10	10	0.01
L	2806628832	2806628832	1	10	10	0.01
L	1419000049	1419000049	1	10	10	0.01
L	1419160581	1419160581	1	10	10	0.01
L	1177597575	1177597575	1	10	10	0.01
L	1173307761	1173307761	1	10	10	0.01
L	1178075600	1178075600	1	10	10	0.01
L	1178464088	1178464088	1	10	10	0.01
L	1178761578	1178761578	1	10	10	0.01
L	2484566847	2484566847	1	10	10	0.01
L	1186223535	1186223535	1	10	10	0.01
L	1186474470	1186474470	1	10	10	0.01
L	1187184500	1187184500	1	10	10	0.01
L	1188488193	1188488193	1	10	10	0.01
L	1190776837	1190776837	1	10	10	0.01
L	324588609	324588609	1	10	10	0.01
L	1106130923	1106130923	1	10	10	0.01
L	1110630052	1110630052	1	10	10	0.01
L	2400520527	2400520527	1	10	10	0.01
L	276400854	276400854	1	10	10	0.01
L	276283097	276283097	1	10	10	0.01
L	274698451	274698451	1	10	10	0.01
L	275989438	275989438	1	10	10	0.01
L	276006746	276006746	1	10	10	0.01
L	268869980	268869980	1	10	10	0.01
L	268989627	268989627	1	10	10	0.01
L	273007113	273007113	1	10	10	0.01
L	1107942967	1107942967	1	10	10	0.01
L	264231546	264231546	1	10	10	0.01
L	259528493	259528493	1	10	10	0.01
L	258799964	258799964	1	10	10	0.01
L	258430989	258430989	1	10	10	0.01
L	255806272	255806272	1	10	10	0.01
L	255834223	255834223	1	10	10	0.01
L	252343998	252343998	1	10	10	0.01
L	249626002	249626002	1	10	10	0.01
L	249175233	249175233	1	10	10	0.01
L	1134793401	1134793401	1	10	10	0.01
L	1419443491	1419443491	1	10	10	0.01
L	1419795738	1419795738	1	10	10	0.01
L	1420066336	1420066336	1	10	10	0.01
L	232950711	232950711	1	10	10	0.01
L	232805450	232805450	1	10	10	0.01
L	231527017	231527017	1	10	10	0.01
L	235450206	235450206	1	10	10	0.01
L	235381997	235381997	1	10	10	0.01
L	235131713	235131713	1	10	10	0.01
L	286040940	286040940	1	10	10	0.01
L	285685746	285685746	1	10	10	0.01
L	231224279	231224279	1	10	10	0.01
L	231338384	231338384	1	10	10	0.01
L	231333348	231333348	1	10	10	0.01
L	1206825740	1206825740	1	10	10	0.01
L	230323425	230323425	1	10	10	0.01
L	230642607	230642607	1	10	10	0.01
L	1210703777	1210703777	1	10	10	0.01
L	1207085015	1207085015	1	10	10	0.01
L	1210925293	1210925293	1	10	10	0.01
L	1206998430	1206998430	1	10	10	0.01
L	1092938791	1092938791	1	10	10	0.01
L	1118371022	1118371022	1	10	10	0.01
L	1118388528	1118388528	1	10	10	0.01
L	1124478345	1124478345	1	10	10	0.01
L	1124839449	1124839449	1	10	10	0.01
L	1130874482	1130874482	1	10	10	0.01
L	1145058107	1145058107	1	10	10	0.01
L	1165927986	1165927986	1	10	10	0.01
L	1167828006	1167828006	1	10	10	0.01
L	1169058403	1169058403	1	10	10	0.01
L	1169243109	1169243109	1	10	10	0.01
L	1170047065	1170047065	1	10	10	0.01
L	1170691693	1170691693	1	10	10	0.01
L	1171378769	1171378769	1	10	10	0.01
L	288698268	288698268	1	10	10	0.01
L	359080213	359080213	1	10	10	0.01
L	1393121331	1393121331	1	10	10	0.01
L	1883498019	1883498019	1	11	11	0.01
L	1883273710	1883273710	1	11	11	0.01
L	814114497	814114497	1	11	11	0.01
L	2185251515	2185251515	1	11	11	0.01
L	2185261161	2185261161	1	11	11	0.01
L	2113974612	2113974612	1	11	11	0.01
L	2114043788	2114043788	1	11	11	0.01
L	2116066061	2116066061	1	11	11	0.01
L	2117772354	2117772354	1	11	11	0.01
L	2129458812	2129458812	1	11	11	0.01
L	2129695288	2129695288	1	11	11	0.01
L	2138454225	2138454225	1	11	11	0.01
L	2179889249	2179889249	1	11	11	0.01
L	2179809136	2179809136	1	11	11	0.01
L	604155487	604155487	1	11	11	0.01
L	1910737051	1910737051	1	11	11	0.01
L	276043682	276043682	1	11	11	0.01
L	1903177745	1903177745	1	11	11	0.01
L	1902342690	1902342690	1	11	11	0.01
L	1896959925	1896959925	1	11	11	0.01
L	1894983500	1894983500	1	11	11	0.01
L	1894329043	1894329043	1	11	11	0.01
L	1891838491	1891838491	1	11	11	0.01
L	348125797	348125797	1	11	11	0.01
L	746187805	746187805	1	11	11	0.01
L	348357663	348357663	1	11	11	0.01
L	349349667	349349667	1	11	11	0.01
L	350209567	350209567	1	11	11	0.01
L	351667171	351667171	1	11	11	0.01
L	353994515	353994515	1	11	11	0.01
L	354223805	354223805	1	11	11	0.01
L	354294010	354294010	1	11	11	0.01
L	355050448	355050448	1	11	11	0.01
L	357853329	357853329	1	11	11	0.01
L	1914758762	1914758762	1	11	11	0.01
L	1916007961	1916007961	1	11	11	0.01
L	1916185709	1916185709	1	11	11	0.01
L	1914733901	1914733901	1	11	11	0.01
L	1916839993	1916839993	1	11	11	0.01
L	2097447111	2097447111	1	11	11	0.01
L	2097622250	2097622250	1	11	11	0.01
L	2097772062	2097772062	1	11	11	0.01
L	2098198331	2098198331	1	11	11	0.01
L	2100373118	2100373118	1	11	11	0.01
L	2102212586	2102212586	1	11	11	0.01
L	2102344756	2102344756	1	11	11	0.01
L	2104478657	2104478657	1	11	11	0.01
L	2105200294	2105200294	1	11	11	0.01
L	2107779015	2107779015	1	11	11	0.01
L	2109359443	2109359443	1	11	11	0.01
L	2110861161	2110861161	1	11	11	0.01
L	2171644910	2171644910	1	11	11	0.01
L	2160922399	2160922399	1	11	11	0.01
L	2155658562	2155658562	1	11	11	0.01
L	2154035021	2154035021	1	11	11	0.01
L	2149826452	2149826452	1	11	11	0.01
L	169792577	169792577	1	11	11	0.01
L	2176297859	2176297859	1	11	11	0.01
L	2176882113	2176882113	1	11	11	0.01
L	145608134	145608134	1	11	11	0.01
L	604797124	604797124	1	11	11	0.01
L	604865333	604865333	1	11	11	0.01
L	2187658657	2187658657	1	11	11	0.01
L	2189528975	2189528975	1	11	11	0.01
L	1882058414	1882058414	1	11	11	0.01
L	1882710470	1882710470	1	11	11	0.01
L	1882948299	1882948299	1	11	11	0.01
L	1886751038	1886751038	1	11	11	0.01
L	1886782015	1886782015	1	11	11	0.01
L	347566131	347566131	1	11	11	0.01
L	347557174	347557174	1	11	11	0.01
L	2321257452	2321257452	1	11	11	0.01
L	2921838623	2921838623	1	11	11	0.01
L	2875306596	2875306596	1	11	11	0.01
L	2878311238	2878311238	1	11	11	0.01
L	629311840	629311840	1	12	12	0.01
L	2715869679	2715869679	1	12	12	0.01
L	677701101	677701101	1	12	12	0.01
L	2341779457	2341779457	1	12	12	0.01
L	457227942	457227942	1	12	12	0.01
L	417827853	417827853	1	12	12	0.01
L	1894349702	1894349702	1	12	12	0.01
L	616233841	616233841	1	12	12	0.01
L	446348725	446348725	1	12	12	0.01
L	445797656	445797656	1	12	12	0.01
L	444634490	444634490	1	12	12	0.01
L	438748232	438748232	1	12	12	0.01
L	438707000	438707000	1	12	12	0.01
L	438622555	438622555	1	12	12	0.01
L	438397915	438397915	1	12	12	0.01
L	431674509	431674509	1	12	12	0.01
L	430494606	430494606	1	12	12	0.01
L	428066321	428066321	1	12	12	0.01
L	77914014	77914014	1	12	12	0.01
L	427409832	427409832	1	12	12	0.01
L	426370385	426370385	1	12	12	0.01
L	426187207	426187207	1	12	12	0.01
L	425268028	425268028	1	12	12	0.01
L	418435976	418435976	1	12	12	0.01
L	418486247	418486247	1	12	12	0.01
L	418691437	418691437	1	12	12	0.01
L	617773475	617773475	1	12	12	0.01
L	420391000	420391000	1	12	12	0.01
L	615075339	615075339	1	12	12	0.01
L	406214505	406214505	1	12	12	0.01
L	1778129626	1778129626	1	12	12	0.01
L	2823610058	2823610058	1	12	12	0.01
L	2823708339	2823708339	1	12	12	0.01
L	451222364	451222364	1	12	12	0.01
L	464268565	464268565	1	12	12	0.01
L	455694905	455694905	1	12	12	0.01
L	482433814	482433814	1	12	12	0.01
L	450336965	450336965	1	12	12	0.01
L	2822988729	2822988729	1	12	12	0.01
L	2822738553	2822738553	1	12	12	0.01
L	455721610	455721610	1	12	12	0.01
L	2716305087	2716305087	1	12	12	0.01
L	452195485	452195485	1	12	12	0.01
L	487371971	487371971	1	12	12	0.01
L	488944665	488944665	1	12	12	0.01
L	1269854570	1269854570	1	12	12	0.01
L	689110173	689110173	1	12	12	0.01
L	366876765	366876765	1	12	12	0.01
L	383796084	383796084	1	12	12	0.01
L	396888243	396888243	1	12	12	0.01
L	400314089	400314089	1	12	12	0.01
L	400366846	400366846	1	12	12	0.01
L	368618800	368618800	1	12	12	0.01
L	613890296	613890296	1	12	12	0.01
L	614239050	614239050	1	12	12	0.01
L	467959359	467959359	1	12	12	0.01
L	467694618	467694618	1	12	12	0.01
L	468129008	468129008	1	12	12	0.01
L	612920296	612920296	1	12	12	0.01
L	370697166	370697166	1	12	12	0.01
L	467221438	467221438	1	12	12	0.01
L	465065700	465065700	1	12	12	0.01
L	1226531349	1226531349	1	13	13	0.01
L	273904038	273904038	1	13	13	0.01
L	276579518	276579518	1	13	13	0.01
L	241850426	241850426	1	13	13	0.01
L	276087836	276087836	1	13	13	0.01
L	310006824	310006824	1	13	13	0.01
L	309974182	309974182	1	13	13	0.01
L	307116187	307116187	1	13	13	0.01
L	304193070	304193070	1	13	13	0.01
L	302743633	302743633	1	13	13	0.01
L	302626925	302626925	1	13	13	0.01
L	222558660	222558660	1	13	13	0.01
L	221702412	221702412	1	13	13	0.01
L	211749899	211749899	1	13	13	0.01
L	212035891	212035891	1	13	13	0.01
L	212365215	212365215	1	13	13	0.01
L	212432944	212432944	1	13	13	0.01
L	212597230	212597230	1	13	13	0.01
L	220094433	220094433	1	13	13	0.01
L	220151251	220151251	1	13	13	0.01
L	2098219899	2098219899	1	13	13	0.01
L	1220861059	1220861059	1	13	13	0.01
L	1220925135	1220925135	1	13	13	0.01
L	236462367	236462367	1	13	13	0.01
L	2664663542	2664663542	1	13	13	0.01
L	286158186	286158186	1	13	13	0.01
L	286188128	286188128	1	13	13	0.01
L	236795704	236795704	1	13	13	0.01
L	236550902	236550902	1	13	13	0.01
L	239894312	239894312	1	13	13	0.01
L	241497828	241497828	1	13	13	0.01
L	241532325	241532325	1	13	13	0.01
L	1104722192	1104722192	1	13	13	0.01
L	296739656	296739656	1	13	13	0.01
L	296359614	296359614	1	13	13	0.01
L	292730561	292730561	1	13	13	0.01
L	292769538	292769538	1	13	13	0.01
L	292795476	292795476	1	13	13	0.01
L	292845022	292845022	1	13	13	0.01
L	293231958	293231958	1	13	13	0.01
L	293277778	293277778	1	13	13	0.01
L	1058582129	1058582129	1	13	13	0.01
L	295573705	295573705	1	13	13	0.01
L	292473682	292473682	1	13	13	0.01
L	291723859	291723859	1	13	13	0.01
L	1104011673	1104011673	1	13	13	0.01
L	1103943357	1103943357	1	13	13	0.01
L	1103406613	1103406613	1	13	13	0.01
L	209828064	209828064	1	13	13	0.01
L	210348976	210348976	1	13	13	0.01
L	1219309690	1219309690	1	13	13	0.01
L	1144367558	1144367558	1	13	13	0.01
L	1144295302	1144295302	1	13	13	0.01
L	1222221170	1222221170	1	13	13	0.01
L	2731496411	2731496411	1	13	13	0.01
L	2731413303	2731413303	1	13	13	0.01
L	2731171565	2731171565	1	13	13	0.01
L	2730998764	2730998764	1	13	13	0.01
L	287767846	287767846	1	13	13	0.01
L	287622584	287622584	1	13	13	0.01
L	2738436725	2738436725	1	13	13	0.01
L	246528596	246528596	1	13	13	0.01
L	1680408715	1680408715	1	13	13	0.01
L	230979106	230979106	1	13	13	0.01
L	230906905	230906905	1	13	13	0.01
L	230825336	230825336	1	13	13	0.01
L	234391577	234391577	1	13	13	0.01
L	1231733544	1231733544	1	13	13	0.01
L	1231496557	1231496557	1	13	13	0.01
L	1230902327	1230902327	1	13	13	0.01
L	1230811313	1230811313	1	13	13	0.01
L	276338021	276338021	1	13	13	0.01
L	1199387403	1199387403	1	13	13	0.01
L	1200358275	1200358275	1	13	13	0.01
L	1203345612	1203345612	1	13	13	0.01
L	1204626787	1204626787	1	13	13	0.01
L	1204649367	1204649367	1	13	13	0.01
L	1205041802	1205041802	1	13	13	0.01
L	539444588	539444588	1	13	13	0.01
L	1211567356	1211567356	1	13	13	0.01
L	1211018873	1211018873	1	13	13	0.01
L	1212603559	1212603559	1	13	13	0.01
L	1212650870	1212650870	1	13	13	0.01
L	1212771741	1212771741	1	13	13	0.01
L	1228127912	1228127912	1	13	13	0.01
L	1305687929	1305687929	1	13	13	0.01
L	229627634	229627634	1	13	13	0.01
L	229594297	229594297	1	13	13	0.01
L	2731616977	2731616977	1	13	13	0.01
L	2734332303	2734332303	1	13	13	0.01
L	2718576565	2718576565	1	13	13	0.01
L	2718967439	2718967439	1	13	13	0.01
L	2719035151	2719035151	1	13	13	0.01
L	2723434151	2723434151	1	13	13	0.01
L	2726780411	2726780411	1	13	13	0.01
L	2726813973	2726813973	1	13	13	0.01
L	2727354461	2727354461	1	13	13	0.01
L	1231775883	1231775883	1	13	13	0.01
L	229441904	229441904	1	13	13	0.01
L	310825114	310825114	1	13	13	0.01
L	312319275	312319275	1	13	13	0.01
L	312849852	312849852	1	13	13	0.01
L	317114357	317114357	1	13	13	0.01
L	317321774	317321774	1	13	13	0.01
L	317424154	317424154	1	13	13	0.01
L	2293755867	2293755867	1	14	14	0.01
L	2241006331	2241006331	1	14	14	0.01
L	2242042493	2242042493	1	14	14	0.01
L	2241719153	2241719153	1	14	14	0.01
L	2241659172	2241659172	1	14	14	0.01
L	2241510016	2241510016	1	14	14	0.01
L	2339020468	2339020468	1	14	14	0.01
L	2339634959	2339634959	1	14	14	0.01
L	2339760782	2339760782	1	14	14	0.01
L	2339790244	2339790244	1	14	14	0.01
L	2339838472	2339838472	1	14	14	0.01
L	2264347059	2264347059	1	14	14	0.01
L	2260892276	2260892276	1	14	14	0.01
L	2258997390	2258997390	1	14	14	0.01
L	2258940484	2258940484	1	14	14	0.01
L	2458140167	2458140167	1	14	14	0.01
L	2339215209	2339215209	1	14	14	0.01
L	2339258843	2339258843	1	14	14	0.01
L	2340611782	2340611782	1	14	14	0.01
L	2339889976	2339889976	1	14	14	0.01
L	2340995111	2340995111	1	14	14	0.01
L	2340999901	2340999901	1	14	14	0.01
L	2339345797	2339345797	1	14	14	0.01
L	2341584891	2341584891	1	14	14	0.01
L	2339968570	2339968570	1	14	14	0.01
L	2260616781	2260616781	1	14	14	0.01
L	2260978809	2260978809	1	14	14	0.01
L	2261987202	2261987202	1	14	14	0.01
L	2258745931	2258745931	1	14	14	0.01
L	2258794639	2258794639	1	14	14	0.01
L	872911844	872911844	1	14	14	0.01
L	2338252160	2338252160	1	14	14	0.01
L	2222029649	2222029649	1	14	14	0.01
L	2222268150	2222268150	1	14	14	0.01
L	2295123152	2295123152	1	14	14	0.01
L	2295106108	2295106108	1	14	14	0.01
L	2294970273	2294970273	1	14	14	0.01
L	2294937289	2294937289	1	14	14	0.01
L	2223497980	2223497980	1	14	14	0.01
L	2519823788	2519823788	1	14	14	0.01
L	2224163358	2224163358	1	14	14	0.01
L	2226160818	2226160818	1	14	14	0.01
L	2226404020	2226404020	1	14	14	0.01
L	2228674340	2228674340	1	14	14	0.01
L	2228087968	2228087968	1	14	14	0.01
L	2227706393	2227706393	1	14	14	0.01
L	2230806826	2230806826	1	14	14	0.01
L	2230521616	2230521616	1	14	14	0.01
L	2250877937	2250877937	1	14	14	0.01
L	2248662772	2248662772	1	14	14	0.01
L	2248615919	2248615919	1	14	14	0.01
L	2247019359	2247019359	1	14	14	0.01
L	2246776929	2246776929	1	14	14	0.01
L	2246334546	2246334546	1	14	14	0.01
L	2245917270	2245917270	1	14	14	0.01
L	2244185621	2244185621	1	14	14	0.01
L	2243839614	2243839614	1	14	14	0.01
L	2243396950	2243396950	1	14	14	0.01
L	2236329908	2236329908	1	14	14	0.01
L	2251327034	2251327034	1	14	14	0.01
L	2251514949	2251514949	1	14	14	0.01
L	2251552276	2251552276	1	14	14	0.01
L	2252187288	2252187288	1	14	14	0.01
L	2252382419	2252382419	1	14	14	0.01
L	2268684686	2268684686	1	14	14	0.01
L	2268540993	2268540993	1	14	14	0.01
L	2266410301	2266410301	1	14	14	0.01
L	2266424392	2266424392	1	14	14	0.01
L	2267058865	2267058865	1	14	14	0.01
L	2287772716	2287772716	1	14	14	0.01
L	2268735735	2268735735	1	14	14	0.01
L	2268728479	2268728479	1	14	14	0.01
L	2255928815	2255928815	1	14	14	0.01
L	2296580331	2296580331	1	14	14	0.01
L	2286497808	2286497808	1	14	14	0.01
L	2268196538	2268196538	1	14	14	0.01
L	2272587533	2272587533	1	14	14	0.01
L	2269125398	2269125398	1	14	14	0.01
L	2269081122	2269081122	1	14	14	0.01
L	2268834926	2268834926	1	14	14	0.01
L	2265357643	2265357643	1	14	14	0.01
L	2265693771	2265693771	1	14	14	0.01
L	2265764094	2265764094	1	14	14	0.01
L	2266071030	2266071030	1	14	14	0.01
L	2283190410	2283190410	1	14	14	0.01
L	2283376983	2283376983	1	14	14	0.01
L	2285458501	2285458501	1	14	14	0.01
L	2285335488	2285335488	1	14	14	0.01
L	2284330670	2284330670	1	14	14	0.01
L	2284204748	2284204748	1	14	14	0.01
L	2283538295	2283538295	1	14	14	0.01
L	2255006089	2255006089	1	14	14	0.01
L	166856327	166856327	1	15	15	0.01
L	100990408	100990408	1	15	15	0.01
L	100873942	100873942	1	15	15	0.01
L	100266376	100266376	1	15	15	0.01
L	100133169	100133169	1	15	15	0.01
L	197159359	197159359	1	15	15	0.01
L	197084324	197084324	1	15	15	0.01
L	193180294	193180294	1	15	15	0.01
L	193069055	193069055	1	15	15	0.01
L	193020343	193020343	1	15	15	0.01
L	165728023	165728023	1	15	15	0.01
L	171512089	171512089	1	15	15	0.01
L	171704506	171704506	1	15	15	0.01
L	2716238456	2716238456	1	15	15	0.01
L	171781968	171781968	1	15	15	0.01
L	54200244	54200244	1	15	15	0.01
L	54132968	54132968	1	15	15	0.01
L	54054333	54054333	1	15	15	0.01
L	53951922	53951922	1	15	15	0.01
L	53921651	53921651	1	15	15	0.01
L	53860064	53860064	1	15	15	0.01
L	179551173	179551173	1	15	15	0.01
L	179082129	179082129	1	15	15	0.01
L	185120019	185120019	1	15	15	0.01
L	185166183	185166183	1	15	15	0.01
L	182798618	182798618	1	15	15	0.01
L	183497340	183497340	1	15	15	0.01
L	186379786	186379786	1	15	15	0.01
L	169853713	169853713	1	15	15	0.01
L	169794999	169794999	1	15	15	0.01
L	62437245	62437245	1	15	15	0.01
L	62803787	62803787	1	15	15	0.01
L	63388764	63388764	1	15	15	0.01
L	63525573	63525573	1	15	15	0.01
L	65581867	65581867	1	15	15	0.01
L	173903889	173903889	1	15	15	0.01
L	2671748900	2671748900	1	15	15	0.01
L	173715172	173715172	1	15	15	0.01
L	173800448	173800448	1	15	15	0.01
L	173826415	173826415	1	15	15	0.01
L	179043848	179043848	1	15	15	0.01
L	53069856	53069856	1	15	15	0.01
L	52941596	52941596	1	15	15	0.01
L	58487005	58487005	1	15	15	0.01
L	58659997	58659997	1	15	15	0.01
L	47251136	47251136	1	15	15	0.01
L	52020933	52020933	1	15	15	0.01
L	52373181	52373181	1	15	15	0.01
L	52687720	52687720	1	15	15	0.01
L	44654559	44654559	1	15	15	0.01
L	43164443	43164443	1	15	15	0.01
L	45628256	45628256	1	15	15	0.01
L	45329306	45329306	1	15	15	0.01
L	45340253	45340253	1	15	15	0.01
L	45500333	45500333	1	15	15	0.01
L	44213449	44213449	1	15	15	0.01
L	43997545	43997545	1	15	15	0.01
L	43975041	43975041	1	15	15	0.01
L	45012266	45012266	1	15	15	0.01
L	44839058	44839058	1	15	15	0.01
L	66754552	66754552	1	15	15	0.01
L	43970176	43970176	1	15	15	0.01
L	55069045	55069045	1	15	15	0.01
L	54848631	54848631	1	15	15	0.01
L	54757734	54757734	1	15	15	0.01
L	54715948	54715948	1	15	15	0.01
L	2353755020	2353755020	1	15	15	0.01
L	2363267326	2363267326	1	15	15	0.01
L	43451238	43451238	1	15	15	0.01
L	43385042	43385042	1	15	15	0.01
L	43337465	43337465	1	15	15	0.01
L	93888990	93888990	1	15	15	0.01
L	92299074	92299074	1	15	15	0.01
L	92167048	92167048	1	15	15	0.01
L	91501741	91501741	1	15	15	0.01
L	91297562	91297562	1	15	15	0.01
L	89686474	89686474	1	15	15	0.01
L	88853213	88853213	1	15	15	0.01
L	77134787	77134787	1	15	15	0.01
L	78891154	78891154	1	15	15	0.01
L	84365421	84365421	1	15	15	0.01
L	84479282	84479282	1	15	15	0.01
L	85158750	85158750	1	15	15	0.01
L	2116698610	2116698610	1	15	15	0.01
L	75786272	75786272	1	15	15	0.01
L	75775003	75775003	1	15	15	0.01
L	103526071	103526071	1	15	15	0.01
L	1017839746	1017839746	1	16	16	0.01
L	1029660738	1029660738	1	16	16	0.01
L	1048146564	1048146564	1	16	16	0.01
L	1011917800	1011917800	1	16	16	0.01
L	1014398686	1014398686	1	16	16	0.01
L	1014534529	1014534529	1	16	16	0.01
L	1015231918	1015231918	1	16	16	0.01
L	1015689121	1015689121	1	16	16	0.01
L	1017775746	1017775746	1	16	16	0.01
L	1057143709	1057143709	1	16	16	0.01
L	1995841324	1995841324	1	16	16	0.01
L	2819362195	2819362195	1	16	16	0.01
L	1056119812	1056119812	1	16	16	0.01
L	1056044296	1056044296	1	16	16	0.01
L	1055620034	1055620034	1	16	16	0.01
L	1028054842	1028054842	1	16	16	0.01
L	1029257805	1029257805	1	16	16	0.01
L	1029473674	1029473674	1	16	16	0.01
L	1052545922	1052545922	1	16	16	0.01
L	1040063350	1040063350	1	16	16	0.01
L	1040009233	1040009233	1	16	16	0.01
L	1039752447	1039752447	1	16	16	0.01
L	1039678237	1039678237	1	16	16	0.01
L	1057260276	1057260276	1	16	16	0.01
L	1057779682	1057779682	1	16	16	0.01
L	1043163460	1043163460	1	16	16	0.01
L	1036787587	1036787587	1	16	16	0.01
L	1059481002	1059481002	1	16	16	0.01
L	1059458110	1059458110	1	16	16	0.01
L	1021578895	1021578895	1	16	16	0.01
L	1030371214	1030371214	1	16	16	0.01
L	1034548275	1034548275	1	16	16	0.01
L	1020227256	1020227256	1	16	16	0.01
L	1020299593	1020299593	1	16	16	0.01
L	1020307742	1020307742	1	16	16	0.01
L	1020331358	1020331358	1	16	16	0.01
L	1012217390	1012217390	1	16	16	0.01
L	1021974274	1021974274	1	16	16	0.01
L	1018607182	1018607182	1	16	16	0.01
L	1038918673	1038918673	1	16	16	0.01
L	1037391593	1037391593	1	16	16	0.01
L	1037403816	1037403816	1	16	16	0.01
L	1034480381	1034480381	1	16	16	0.01
L	2950054892	2950054892	1	17	17	0.01
L	3009890683	3009890683	1	17	17	0.01
L	3009379140	3009379140	1	17	17	0.01
L	2995363691	2995363691	1	17	17	0.01
L	2995254938	2995254938	1	17	17	0.01
L	2994590874	2994590874	1	17	17	0.01
L	2994400926	2994400926	1	17	17	0.01
L	2979168308	2979168308	1	17	17	0.01
L	3024484268	3024484268	1	17	17	0.01
L	3020823948	3020823948	1	17	17	0.01
L	3018630117	3018630117	1	17	17	0.01
L	2179640021	2179640021	1	17	17	0.01
L	2953274255	2953274255	1	17	17	0.01
L	3005124739	3005124739	1	17	17	0.01
L	1515801231	1515801231	1	17	17	0.01
L	1898007807	1898007807	1	17	17	0.01
L	3030073050	3030073050	1	17	17	0.01
L	2104665882	2104665882	1	17	17	0.01
L	3027847871	3027847871	1	17	17	0.01
L	2923753413	2923753413	1	17	17	0.01
L	446661828	446661828	1	17	17	0.01
L	2982068617	2982068617	1	17	17	0.01
L	2976110369	2976110369	1	17	17	0.01
L	1569101230	1569101230	1	17	17	0.01
L	2946534822	2946534822	1	17	17	0.01
L	2943500589	2943500589	1	17	17	0.01
L	2067233214	2067233214	1	17	17	0.01
L	2940514297	2940514297	1	17	17	0.01
L	2939191401	2939191401	1	17	17	0.01
L	2105346149	2105346149	1	17	17	0.01
L	2982212310	2982212310	1	17	17	0.01
L	2820323120	2820323120	1	18	18	0.01
L	2819945889	2819945889	1	18	18	0.01
L	2795266486	2795266486	1	18	18	0.01
L	2803208021	2803208021	1	18	18	0.01
L	2803058778	2803058778	1	18	18	0.01
L	2811062893	2811062893	1	18	18	0.01
L	2813509188	2813509188	1	18	18	0.01
L	2813637805	2813637805	1	18	18	0.01
L	2816648661	2816648661	1	18	18	0.01
L	2814679340	2814679340	1	18	18	0.01
L	2819463966	2819463966	1	18	18	0.01
L	2810961005	2810961005	1	18	18	0.01
L	589714953	589714953	1	18	18	0.01
L	2809787989	2809787989	1	18	18	0.01
L	2806349456	2806349456	1	18	18	0.01
L	147242704	147242704	1	18	18	0.01
L	2341786136	2341786136	1	18	18	0.01
L	591515515	591515515	1	18	18	0.01
L	591410970	591410970	1	18	18	0.01
L	591296962	591296962	1	18	18	0.01
L	591863637	591863637	1	18	18	0.01
L	592712022	592712022	1	18	18	0.01
L	592801117	592801117	1	18	18	0.01
L	592874628	592874628	1	18	18	0.01
L	592999580	592999580	1	18	18	0.01
L	2128379678	2128379678	1	18	18	0.01
L	2127953059	2127953059	1	18	18	0.01
L	2953756392	2953756392	1	18	18	0.01
L	2125120121	2125120121	1	18	18	0.01
L	2123096596	2123096596	1	18	18	0.01
L	2123000109	2123000109	1	18	18	0.01
L	2122508019	2122508019	1	18	18	0.01
L	2122236770	2122236770	1	18	18	0.01
L	2121984188	2121984188	1	18	18	0.01
L	2120923968	2120923968	1	18	18	0.01
L	2119334645	2119334645	1	18	18	0.01
L	2123795637	2123795637	1	18	18	0.01
L	2890629493	2890629493	1	18	18	0.01
L	2896841257	2896841257	1	18	18	0.01
L	2190221180	2190221180	1	18	18	0.01
L	2190538564	2190538564	1	18	18	0.01
L	117064995	117064995	1	18	18	0.01
L	169369523	169369523	1	18	18	0.01
L	603682650	603682650	1	18	18	0.01
L	2915582588	2915582588	1	18	18	0.01
L	2913354219	2913354219	1	18	18	0.01
L	168179078	168179078	1	18	18	0.01
L	2899695484	2899695484	1	18	18	0.01
L	2806479488	2806479488	1	18	18	0.01
L	2806398892	2806398892	1	18	18	0.01
L	2898989443	2898989443	1	18	18	0.01
L	610362500	610362500	1	18	18	0.01
L	605206801	605206801	1	18	18	0.01
L	605115106	605115106	1	18	18	0.01
L	604140951	604140951	1	18	18	0.01
L	2896739085	2896739085	1	18	18	0.01
L	2896657376	2896657376	1	18	18	0.01
L	2888664031	2888664031	1	18	18	0.01
L	916869432	916869432	1	18	18	0.01
L	2889010435	2889010435	1	18	18	0.01
L	2889874826	2889874826	1	18	18	0.01
L	599701100	599701100	1	18	18	0.01
L	603189504	603189504	1	18	18	0.01
L	610755297	610755297	1	18	18	0.01
L	610853050	610853050	1	18	18	0.01
L	109064523	109064523	1	18	18	0.01
L	611839774	611839774	1	18	18	0.01
L	611778331	611778331	1	18	18	0.01
L	1882531513	1882531513	1	18	18	0.01
L	610581932	610581932	1	18	18	0.01
L	117966598	117966598	1	18	18	0.01
L	119032911	119032911	1	18	18	0.01
L	117933320	117933320	1	18	18	0.01
L	489095592	489095592	1	19	19	0.01
L	481835911	481835911	1	19	19	0.01
L	630483972	630483972	1	19	19	0.01
L	632410127	632410127	1	19	19	0.01
L	472008567	472008567	1	19	19	0.01
L	473356841	473356841	1	19	19	0.01
L	649667349	649667349	1	19	19	0.01
L	651550778	651550778	1	19	19	0.01
L	651585805	651585805	1	19	19	0.01
L	652362296	652362296	1	19	19	0.01
L	658939080	658939080	1	19	19	0.01
L	647827580	647827580	1	19	19	0.01
L	647693685	647693685	1	19	19	0.01
L	647033700	647033700	1	19	19	0.01
L	646978161	646978161	1	19	19	0.01
L	646913468	646913468	1	19	19	0.01
L	670174968	670174968	1	19	19	0.01
L	670754767	670754767	1	19	19	0.01
L	480689374	480689374	1	19	19	0.01
L	685792019	685792019	1	19	19	0.01
L	481436575	481436575	1	19	19	0.01
L	480162661	480162661	1	19	19	0.01
L	627400327	627400327	1	19	19	0.01
L	376437466	376437466	1	19	19	0.01
L	674848976	674848976	1	19	19	0.01
L	687704162	687704162	1	19	19	0.01
L	762503624	762503624	1	19	19	0.01
L	489955260	489955260	1	19	19	0.01
L	376661197	376661197	1	19	19	0.01
L	108648566	108648566	1	19	19	0.01
L	490052420	490052420	1	19	19	0.01
L	490106918	490106918	1	19	19	0.01
L	687857502	687857502	1	19	19	0.01
L	687864765	687864765	1	19	19	0.01
L	490632549	490632549	1	19	19	0.01
L	490678787	490678787	1	19	19	0.01
L	687718936	687718936	1	19	19	0.01
L	681739447	681739447	1	19	19	0.01
L	675285337	675285337	1	19	19	0.01
L	661116774	661116774	1	19	19	0.01
L	643985734	643985734	1	19	19	0.01
L	640891327	640891327	1	19	19	0.01
L	640279675	640279675	1	19	19	0.01
L	633315573	633315573	1	19	19	0.01
L	477982054	477982054	1	19	19	0.01
L	632579199	632579199	1	19	19	0.01
L	472913895	472913895	1	19	19	0.01
L	475821116	475821116	1	19	19	0.01
L	688137063	688137063	1	19	19	0.01
L	689039531	689039531	1	19	19	0.01
L	480064939	480064939	1	19	19	0.01
L	489543334	489543334	1	19	19	0.01
L	671752213	671752213	1	19	19	0.01
L	660943520	660943520	1	19	19	0.01
L	1768777663	1768777663	1	20	20	0.01
L	1769217806	1769217806	1	20	20	0.01
L	1768553455	1768553455	1	20	20	0.01
L	1767342265	1767342265	1	20	20	0.01
L	1766807706	1766807706	1	20	20	0.01
L	1808044097	1808044097	1	20	20	0.01
L	1806852153	1806852153	1	20	20	0.01
L	1805020050	1805020050	1	20	20	0.01
L	1800707187	1800707187	1	20	20	0.01
L	1800672497	1800672497	1	20	20	0.01
L	1800603437	1800603437	1	20	20	0.01
L	1799626353	1799626353	1	20	20	0.01
L	1798038547	1798038547	1	20	20	0.01
L	1797864109	1797864109	1	20	20	0.01
L	1191637982	1191637982	1	20	20	0.01
L	1795735050	1795735050	1	20	20	0.01
L	1794535329	1794535329	1	20	20	0.01
L	1787314433	1787314433	1	20	20	0.01
L	1788472604	1788472604	1	20	20	0.01
L	1788718781	1788718781	1	20	20	0.01
L	1788738502	1788738502	1	20	20	0.01
L	1788927762	1788927762	1	20	20	0.01
L	1789008772	1789008772	1	20	20	0.01
L	1789179080	1789179080	1	20	20	0.01
L	1789821973	1789821973	1	20	20	0.01
L	1791733196	1791733196	1	20	20	0.01
L	1792081118	1792081118	1	20	20	0.01
L	1792892627	1792892627	1	20	20	0.01
L	1793574845	1793574845	1	20	20	0.01
L	1793919668	1793919668	1	20	20	0.01
L	1785847988	1785847988	1	20	20	0.01
L	1785381751	1785381751	1	20	20	0.01
L	1785177779	1785177779	1	20	20	0.01
L	1784748813	1784748813	1	20	20	0.01
L	1779241873	1779241873	1	20	20	0.01
L	1411599998	1411599998	1	20	20	0.01
L	1775871840	1775871840	1	20	20	0.01
L	1775870363	1775870363	1	20	20	0.01
L	1777352659	1777352659	1	20	20	0.01
L	1777387782	1777387782	1	20	20	0.01
L	1777737916	1777737916	1	20	20	0.01
L	1774926056	1774926056	1	20	20	0.01
L	1774598216	1774598216	1	20	20	0.01
L	1772342321	1772342321	1	20	20	0.01
L	1772468333	1772468333	1	20	20	0.01
L	1772622107	1772622107	1	20	20	0.01
L	1773267427	1773267427	1	20	20	0.01
L	1776665365	1776665365	1	20	20	0.01
L	1776463082	1776463082	1	20	20	0.01
L	1776471876	1776471876	1	20	20	0.01
L	1778279380	1778279380	1	20	20	0.01
L	1779013768	1779013768	1	20	20	0.01
L	1778766313	1778766313	1	20	20	0.01
L	2676530260	2676530260	1	20	20	0.01
L	531532825	531532825	1	20	20	0.01
L	1772240723	1772240723	1	20	20	0.01
L	1743114848	1743114848	1	20	20	0.01
L	1742768351	1742768351	1	20	20	0.01
L	1742680745	1742680745	1	20	20	0.01
L	1725070944	1725070944	1	20	20	0.01
L	1763706834	1763706834	1	20	20	0.01
L	1743294331	1743294331	1	20	20	0.01
L	1743367061	1743367061	1	20	20	0.01
L	1743872462	1743872462	1	20	20	0.01
L	1743593873	1743593873	1	20	20	0.01
L	1769429551	1769429551	1	20	20	0.01
L	689511432	689511432	1	20	20	0.01
L	544961440	544961440	1	21	21	0.01
L	545018670	545018670	1	21	21	0.01
L	2692104574	2692104574	1	21	21	0.01
L	547763405	547763405	1	21	21	0.01
L	548246344	548246344	1	21	21	0.01
L	548706331	548706331	1	21	21	0.01
L	549577985	549577985	1	21	21	0.01
L	549970926	549970926	1	21	21	0.01
L	554984083	554984083	1	21	21	0.01
L	555163065	555163065	1	21	21	0.01
L	557530570	557530570	1	21	21	0.01
L	558148307	558148307	1	21	21	0.01
L	560127569	560127569	1	21	21	0.01
L	560170485	560170485	1	21	21	0.01
L	560259046	560259046	1	21	21	0.01
L	563900235	563900235	1	21	21	0.01
L	494279079	494279079	1	21	21	0.01
L	494300816	494300816	1	21	21	0.01
L	541491361	541491361	1	21	21	0.01
L	500019317	500019317	1	21	21	0.01
L	621125768	621125768	1	21	21	0.01
L	500515020	500515020	1	21	21	0.01
L	540558285	540558285	1	21	21	0.01
L	540574784	540574784	1	21	21	0.01
L	543083457	543083457	1	21	21	0.01
L	540877073	540877073	1	21	21	0.01
L	541500944	541500944	1	21	21	0.01
L	620581452	620581452	1	21	21	0.01
L	539824495	539824495	1	21	21	0.01
L	540172096	540172096	1	21	21	0.01
L	617632296	617632296	1	21	21	0.01
L	505295892	505295892	1	21	21	0.01
L	619770362	619770362	1	21	21	0.01
L	618749290	618749290	1	21	21	0.01
L	618723472	618723472	1	21	21	0.01
L	620429684	620429684	1	21	21	0.01
L	540165539	540165539	1	21	21	0.01
L	540157293	540157293	1	21	21	0.01
L	541721074	541721074	1	21	21	0.01
L	541709608	541709608	1	21	21	0.01
L	501178609	501178609	1	21	21	0.01
L	543440387	543440387	1	21	21	0.01
L	540979054	540979054	1	21	21	0.01
L	541058965	541058965	1	21	21	0.01
L	500799535	500799535	1	21	21	0.01
L	500578890	500578890	1	21	21	0.01
L	539582359	539582359	1	21	21	0.01
L	500900268	500900268	1	21	21	0.01
L	500920995	500920995	1	21	21	0.01
L	620280032	620280032	1	21	21	0.01
L	503639752	503639752	1	21	21	0.01
L	502939582	502939582	1	21	21	0.01
L	368395574	368395574	1	21	21	0.01
L	1628786748	1628786748	1	21	21	0.01
L	539590248	539590248	1	21	21	0.01
L	543605593	543605593	1	21	21	0.01
L	543686707	543686707	1	21	21	0.01
L	543882618	543882618	1	21	21	0.01
L	1669820781	1669820781	1	21	21	0.01
L	2485509289	2485509289	1	22	22	0.01
L	2489299368	2489299368	1	22	22	0.01
L	2487768785	2487768785	1	22	22	0.01
L	2469285835	2469285835	1	22	22	0.01
L	2469572868	2469572868	1	22	22	0.01
L	2469771987	2469771987	1	22	22	0.01
L	2472010361	2472010361	1	22	22	0.01
L	914551214	914551214	1	22	22	0.01
L	2487852497	2487852497	1	22	22	0.01
L	2488150222	2488150222	1	22	22	0.01
L	2488417333	2488417333	1	22	22	0.01
L	2488950789	2488950789	1	22	22	0.01
L	2490315885	2490315885	1	22	22	0.01
L	2490180818	2490180818	1	22	22	0.01
L	2489710695	2489710695	1	22	22	0.01
L	2489094742	2489094742	1	22	22	0.01
L	2489148748	2489148748	1	22	22	0.01
L	2489246049	2489246049	1	22	22	0.01
L	2489251552	2489251552	1	22	22	0.01
L	2472302235	2472302235	1	22	22	0.01
L	2470184444	2470184444	1	22	22	0.01
L	2469773056	2469773056	1	22	22	0.01
L	2472450982	2472450982	1	22	22	0.01
L	2475982211	2475982211	1	22	22	0.01
L	2476042433	2476042433	1	22	22	0.01
L	2474739132	2474739132	1	22	22	0.01
L	2472538375	2472538375	1	22	22	0.01
L	2490150078	2490150078	1	22	22	0.01
L	2481757331	2481757331	1	22	22	0.01
L	2482049260	2482049260	1	22	22	0.01
L	2482590948	2482590948	1	22	22	0.01
L	2484341284	2484341284	1	22	22	0.01
L	2484753518	2484753518	1	22	22	0.01
L	2485009062	2485009062	1	22	22	0.01
L	2485092764	2485092764	1	22	22	0.01
L	2486974228	2486974228	1	22	22	0.01
L	2486327170	2486327170	1	22	22	0.01
L	2486120429	2486120429	1	22	22	0.01
L	2481478088	2481478088	1	22	22	0.01
L	2481443857	2481443857	1	22	22	0.01
L	2478464844	2478464844	1	22	22	0.01
L	2478230900	2478230900	1	22	22	0.01
L	2467047023	2467047023	1	22	22	0.01
L	2467374420	2467374420	1	22	22	0.01
L	2688815719	2688815719	1	22	22	0.01
L	2688839721	2688839721	1	22	22	0.01
L	2489020542	2489020542	1	22	22	0.01
L	2457904942	2457904942	1	22	22	0.01
L	2600618579	2600618579	1	22	22	0.01
L	2484587658	2484587658	1	22	22	0.01
L	2471725825	2471725825	1	22	22	0.01
L	2458957755	2458957755	1	22	22	0.01
L	2470905408	2470905408	1	22	22	0.01
L	2470923227	2470923227	1	22	22	0.01
L	2470980606	2470980606	1	22	22	0.01
L	2467641544	2467641544	1	22	22	0.01
L	2467669436	2467669436	1	22	22	0.01
L	2456893830	2456893830	1	22	22	0.01
L	2456926978	2456926978	1	22	22	0.01
L	2458834819	2458834819	1	22	22	0.01
L	2458179461	2458179461	1	22	22	0.01
L	2468743492	2468743492	1	22	22	0.01
L	2470562710	2470562710	1	22	22	0.01
L	2468758197	2468758197	1	22	22	0.01
L	2467591494	2467591494	1	22	22	0.01
L	2467556453	2467556453	1	22	22	0.01
L	2467596866	2467596866	1	22	22	0.01
L	2484496666	2484496666	1	22	22	0.01
L	2475156407	2475156407	1	22	22	0.01
L	2458443701	2458443701	1	22	22	0.01
L	2457374462	2457374462	1	22	22	0.01
L	842372956	842372956	1	22	22	0.01
L	1996514210	1996514210	1	22	22	0.01
L	2468315479	2468315479	1	22	22	0.01
L	2468270484	2468270484	1	22	22	0.01
L	2468472317	2468472317	1	22	22	0.01
L	2468463797	2468463797	1	22	22	0.01
L	2454249718	2454249718	1	22	22	0.01
L	2453934629	2453934629	1	22	22	0.01
L	2450639886	2450639886	1	22	22	0.01
L	2450508349	2450508349	1	22	22	0.01
L	2978636461	2978636461	1	22	22	0.01
L	2448985121	2448985121	1	22	22	0.01
L	2448686606	2448686606	1	22	22	0.01
L	2447102150	2447102150	1	22	22	0.01
L	2684017607	2684017607	1	22	22	0.01
L	2686756937	2686756937	1	22	22	0.01
L	2684378996	2684378996	1	22	22	0.01
L	1345087912	1345087912	1	23	23	0.01
L	1344826047	1344826047	1	23	23	0.01
L	1344279399	1344279399	1	23	23	0.01
L	1971478517	1971478517	1	23	23	0.01
L	1956428874	1956428874	1	23	23	0.01
L	1956387471	1956387471	1	23	23	0.01
L	1956183430	1956183430	1	23	23	0.01
L	2856658057	2856658057	1	23	23	0.01
L	2867316097	2867316097	1	23	23	0.01
L	1946625917	1946625917	1	23	23	0.01
L	1946580434	1946580434	1	23	23	0.01
L	1372677634	1372677634	1	23	23	0.01
L	1373559770	1373559770	1	23	23	0.01
L	1944681064	1944681064	1	23	23	0.01
L	1976514877	1976514877	1	23	23	0.01
L	2869380230	2869380230	1	23	23	0.01
L	1086326429	1086326429	1	23	23	0.01
L	2868366384	2868366384	1	23	23	0.01
L	2868009055	2868009055	1	23	23	0.01
L	2867346730	2867346730	1	23	23	0.01
L	1354080792	1354080792	1	23	23	0.01
L	1355119821	1355119821	1	23	23	0.01
L	1355457046	1355457046	1	23	23	0.01
L	1637964793	1637964793	1	23	23	0.01
L	2870420086	2870420086	1	23	23	0.01
L	1975429627	1975429627	1	23	23	0.01
L	1370596548	1370596548	1	23	23	0.01
L	1974832751	1974832751	1	23	23	0.01
L	1367190454	1367190454	1	23	23	0.01
L	1944169188	1944169188	1	23	23	0.01
L	3011499207	3011499207	1	23	23	0.01
L	2051453573	2051453573	1	23	23	0.01
L	2050368950	2050368950	1	23	23	0.01
L	2050125553	2050125553	1	23	23	0.01
L	2045047956	2045047956	1	23	23	0.01
L	2044271145	2044271145	1	23	23	0.01
L	1970790253	1970790253	1	23	23	0.01
L	2525961032	2525961032	1	23	23	0.01
L	2045842027	2045842027	1	23	23	0.01
L	2046185491	2046185491	1	23	23	0.01
L	2044050644	2044050644	1	23	23	0.01
L	2019267482	2019267482	1	23	23	0.01
L	2031909969	2031909969	1	23	23	0.01
L	2047757081	2047757081	1	23	23	0.01
L	1422029796	1422029796	1	23	23	0.01
L	2048511319	2048511319	1	23	23	0.01
L	2007961515	2007961515	1	23	23	0.01
L	2007547634	2007547634	1	23	23	0.01
L	2006234881	2006234881	1	23	23	0.01
L	2001709375	2001709375	1	23	23	0.01
L	2013127646	2013127646	1	23	23	0.01
L	2013377678	2013377678	1	23	23	0.01
L	2026126239	2026126239	1	23	23	0.01
L	1210689891	1210689891	1	23	23	0.01
L	2008548482	2008548482	1	23	23	0.01
L	2008937270	2008937270	1	23	23	0.01
L	2012062927	2012062927	1	23	23	0.01
L	2012455238	2012455238	1	23	23	0.01
L	2012514051	2012514051	1	23	23	0.01
L	1353333596	1353333596	1	23	23	0.01
L	1808886353	1808886353	1	24	24	0.01
L	1809325601	1809325601	1	24	24	0.01
L	1809249773	1809249773	1	24	24	0.01
L	1835736482	1835736482	1	24	24	0.01
L	1836338872	1836338872	1	24	24	0.01
L	1829044863	1829044863	1	24	24	0.01
L	1878348570	1878348570	1	24	24	0.01
L	1878884511	1878884511	1	24	24	0.01
L	1854486853	1854486853	1	24	24	0.01
L	1841766138	1841766138	1	24	24	0.01
L	1841264939	1841264939	1	24	24	0.01
L	1840264943	1840264943	1	24	24	0.01
L	1840051800	1840051800	1	24	24	0.01
L	1820553111	1820553111	1	24	24	0.01
L	1819432464	1819432464	1	24	24	0.01
L	1819261986	1819261986	1	24	24	0.01
L	1819195967	1819195967	1	24	24	0.01
L	1809217996	1809217996	1	24	24	0.01
L	1852563704	1852563704	1	24	24	0.01
L	1852040006	1852040006	1	24	24	0.01
L	1845273636	1845273636	1	24	24	0.01
L	1845241526	1845241526	1	24	24	0.01
L	1856253981	1856253981	1	24	24	0.01
L	1856246674	1856246674	1	24	24	0.01
L	1842789277	1842789277	1	24	24	0.01
L	1809958090	1809958090	1	24	24	0.01
L	1826173156	1826173156	1	24	24	0.01
L	1809452040	1809452040	1	24	24	0.01
L	1809428563	1809428563	1	24	24	0.01
L	1827379938	1827379938	1	24	24	0.01
L	1827290912	1827290912	1	24	24	0.01
L	1808970868	1808970868	1	24	24	0.01
L	1870111198	1870111198	1	24	24	0.01
L	1870073683	1870073683	1	24	24	0.01
L	2565890851	2565890851	1	24	24	0.01
L	1869981187	1869981187	1	24	24	0.01
L	1827010132	1827010132	1	24	24	0.01
L	1826960933	1826960933	1	24	24	0.01
L	1826761450	1826761450	1	24	24	0.01
L	1809086947	1809086947	1	24	24	0.01
L	1811584445	1811584445	1	24	24	0.01
L	1827409985	1827409985	1	24	24	0.01
L	1877585004	1877585004	1	24	24	0.01
L	1877572382	1877572382	1	24	24	0.01
L	1809149305	1809149305	1	24	24	0.01
L	1855325343	1855325343	1	24	24	0.01
L	1845170889	1845170889	1	24	24	0.01
L	1844955683	1844955683	1	24	24	0.01
L	1856460156	1856460156	1	24	24	0.01
L	1809550909	1809550909	1	24	24	0.01
L	1856119026	1856119026	1	24	24	0.01
L	1854591305	1854591305	1	24	24	0.01
L	1856398473	1856398473	1	24	24	0.01
L	1823559173	1823559173	1	24	24	0.01
L	1823138875	1823138875	1	24	24	0.01
L	2749259440	2749259440	1	25	25	0.01
L	2745732286	2745732286	1	25	25	0.01
L	2745156273	2745156273	1	25	25	0.01
L	2776775834	2776775834	1	25	25	0.01
L	2777010150	2777010150	1	25	25	0.01
L	2776304485	2776304485	1	25	25	0.01
L	2762144682	2762144682	1	25	25	0.01
L	2762079839	2762079839	1	25	25	0.01
L	2757335529	2757335529	1	25	25	0.01
L	2757508904	2757508904	1	25	25	0.01
L	2776737485	2776737485	1	25	25	0.01
L	2715009227	2715009227	1	25	25	0.01
L	2762841827	2762841827	1	25	25	0.01
L	2762934523	2762934523	1	25	25	0.01
L	2767186083	2767186083	1	25	25	0.01
L	2766600648	2766600648	1	25	25	0.01
L	2341636527	2341636527	1	25	25	0.01
L	2751012360	2751012360	1	25	25	0.01
L	2746387947	2746387947	1	25	25	0.01
L	2759091204	2759091204	1	25	25	0.01
L	2758917662	2758917662	1	25	25	0.01
L	2758820909	2758820909	1	25	25	0.01
L	2750208261	2750208261	1	25	25	0.01
L	610648685	610648685	1	25	25	0.01
L	2758351614	2758351614	1	25	25	0.01
L	2746705636	2746705636	1	25	25	0.01
L	2746736610	2746736610	1	25	25	0.01
L	2748144337	2748144337	1	25	25	0.01
L	2747589770	2747589770	1	25	25	0.01
L	2759564519	2759564519	1	25	25	0.01
L	2759588926	2759588926	1	25	25	0.01
L	2751777383	2751777383	1	25	25	0.01
L	2756622864	2756622864	1	25	25	0.01
L	2756696188	2756696188	1	25	25	0.01
L	2775211434	2775211434	1	25	25	0.01
L	2758963578	2758963578	1	25	25	0.01
L	2225923620	2225923620	1	25	25	0.01
L	2769497602	2769497602	1	25	25	0.01
L	2769520461	2769520461	1	25	25	0.01
L	2770358772	2770358772	1	25	25	0.01
L	2770380368	2770380368	1	25	25	0.01
L	2758445061	2758445061	1	25	25	0.01
L	2771680911	2771680911	1	25	25	0.01
L	2772010160	2772010160	1	25	25	0.01
L	2744974711	2744974711	1	25	25	0.01
L	2769424457	2769424457	1	25	25	0.01
L	2769459138	2769459138	1	25	25	0.01
L	2748308101	2748308101	1	25	25	0.01
L	2748571002	2748571002	1	25	25	0.01
L	2416309657	2416309657	1	26	26	0.01
L	2416038910	2416038910	1	26	26	0.01
L	2429517250	2429517250	1	26	26	0.01
L	2412280004	2412280004	1	26	26	0.01
L	2413107103	2413107103	1	26	26	0.01
L	2414362416	2414362416	1	26	26	0.01
L	2421357773	2421357773	1	26	26	0.01
L	1767099961	1767099961	1	26	26	0.01
L	2402056857	2402056857	1	26	26	0.01
L	2405239677	2405239677	1	26	26	0.01
L	2405247453	2405247453	1	26	26	0.01
L	2411337519	2411337519	1	26	26	0.01
L	2410956230	2410956230	1	26	26	0.01
L	2409336215	2409336215	1	26	26	0.01
L	2412121412	2412121412	1	26	26	0.01
L	2402232817	2402232817	1	26	26	0.01
L	2508027660	2508027660	1	26	26	0.01
L	2510121800	2510121800	1	26	26	0.01
L	1238758520	1238758520	1	26	26	0.01
L	1237977702	1237977702	1	26	26	0.01
L	1238013736	1238013736	1	26	26	0.01
L	1238028169	1238028169	1	26	26	0.01
L	1238414140	1238414140	1	26	26	0.01
L	2422041951	2422041951	1	26	26	0.01
L	2422739535	2422739535	1	26	26	0.01
L	2422667947	2422667947	1	26	26	0.01
L	2404100346	2404100346	1	26	26	0.01
L	2402938366	2402938366	1	26	26	0.01
L	2404782344	2404782344	1	26	26	0.01
L	2401936499	2401936499	1	26	26	0.01
L	2428540755	2428540755	1	26	26	0.01
L	2403946948	2403946948	1	26	26	0.01
L	1536399713	1536399713	1	26	26	0.01
L	2296898686	2296898686	1	26	26	0.01
L	2403988963	2403988963	1	26	26	0.01
L	2405138568	2405138568	1	26	26	0.01
L	2402871699	2402871699	1	26	26	0.01
L	2425554101	2425554101	1	26	26	0.01
L	2861822842	2861822842	1	26	26	0.01
L	1238584865	1238584865	1	26	26	0.01
L	2402639412	2402639412	1	26	26	0.01
L	2508799111	2508799111	1	26	26	0.01
L	1234575894	1234575894	1	26	26	0.01
L	1234259359	1234259359	1	26	26	0.01
L	1234239425	1234239425	1	26	26	0.01
L	2576577003	2576577003	1	26	26	0.01
L	1233474880	1233474880	1	26	26	0.01
L	2890323028	2890323028	1	26	26	0.01
L	2424083760	2424083760	1	26	26	0.01
L	2424000169	2424000169	1	26	26	0.01
L	2423966588	2423966588	1	26	26	0.01
L	2423831137	2423831137	1	26	26	0.01
L	2427652341	2427652341	1	26	26	0.01
L	2427667374	2427667374	1	26	26	0.01
L	2401791654	2401791654	1	26	26	0.01
L	2401794345	2401794345	1	26	26	0.01
L	2509055364	2509055364	1	26	26	0.01
L	2509025700	2509025700	1	26	26	0.01
L	2508964806	2508964806	1	26	26	0.01
L	621249209	621249209	1	26	26	0.01
L	2428131144	2428131144	1	26	26	0.01
L	2400496207	2400496207	1	26	26	0.01
L	2402214438	2402214438	1	26	26	0.01
L	2508286353	2508286353	1	26	26	0.01
L	1234359225	1234359225	1	26	26	0.01
L	1234542372	1234542372	1	26	26	0.01
L	2402440449	2402440449	1	26	26	0.01
L	2402414382	2402414382	1	26	26	0.01
L	2402399597	2402399597	1	26	26	0.01
L	2402276473	2402276473	1	26	26	0.01
L	2401228167	2401228167	1	26	26	0.01
L	2401230902	2401230902	1	26	26	0.01
L	1331424270	1331424270	1	26	26	0.01
L	1237486078	1237486078	1	26	26	0.01
L	1236780019	1236780019	1	26	26	0.01
L	2511951974	2511951974	1	26	26	0.01
L	2409067883	2409067883	1	26	26	0.01
L	2409172934	2409172934	1	26	26	0.01
L	2409238169	2409238169	1	26	26	0.01
L	1238594587	1238594587	1	26	26	0.01
L	2402682196	2402682196	1	26	26	0.01
L	2419997896	2419997896	1	26	26	0.01
L	2419503867	2419503867	1	26	26	0.01
L	2419267580	2419267580	1	26	26	0.01
L	2040257283	2040257283	1	27	27	0.01
L	2039014858	2039014858	1	27	27	0.01
L	202331835	202331835	1	27	27	0.01
L	2036526688	2036526688	1	27	27	0.01
L	1970673170	1970673170	1	27	27	0.01
L	1969963346	1969963346	1	27	27	0.01
L	1968876221	1968876221	1	27	27	0.01
L	1966217433	1966217433	1	27	27	0.01
L	1965205404	1965205404	1	27	27	0.01
L	1959972594	1959972594	1	27	27	0.01
L	1959720452	1959720452	1	27	27	0.01
L	1959650381	1959650381	1	27	27	0.01
L	1775116856	1775116856	1	27	27	0.01
L	1949716688	1949716688	1	27	27	0.01
L	322686365	322686365	1	27	27	0.01
L	2042416033	2042416033	1	27	27	0.01
L	1339207819	1339207819	1	27	27	0.01
L	1339571389	1339571389	1	27	27	0.01
L	1948257480	1948257480	1	27	27	0.01
L	1948416800	1948416800	1	27	27	0.01
L	2870480455	2870480455	1	27	27	0.01
L	2874273143	2874273143	1	27	27	0.01
L	2874353815	2874353815	1	27	27	0.01
L	2874400790	2874400790	1	27	27	0.01
L	1334753511	1334753511	1	27	27	0.01
L	1335107732	1335107732	1	27	27	0.01
L	1335316872	1335316872	1	27	27	0.01
L	1336131151	1336131151	1	27	27	0.01
L	1337462093	1337462093	1	27	27	0.01
L	1337536619	1337536619	1	27	27	0.01
L	1359586317	1359586317	1	27	27	0.01
L	2874669952	2874669952	1	27	27	0.01
L	2401296749	2401296749	1	27	27	0.01
L	2501461681	2501461681	1	27	27	0.01
L	209788420	209788420	1	27	27	0.01
L	1361193455	1361193455	1	27	27	0.01
L	1362170754	1362170754	1	27	27	0.01
L	1362022495	1362022495	1	27	27	0.01
L	1361642726	1361642726	1	27	27	0.01
L	1362403194	1362403194	1	27	27	0.01
L	1680257350	1680257350	1	27	27	0.01
L	1366299136	1366299136	1	27	27	0.01
L	1680761759	1680761759	1	27	27	0.01
L	1682639709	1682639709	1	27	27	0.01
L	1682446712	1682446712	1	27	27	0.01
L	1680980695	1680980695	1	27	27	0.01
L	1686735707	1686735707	1	27	27	0.01
L	1686952663	1686952663	1	27	27	0.01
L	1097290313	1097290313	1	27	27	0.01
L	1687079875	1687079875	1	27	27	0.01
L	1688470716	1688470716	1	27	27	0.01
L	1688044876	1688044876	1	27	27	0.01
L	1319169245	1319169245	1	27	27	0.01
L	2533343185	2533343185	1	28	28	0.01
L	2533347687	2533347687	1	28	28	0.01
L	2533353530	2533353530	1	28	28	0.01
L	2530453365	2530453365	1	28	28	0.01
L	2531335304	2531335304	1	28	28	0.01
L	2530188037	2530188037	1	28	28	0.01
L	2529582044	2529582044	1	28	28	0.01
L	2529059357	2529059357	1	28	28	0.01
L	2538333219	2538333219	1	28	28	0.01
L	2539691675	2539691675	1	28	28	0.01
L	2539689066	2539689066	1	28	28	0.01
L	2538743657	2538743657	1	28	28	0.01
L	2538722238	2538722238	1	28	28	0.01
L	2532711286	2532711286	1	28	28	0.01
L	2538604767	2538604767	1	28	28	0.01
L	2530800091	2530800091	1	28	28	0.01
L	2530958424	2530958424	1	28	28	0.01
L	2531054423	2531054423	1	28	28	0.01
L	2530761533	2530761533	1	28	28	0.01
L	2537703755	2537703755	1	28	28	0.01
L	2535684392	2535684392	1	28	28	0.01
L	2554479114	2554479114	1	28	28	0.01
L	2554527443	2554527443	1	28	28	0.01
L	2535791595	2535791595	1	28	28	0.01
L	2533554038	2533554038	1	28	28	0.01
L	2533579642	2533579642	1	28	28	0.01
L	2533731155	2533731155	1	28	28	0.01
L	2533761139	2533761139	1	28	28	0.01
L	2534535904	2534535904	1	28	28	0.01
L	2534792490	2534792490	1	28	28	0.01
L	2534851528	2534851528	1	28	28	0.01
L	1871256145	1871256145	1	28	28	0.01
L	2540944657	2540944657	1	28	28	0.01
L	2540472097	2540472097	1	28	28	0.01
L	2535459418	2535459418	1	28	28	0.01
L	2536218420	2536218420	1	28	28	0.01
L	2573172960	2573172960	1	29	29	0.01
L	2573224566	2573224566	1	29	29	0.01
L	2499173361	2499173361	1	29	29	0.01
L	2504920610	2504920610	1	29	29	0.01
L	2503773380	2503773380	1	29	29	0.01
L	2501496015	2501496015	1	29	29	0.01
L	2555258385	2555258385	1	29	29	0.01
L	2572462270	2572462270	1	29	29	0.01
L	2572464629	2572464629	1	29	29	0.01
L	2572758209	2572758209	1	29	29	0.01
L	2571970331	2571970331	1	29	29	0.01
L	563217144	563217144	1	29	29	0.01
L	2568955321	2568955321	1	29	29	0.01
L	2568967933	2568967933	1	29	29	0.01
L	2569169429	2569169429	1	29	29	0.01
L	2563973632	2563973632	1	29	29	0.01
L	2570721421	2570721421	1	29	29	0.01
L	2559318039	2559318039	1	29	29	0.01
L	2572335944	2572335944	1	29	29	0.01
L	2572326167	2572326167	1	29	29	0.01
L	2572009490	2572009490	1	29	29	0.01
L	2566054013	2566054013	1	29	29	0.01
L	2566461705	2566461705	1	29	29	0.01
L	2566505266	2566505266	1	29	29	0.01
L	2566538618	2566538618	1	29	29	0.01
L	2565557893	2565557893	1	29	29	0.01
L	2976080525	2976080525	1	29	29	0.01
L	2247991842	2247991842	1	29	29	0.01
L	2566042463	2566042463	1	29	29	0.01
L	2541289219	2541289219	1	29	29	0.01
L	2541259447	2541259447	1	29	29	0.01
L	2541148654	2541148654	1	29	29	0.01
L	2565794437	2565794437	1	29	29	0.01
L	2565643379	2565643379	1	29	29	0.01
L	2541327771	2541327771	1	29	29	0.01
L	2566679412	2566679412	1	29	29	0.01
L	2565552286	2565552286	1	29	29	0.01
L	2559848396	2559848396	1	29	29	0.01
L	2572804206	2572804206	1	29	29	0.01
L	2572838677	2572838677	1	29	29	0.01
L	2569855507	2569855507	1	29	29	0.01
L	2567499291	2567499291	1	29	29	0.01
L	2500266880	2500266880	1	29	29	0.01
L	2523112325	2523112325	1	29	29	0.01
L	2521561115	2521561115	1	29	29	0.01
L	2566864210	2566864210	1	29	29	0.01
L	2547719633	2547719633	1	29	29	0.01
L	110363766	110363766	1	30	30	0.01
L	206187279	206187279	1	30	30	0.01
L	113895065	113895065	1	30	30	0.01
L	113905587	113905587	1	30	30	0.01
L	202008174	202008174	1	30	30	0.01
L	1096076914	1096076914	1	30	30	0.01
L	1096650870	1096650870	1	30	30	0.01
L	641132129	641132129	1	30	30	0.01
L	1094895977	1094895977	1	30	30	0.01
L	1098054137	1098054137	1	30	30	0.01
L	161166848	161166848	1	30	30	0.01
L	160211545	160211545	1	30	30	0.01
L	160290157	160290157	1	30	30	0.01
L	201888995	201888995	1	30	30	0.01
L	201829210	201829210	1	30	30	0.01
L	202880978	202880978	1	30	30	0.01
L	1868487398	1868487398	1	30	30	0.01
L	114718169	114718169	1	30	30	0.01
L	1170639446	1170639446	1	30	30	0.01
L	205616546	205616546	1	30	30	0.01
L	205147558	205147558	1	30	30	0.01
L	205094743	205094743	1	30	30	0.01
L	205083553	205083553	1	30	30	0.01
L	1103119887	1103119887	1	30	30	0.01
L	1103248866	1103248866	1	30	30	0.01
L	109402013	109402013	1	30	30	0.01
L	206591775	206591775	1	30	30	0.01
L	206768636	206768636	1	30	30	0.01
L	209760040	209760040	1	30	30	0.01
L	540271177	540271177	1	30	30	0.01
L	2060678711	2060678711	1	31	31	0.01
L	2060913760	2060913760	1	31	31	0.01
L	2057126286	2057126286	1	31	31	0.01
L	2057014282	2057014282	1	31	31	0.01
L	2056963248	2056963248	1	31	31	0.01
L	2853916917	2853916917	1	31	31	0.01
L	2052284646	2052284646	1	31	31	0.01
L	2068715475	2068715475	1	31	31	0.01
L	2068761464	2068761464	1	31	31	0.01
L	2068840092	2068840092	1	31	31	0.01
L	2072634937	2072634937	1	31	31	0.01
L	2066297737	2066297737	1	31	31	0.01
L	2066223877	2066223877	1	31	31	0.01
L	2065688979	2065688979	1	31	31	0.01
L	2065656530	2065656530	1	31	31	0.01
L	2065420407	2065420407	1	31	31	0.01
L	2053895054	2053895054	1	31	31	0.01
L	2054220707	2054220707	1	31	31	0.01
L	2054417083	2054417083	1	31	31	0.01
L	2055220485	2055220485	1	31	31	0.01
L	2055411872	2055411872	1	31	31	0.01
L	2854517648	2854517648	1	31	31	0.01
L	2854557257	2854557257	1	31	31	0.01
L	2853694156	2853694156	1	31	31	0.01
L	2850675067	2850675067	1	31	31	0.01
L	2850666945	2850666945	1	31	31	0.01
L	311457631	311457631	1	31	31	0.01
L	2076392370	2076392370	1	31	31	0.01
L	2076386490	2076386490	1	31	31	0.01
L	2848678458	2848678458	1	31	31	0.01
L	2848726060	2848726060	1	31	31	0.01
L	2844625127	2844625127	1	31	31	0.01
L	2075906945	2075906945	1	31	31	0.01
L	2855622934	2855622934	1	31	31	0.01
L	2855941151	2855941151	1	31	31	0.01
L	2843221919	2843221919	1	31	31	0.01
L	2855370149	2855370149	1	31	31	0.01
L	2847242516	2847242516	1	31	31	0.01
L	2063895522	2063895522	1	31	31	0.01
L	2846136191	2846136191	1	31	31	0.01
L	2843514494	2843514494	1	31	31	0.01
L	2843615609	2843615609	1	31	31	0.01
L	2843633724	2843633724	1	31	31	0.01
L	2843663023	2843663023	1	31	31	0.01
L	2064058571	2064058571	1	31	31	0.01
L	2845165426	2845165426	1	31	31	0.01
L	2852956247	2852956247	1	31	31	0.01
L	1868516737	1868516737	1	31	31	0.01
L	2064214154	2064214154	1	31	31	0.01
L	2064271457	2064271457	1	31	31	0.01
L	2064346991	2064346991	1	31	31	0.01
L	2055797204	2055797204	1	31	31	0.01
L	2055619879	2055619879	1	31	31	0.01
L	2053670700	2053670700	1	31	31	0.01
L	2053342496	2053342496	1	31	31	0.01
L	2053324701	2053324701	1	31	31	0.01
L	2053251225	2053251225	1	31	31	0.01
L	2052820352	2052820352	1	31	31	0.01
L	2850636287	2850636287	1	31	31	0.01
L	2845212109	2845212109	1	31	31	0.01
L	2845811472	2845811472	1	31	31	0.01
L	2845042165	2845042165	1	31	31	0.01
L	2843971763	2843971763	1	31	31	0.01
L	2900647244	2900647244	1	31	31	0.01
L	2067704731	2067704731	1	31	31	0.01
L	2067438914	2067438914	1	31	31	0.01
L	2067401533	2067401533	1	31	31	0.01
L	2067389429	2067389429	1	31	31	0.01
L	2067016133	2067016133	1	31	31	0.01
L	2066742925	2066742925	1	31	31	0.01
L	2075697590	2075697590	1	31	31	0.01
L	2076608048	2076608048	1	31	31	0.01
L	2076540778	2076540778	1	31	31	0.01
L	32072723	32072723	1	32	32	0.01
L	32367291	32367291	1	32	32	0.01
L	32621862	32621862	1	32	32	0.01
L	1150279219	1150279219	1	32	32	0.01
L	27547304	27547304	1	32	32	0.01
L	28603539	28603539	1	32	32	0.01
L	28149993	28149993	1	32	32	0.01
L	2226837152	2226837152	1	32	32	0.01
L	23088895	23088895	1	32	32	0.01
L	23030484	23030484	1	32	32	0.01
L	40258272	40258272	1	32	32	0.01
L	26169984	26169984	1	32	32	0.01
L	25801010	25801010	1	32	32	0.01
L	25821900	25821900	1	32	32	0.01
L	1815071650	1815071650	1	32	32	0.01
L	28529867	28529867	1	32	32	0.01
L	28737121	28737121	1	32	32	0.01
L	26282299	26282299	1	32	32	0.01
L	26432946	26432946	1	32	32	0.01
L	26879677	26879677	1	32	32	0.01
L	26891010	26891010	1	32	32	0.01
L	27261055	27261055	1	32	32	0.01
L	32775981	32775981	1	32	32	0.01
L	25223266	25223266	1	32	32	0.01
L	36088905	36088905	1	32	32	0.01
L	35559125	35559125	1	32	32	0.01
L	35720181	35720181	1	32	32	0.01
L	35603267	35603267	1	32	32	0.01
L	36084922	36084922	1	32	32	0.01
L	32470625	32470625	1	32	32	0.01
L	38012803	38012803	1	32	32	0.01
L	37958186	37958186	1	32	32	0.01
L	34855699	34855699	1	32	32	0.01
L	40730579	40730579	1	32	32	0.01
L	39841744	39841744	1	32	32	0.01
L	36341755	36341755	1	32	32	0.01
L	37803925	37803925	1	32	32	0.01
L	37683123	37683123	1	32	32	0.01
L	37501254	37501254	1	32	32	0.01
L	37566855	37566855	1	32	32	0.01
L	2492561848	2492561848	1	33	33	0.01
L	2550824125	2550824125	1	33	33	0.01
L	2491525428	2491525428	1	33	33	0.01
L	2491223726	2491223726	1	33	33	0.01
L	2510686789	2510686789	1	33	33	0.01
L	2494218680	2494218680	1	33	33	0.01
L	2493200532	2493200532	1	33	33	0.01
L	2519099802	2519099802	1	33	33	0.01
L	2548612635	2548612635	1	33	33	0.01
L	2491536776	2491536776	1	33	33	0.01
L	2525912999	2525912999	1	33	33	0.01
L	2549794420	2549794420	1	33	33	0.01
L	2549473206	2549473206	1	33	33	0.01
L	2549990614	2549990614	1	33	33	0.01
L	2552648119	2552648119	1	33	33	0.01
L	2519622474	2519622474	1	33	33	0.01
L	2494391122	2494391122	1	33	33	0.01
L	2519152595	2519152595	1	33	33	0.01
L	2519180218	2519180218	1	33	33	0.01
L	2494593606	2494593606	1	33	33	0.01
L	2519334782	2519334782	1	33	33	0.01
L	2492542799	2492542799	1	33	33	0.01
L	2492505600	2492505600	1	33	33	0.01
L	2493104758	2493104758	1	33	33	0.01
L	2519138233	2519138233	1	33	33	0.01
L	1333319437	1333319437	1	33	33	0.01
L	2496269425	2496269425	1	33	33	0.01
L	1307047335	1307047335	1	33	33	0.01
L	2496224767	2496224767	1	33	33	0.01
L	2496166768	2496166768	1	33	33	0.01
L	2496200773	2496200773	1	33	33	0.01
L	2494924378	2494924378	1	33	33	0.01
L	1306236409	1306236409	1	33	33	0.01
L	1308052464	1308052464	1	33	33	0.01
L	2526356344	2526356344	1	33	33	0.01
L	2526547062	2526547062	1	33	33	0.01
L	1307883386	1307883386	1	33	33	0.01
L	1334469384	1334469384	1	33	33	0.01
L	1334461697	1334461697	1	33	33	0.01
L	2525881515	2525881515	1	33	33	0.01
L	2525763829	2525763829	1	33	33	0.01
L	1305307718	1305307718	1	33	33	0.01
L	1305332905	1305332905	1	33	33	0.01
L	1305446499	1305446499	1	33	33	0.01
L	2548986641	2548986641	1	33	33	0.01
L	1305740862	1305740862	1	33	33	0.01
L	1305574810	1305574810	1	33	33	0.01
L	1298992674	1298992674	1	33	33	0.01
L	1902428445	1902428445	1	33	33	0.01
L	2527267262	2527267262	1	33	33	0.01
L	2527314906	2527314906	1	33	33	0.01
L	1298931516	1298931516	1	33	33	0.01
L	1298633368	1298633368	1	33	33	0.01
L	1298119266	1298119266	1	33	33	0.01
L	2551228143	2551228143	1	33	33	0.01
L	2492431364	2492431364	1	33	33	0.01
L	2067239416	2067239416	1	33	33	0.01
L	2497421645	2497421645	1	33	33	0.01
L	2497360309	2497360309	1	33	33	0.01
L	2527382373	2527382373	1	33	33	0.01
L	2527729688	2527729688	1	33	33	0.01
L	2521029579	2521029579	1	33	33	0.01
L	2520940011	2520940011	1	33	33	0.01
L	854892952	854892952	1	33	33	0.01
L	2519509376	2519509376	1	33	33	0.01
L	2660089839	2660089839	1	34	34	0.01
L	2655795124	2655795124	1	34	34	0.01
L	2655808647	2655808647	1	34	34	0.01
L	2552898559	2552898559	1	34	34	0.01
L	2655618202	2655618202	1	34	34	0.01
L	1020324978	1020324978	1	34	34	0.01
L	2658754882	2658754882	1	34	34	0.01
L	2659227527	2659227527	1	34	34	0.01
L	2670912081	2670912081	1	34	34	0.01
L	2670930447	2670930447	1	34	34	0.01
L	2670964967	2670964967	1	34	34	0.01
L	2673613213	2673613213	1	34	34	0.01
L	2671693047	2671693047	1	34	34	0.01
L	2673585261	2673585261	1	34	34	0.01
L	2673454045	2673454045	1	34	34	0.01
L	2656660621	2656660621	1	34	34	0.01
L	2656654707	2656654707	1	34	34	0.01
L	2656645128	2656645128	1	34	34	0.01
L	2656575473	2656575473	1	34	34	0.01
L	2671461161	2671461161	1	34	34	0.01
L	2671626694	2671626694	1	34	34	0.01
L	2661888490	2661888490	1	34	34	0.01
L	2673060010	2673060010	1	34	34	0.01
L	2672973005	2672973005	1	34	34	0.01
L	2671240709	2671240709	1	34	34	0.01
L	2654918795	2654918795	1	34	34	0.01
L	2655395606	2655395606	1	34	34	0.01
L	2673683829	2673683829	1	34	34	0.01
L	2660103320	2660103320	1	34	34	0.01
L	2662921979	2662921979	1	34	34	0.01
L	1230900784	1230900784	1	34	34	0.01
L	2658173989	2658173989	1	34	34	0.01
L	2659069293	2659069293	1	34	34	0.01
L	2658814051	2658814051	1	34	34	0.01
L	1664798462	1664798462	1	35	35	0.01
L	1664811930	1664811930	1	35	35	0.01
L	1649877212	1649877212	1	35	35	0.01
L	1673663854	1673663854	1	35	35	0.01
L	1649862511	1649862511	1	35	35	0.01
L	1649843125	1649843125	1	35	35	0.01
L	1649804214	1649804214	1	35	35	0.01
L	1649764100	1649764100	1	35	35	0.01
L	1649745061	1649745061	1	35	35	0.01
L	1649897723	1649897723	1	35	35	0.01
L	1674044151	1674044151	1	35	35	0.01
L	1670003548	1670003548	1	35	35	0.01
L	1670125284	1670125284	1	35	35	0.01
L	1670152801	1670152801	1	35	35	0.01
L	1669840825	1669840825	1	35	35	0.01
L	1669960933	1669960933	1	35	35	0.01
L	1669948979	1669948979	1	35	35	0.01
L	1669912348	1669912348	1	35	35	0.01
L	1669895865	1669895865	1	35	35	0.01
L	1669845505	1669845505	1	35	35	0.01
L	1672932645	1672932645	1	35	35	0.01
L	1672865268	1672865268	1	35	35	0.01
L	1666126702	1666126702	1	35	35	0.01
L	1665600513	1665600513	1	35	35	0.01
L	1669519924	1669519924	1	35	35	0.01
L	1665311677	1665311677	1	35	35	0.01
L	1665002493	1665002493	1	35	35	0.01
L	1664649320	1664649320	1	35	35	0.01
L	1667182704	1667182704	1	35	35	0.01
L	1667986916	1667986916	1	35	35	0.01
L	1664424634	1664424634	1	35	35	0.01
L	1672422312	1672422312	1	35	35	0.01
L	1664860293	1664860293	1	35	35	0.01
L	1657291609	1657291609	1	35	35	0.01
L	1664275061	1664275061	1	35	35	0.01
L	1665411236	1665411236	1	35	35	0.01
L	1665434599	1665434599	1	35	35	0.01
L	1665436632	1665436632	1	35	35	0.01
L	1669159511	1669159511	1	35	35	0.01
L	1673429840	1673429840	1	35	35	0.01
L	1650474459	1650474459	1	35	35	0.01
L	1658730796	1658730796	1	35	35	0.01
L	1658648885	1658648885	1	35	35	0.01
L	1658633153	1658633153	1	35	35	0.01
L	1661369442	1661369442	1	35	35	0.01
L	1661691926	1661691926	1	35	35	0.01
L	1661927799	1661927799	1	35	35	0.01
L	1657253471	1657253471	1	35	35	0.01
L	1673744422	1673744422	1	35	35	0.01
L	108746738	108746738	1	35	35	0.01
L	10638942	10638942	1	36	36	0.01
L	10461490	10461490	1	36	36	0.01
L	10430518	10430518	1	36	36	0.01
L	10399118	10399118	1	36	36	0.01
L	10095427	10095427	1	36	36	0.01
L	9930399	9930399	1	36	36	0.01
L	9588931	9588931	1	36	36	0.01
L	9244935	9244935	1	36	36	0.01
L	9104419	9104419	1	36	36	0.01
L	1082893	1082893	1	36	36	0.01
L	3781088	3781088	1	36	36	0.01
L	2019424	2019424	1	36	36	0.01
L	42788421	42788421	1	36	36	0.01
L	11066718	11066718	1	36	36	0.01
L	11189580	11189580	1	36	36	0.01
L	11273532	11273532	1	36	36	0.01
L	20721792	20721792	1	36	36	0.01
L	3815402	3815402	1	36	36	0.01
L	3857604	3857604	1	36	36	0.01
L	5863265	5863265	1	36	36	0.01
L	2392702	2392702	1	36	36	0.01
L	2405766	2405766	1	36	36	0.01
L	2508847	2508847	1	36	36	0.01
L	6614067	6614067	1	36	36	0.01
L	6225080	6225080	1	36	36	0.01
L	7962786	7962786	1	36	36	0.01
L	1748134481	1748134481	1	36	36	0.01
L	8324330	8324330	1	36	36	0.01
L	6525854	6525854	1	36	36	0.01
L	12021727	12021727	1	36	36	0.01
L	11790680	11790680	1	36	36	0.01
L	11736209	11736209	1	36	36	0.01
L	19219303	19219303	1	36	36	0.01
L	19074832	19074832	1	36	36	0.01
L	18872845	18872845	1	36	36	0.01
L	1373801	1373801	1	36	36	0.01
L	1308644	1308644	1	36	36	0.01
L	1232279	1232279	1	36	36	0.01
L	1402083	1402083	1	36	36	0.01
L	19882514	19882514	1	36	36	0.01
L	19683040	19683040	1	36	36	0.01
L	19665754	19665754	1	36	36	0.01
L	15573651	15573651	1	36	36	0.01
L	15492943	15492943	1	36	36	0.01
L	20652379	20652379	1	36	36	0.01
L	16232048	16232048	1	36	36	0.01
L	15701941	15701941	1	36	36	0.01
L	16986221	16986221	1	36	36	0.01
L	760134188	760134188	1	36	36	0.01
L	42428356	42428356	1	36	36	0.01
L	42767312	42767312	1	36	36	0.01
L	1922414745	1922414745	1	37	37	0.01
L	1926847938	1926847938	1	37	37	0.01
L	1927208546	1927208546	1	37	37	0.01
L	1927046132	1927046132	1	37	37	0.01
L	1927851354	1927851354	1	37	37	0.01
L	1930133383	1930133383	1	37	37	0.01
L	1617962017	1617962017	1	37	37	0.01
L	1927748875	1927748875	1	37	37	0.01
L	1927225967	1927225967	1	37	37	0.01
L	1927679249	1927679249	1	37	37	0.01
L	1927699847	1927699847	1	37	37	0.01
L	1942833995	1942833995	1	37	37	0.01
L	1938915042	1938915042	1	37	37	0.01
L	1931525411	1931525411	1	37	37	0.01
L	1920748922	1920748922	1	37	37	0.01
L	1843594608	1843594608	1	37	37	0.01
L	1920541337	1920541337	1	37	37	0.01
L	1920467108	1920467108	1	37	37	0.01
L	1927788793	1927788793	1	37	37	0.01
L	1927778049	1927778049	1	37	37	0.01
L	1928022599	1928022599	1	37	37	0.01
L	1925459976	1925459976	1	37	37	0.01
L	1923120676	1923120676	1	37	37	0.01
L	1931658700	1931658700	1	37	37	0.01
L	1933448227	1933448227	1	37	37	0.01
L	1933635784	1933635784	1	37	37	0.01
L	1934127146	1934127146	1	37	37	0.01
L	1934944967	1934944967	1	37	37	0.01
L	1934950285	1934950285	1	37	37	0.01
L	1934985132	1934985132	1	37	37	0.01
L	1933292608	1933292608	1	37	37	0.01
L	1938583364	1938583364	1	37	37	0.01
L	1938545776	1938545776	1	37	37	0.01
L	2386910641	2386910641	1	38	38	0.01
L	2386963979	2386963979	1	38	38	0.01
L	2387698676	2387698676	1	38	38	0.01
L	2387767779	2387767779	1	38	38	0.01
L	2388026615	2388026615	1	38	38	0.01
L	2366729446	2366729446	1	38	38	0.01
L	2365972277	2365972277	1	38	38	0.01
L	2365653849	2365653849	1	38	38	0.01
L	2343012406	2343012406	1	38	38	0.01
L	2364956293	2364956293	1	38	38	0.01
L	2364787986	2364787986	1	38	38	0.01
L	2346562870	2346562870	1	38	38	0.01
L	2363454090	2363454090	1	38	38	0.01
L	2343813137	2343813137	1	38	38	0.01
L	2381300743	2381300743	1	38	38	0.01
L	2364030436	2364030436	1	38	38	0.01
L	2347189277	2347189277	1	38	38	0.01
L	2631876479	2631876479	1	38	38	0.01
L	2353881698	2353881698	1	38	38	0.01
L	2354823964	2354823964	1	38	38	0.01
L	2354880129	2354880129	1	38	38	0.01
L	2356987230	2356987230	1	38	38	0.01
L	2379429331	2379429331	1	38	38	0.01
L	2378604083	2378604083	1	38	38	0.01
L	2378296238	2378296238	1	38	38	0.01
L	2363710435	2363710435	1	38	38	0.01
L	2349359807	2349359807	1	38	38	0.01
L	2350132784	2350132784	1	38	38	0.01
L	2348069756	2348069756	1	38	38	0.01
L	2347666927	2347666927	1	38	38	0.01
L	2397706986	2397706986	1	38	38	0.01
L	2380581401	2380581401	1	38	38	0.01
L	2379585316	2379585316	1	38	38	0.01
L	2363414648	2363414648	1	38	38	0.01
L	2399020266	2399020266	1	38	38	0.01
L	2399053429	2399053429	1	38	38	0.01
L	2399723805	2399723805	1	38	38	0.01
L	1808163395	1808163395	1	39	39	0.01
L	1808192573	1808192573	1	39	39	0.01
L	1808244738	1808244738	1	39	39	0.01
L	1808259909	1808259909	1	39	39	0.01
L	1719799624	1719799624	1	39	39	0.01
L	1748655963	1748655963	1	39	39	0.01
L	1748665705	1748665705	1	39	39	0.01
L	1748018141	1748018141	1	39	39	0.01
L	1747777428	1747777428	1	39	39	0.01
L	1746998760	1746998760	1	39	39	0.01
L	1745008802	1745008802	1	39	39	0.01
L	1746190725	1746190725	1	39	39	0.01
L	1745740600	1745740600	1	39	39	0.01
L	1777208995	1777208995	1	39	39	0.01
L	1775419588	1775419588	1	39	39	0.01
L	1777304759	1777304759	1	39	39	0.01
L	1777307055	1777307055	1	39	39	0.01
L	1762025299	1762025299	1	39	39	0.01
L	1761820372	1761820372	1	39	39	0.01
L	1720500065	1720500065	1	39	39	0.01
L	1771407705	1771407705	1	39	39	0.01
L	1720279499	1720279499	1	39	39	0.01
L	1717668024	1717668024	1	39	39	0.01
L	1429194766	1429194766	1	40	40	0.01
L	1414596972	1414596972	1	40	40	0.01
L	345210230	345210230	1	40	40	0.01
L	345222773	345222773	1	40	40	0.01
L	345298150	345298150	1	40	40	0.01
L	334311501	334311501	1	40	40	0.01
L	1276119088	1276119088	1	40	40	0.01
L	1276149439	1276149439	1	40	40	0.01
L	1424849449	1424849449	1	40	40	0.01
L	1276390314	1276390314	1	40	40	0.01
L	1275871002	1275871002	1	40	40	0.01
L	691166643	691166643	1	40	40	0.01
L	1431503809	1431503809	1	40	40	0.01
L	1429455827	1429455827	1	40	40	0.01
L	1413971698	1413971698	1	40	40	0.01
L	317724421	317724421	1	40	40	0.01
L	1413630385	1413630385	1	40	40	0.01
L	2468105378	2468105378	1	40	40	0.01
L	814114497	814114497	1	40	40	0.01
L	2329392498	2329392498	1	41	41	0.01
L	320087088	320087088	1	41	41	0.01
L	2329355692	2329355692	1	41	41	0.01
L	2400093507	2400093507	1	41	41	0.01
L	2371203369	2371203369	1	41	41	0.01
L	2371155470	2371155470	1	41	41	0.01
L	2370590652	2370590652	1	41	41	0.01
L	2342253443	2342253443	1	41	41	0.01
L	2373799934	2373799934	1	41	41	0.01
L	2373657077	2373657077	1	41	41	0.01
L	2373479347	2373479347	1	41	41	0.01
L	2371975944	2371975944	1	41	41	0.01
L	2343407747	2343407747	1	41	41	0.01
L	2373341102	2373341102	1	41	41	0.01
L	2374354992	2374354992	1	41	41	0.01
L	2375382870	2375382870	1	41	41	0.01
L	2375565184	2375565184	1	41	41	0.01
L	2341822383	2341822383	1	41	41	0.01
L	2388691937	2388691937	1	41	41	0.01
L	2389407763	2389407763	1	41	41	0.01
L	2383214832	2383214832	1	41	41	0.01
L	52032697	52032697	1	41	41	0.01
L	2373806934	2373806934	1	41	41	0.01
L	2374049386	2374049386	1	41	41	0.01
L	2362838892	2362838892	1	41	41	0.01
L	2362048421	2362048421	1	41	41	0.01
L	2358874702	2358874702	1	41	41	0.01
L	2361572900	2361572900	1	41	41	0.01
L	1838912954	1838912954	1	42	42	0.01
L	2862295215	2862295215	1	42	42	0.01
L	2863712546	2863712546	1	42	42	0.01
L	2862032504	2862032504	1	42	42	0.01
L	2862014997	2862014997	1	42	42	0.01
L	2185326719	2185326719	1	42	42	0.01
L	2861869447	2861869447	1	42	42	0.01
L	2861991022	2861991022	1	42	42	0.01
L	2865643452	2865643452	1	42	42	0.01
L	2401126951	2401126951	1	42	42	0.01
L	2865712337	2865712337	1	42	42	0.01
L	2860694549	2860694549	1	42	42	0.01
L	2860650858	2860650858	1	42	42	0.01
L	2860657575	2860657575	1	42	42	0.01
L	2859583147	2859583147	1	42	42	0.01
L	200644254	200644254	1	42	42	0.01
L	2866768845	2866768845	1	42	42	0.01
L	2866695964	2866695964	1	42	42	0.01
L	2864529613	2864529613	1	42	42	0.01
L	2863582857	2863582857	1	42	42	0.01
L	2667100504	2667100504	1	43	43	0.01
L	2668163097	2668163097	1	43	43	0.01
L	2664526763	2664526763	1	43	43	0.01
L	2667057908	2667057908	1	43	43	0.01
L	93346646	93346646	1	43	43	0.01
L	2674056710	2674056710	1	43	43	0.01
L	2749781692	2749781692	1	43	43	0.01
L	2662315233	2662315233	1	43	43	0.01
L	2821803269	2821803269	1	43	43	0.01
L	1651113219	1651113219	1	44	44	0.01
L	2690526849	2690526849	1	45	45	0.01
L	2699879875	2699879875	1	45	45	0.01
L	2695797921	2695797921	1	45	45	0.01
L	2701886704	2701886704	1	45	45	0.01
L	2400809892	2400809892	1	45	45	0.01
L	1991731910	1991731910	1	46	46	0.01
L	616368633	616368633	1	46	46	0.01
L	1999662874	1999662874	1	46	46	0.01
L	1999761485	1999761485	1	46	46	0.01
L	1993326316	1993326316	1	46	46	0.01
L	1993116546	1993116546	1	46	46	0.01
L	1999888236	1999888236	1	46	46	0.01
L	2000077635	2000077635	1	46	46	0.01
L	2000185389	2000185389	1	46	46	0.01
L	2067183564	2067183564	1	47	47	0.01
L	302809556	302809556	1	47	47	0.01
L	1332131699	1332131699	1	48	48	0.01
L	1952371957	1952371957	1	48	48	0.01
1	1	248956422	1	1		1
2	248956423	491149951	1	1		1
3	491149952	689445510	1	1		1
4	689445511	879660065	1	1		1
5	879660066	1061198324	1	1		1
6	1061198325	1232004303	1	1		1
7	1232004304	1391350276	1	1		1
8	1391350277	1536488912	1	1		1
9	1536488913	1674883629	1	1		1
10	1674883630	1808681051	1	1		1
11	1808681052	1943767673	1	1		1
12	1943767674	2077042982	1	1		1
13	2077042983	2191407310	1	1		1
14	2191407311	2298451028	1	1		1
15	2298451029	2400442217	1	1		1
16	2400442218	2490780562	1	1		1
17	2490780563	2574038003	1	1		1
18	2574038004	2654411288	1	1		1
19	2654411289	2713028904	1	1		1
20	2713028905	2777473071	1	1		1
21	2777473072	2824183054	1	1		1
22	2824183055	2875001522	1	1		1
X	2875001523	3031042417	1	1		1
MT	3031042418	3031058986	1	1		1
Y	3031058987	3088286401	1	1		1
