name	start	end	strand	col	fill	lwd
1	1	221487832	1	4	4	0.1
2	221487833	427838967	1	4	4	0.1
3	427838968	609178734	1	4	4	0.1
4	609178735	786516912	1	4	4	0.1
5	786516913	958559659	1	4	4	0.1
6	958559660	1128225022	1	4	4	0.1
7	1128225023	1293023654	1	4	4	0.1
8	1293023655	1439647203	1	4	4	0.1
9	1439647204	1580824992	1	4	4	0.1
10	1580824993	1728914513	1	4	4	0.1
11	1728914514	1867245331	1	4	4	0.1
12	1867245332	2003362629	1	4	4	0.1
13	2003362630	2139811489	1	4	4	0.1
14	2139811490	2281337289	1	4	4	0.1
15	2281337290	2399228412	1	4	4	0.1
16	2399228413	2510506901	1	4	4	0.1
17	2510506902	2618136269	1	4	4	0.1
18	2618136270	2720910752	1	4	4	0.1
19	2720910753	2790518401	1	4	4	0.1
X	2790518402	2984312690	1	4	4	0.1
MT	2984312691	2984331158	1	4	4	0.1
Y	2984331159	3088286390	1	4	4	0.1
1	1	221487832	1	1	4	0.1
2	221487833	427838967	1	1	4	0.1
3	427838968	609178734	1	1	4	0.1
4	609178735	786516912	1	1	4	0.1
5	786516913	958559659	1	1	4	0.1
6	958559660	1128225022	1	1	4	0.1
7	1128225023	1293023654	1	1	4	0.1
8	1293023655	1439647203	1	1	4	0.1
9	1439647204	1580824992	1	1	4	0.1
10	1580824993	1728914513	1	1	4	0.1
11	1728914514	1867245331	1	1	4	0.1
12	1867245332	2003362629	1	1	4	0.1
13	2003362630	2139811489	1	1	4	0.1
14	2139811490	2281337289	1	1	4	0.1
15	2281337290	2399228412	1	1	4	0.1
16	2399228413	2510506901	1	1	4	0.1
17	2510506902	2618136269	1	1	4	0.1
18	2618136270	2720910752	1	1	4	0.1
19	2720910753	2790518401	1	1	4	0.1
X	2790518402	2984312690	1	1	4	0.1
MT	2984312691	2984331158	1	1	4	0.1
Y	2984331159	3088286390	1	1	4	0.1
L	1386803184	1386803184	1	5	5	0.01
L	1370973644	1370973644	1	5	5	0.01
L	474188006	474188006	1	5	5	0.01
L	474091253	474091253	1	5	5	0.01
L	473902044	473902044	1	5	5	0.01
L	470222403	470222403	1	5	5	0.01
L	470117744	470117744	1	5	5	0.01
L	469835595	469835595	1	5	5	0.01
L	469280114	469280114	1	5	5	0.01
L	469256542	469256542	1	5	5	0.01
L	909649387	909649387	1	5	5	0.01
L	1331249155	1331249155	1	5	5	0.01
L	524802391	524802391	1	5	5	0.01
L	1380894468	1380894468	1	5	5	0.01
L	1382841551	1382841551	1	5	5	0.01
L	1368347878	1368347878	1	5	5	0.01
L	518037667	518037667	1	5	5	0.01
L	518357454	518357454	1	5	5	0.01
L	520676258	520676258	1	5	5	0.01
L	520795488	520795488	1	5	5	0.01
L	572350138	572350138	1	5	5	0.01
L	572497233	572497233	1	5	5	0.01
L	572657814	572657814	1	5	5	0.01
L	574314155	574314155	1	5	5	0.01
L	574786698	574786698	1	5	5	0.01
L	574924499	574924499	1	5	5	0.01
L	826807219	826807219	1	5	5	0.01
L	1366614963	1366614963	1	5	5	0.01
L	827847561	827847561	1	5	5	0.01
L	243268739	243268739	1	5	5	0.01
L	521912784	521912784	1	5	5	0.01
L	521948699	521948699	1	5	5	0.01
L	523118529	523118529	1	5	5	0.01
L	890037094	890037094	1	5	5	0.01
L	890704471	890704471	1	5	5	0.01
L	890933485	890933485	1	5	5	0.01
L	904879347	904879347	1	5	5	0.01
L	581114460	581114460	1	5	5	0.01
L	873736397	873736397	1	5	5	0.01
L	909381733	909381733	1	5	5	0.01
L	659076863	659076863	1	5	5	0.01
L	827991072	827991072	1	5	5	0.01
L	829672780	829672780	1	5	5	0.01
L	909245479	909245479	1	5	5	0.01
L	1322663599	1322663599	1	5	5	0.01
L	900690147	900690147	1	5	5	0.01
L	1322483434	1322483434	1	5	5	0.01
L	1322464654	1322464654	1	5	5	0.01
L	578633674	578633674	1	5	5	0.01
L	584308911	584308911	1	5	5	0.01
L	1247134154	1247134154	1	5	5	0.01
L	2686804037	2686804037	1	5	5	0.01
L	1033950568	1033950568	1	5	5	0.01
L	895531929	895531929	1	5	5	0.01
L	897848253	897848253	1	5	5	0.01
L	891233030	891233030	1	5	5	0.01
L	900329345	900329345	1	5	5	0.01
L	835929945	835929945	1	5	5	0.01
L	838065212	838065212	1	5	5	0.01
L	838095653	838095653	1	5	5	0.01
L	838265274	838265274	1	5	5	0.01
L	846167213	846167213	1	5	5	0.01
L	846325038	846325038	1	5	5	0.01
L	846383022	846383022	1	5	5	0.01
L	847499756	847499756	1	5	5	0.01
L	858705037	858705037	1	5	5	0.01
L	860466001	860466001	1	5	5	0.01
L	860678277	860678277	1	5	5	0.01
L	861179086	861179086	1	5	5	0.01
L	862715310	862715310	1	5	5	0.01
L	862782079	862782079	1	5	5	0.01
L	862885350	862885350	1	5	5	0.01
L	868280725	868280725	1	5	5	0.01
L	868682163	868682163	1	5	5	0.01
L	869135929	869135929	1	5	5	0.01
L	869240675	869240675	1	5	5	0.01
L	869952742	869952742	1	5	5	0.01
L	869970974	869970974	1	5	5	0.01
L	872790949	872790949	1	5	5	0.01
L	872840599	872840599	1	5	5	0.01
L	356242880	356242880	1	5	5	0.01
L	873624561	873624561	1	5	5	0.01
L	1338927622	1338927622	1	5	5	0.01
L	1339930974	1339930974	1	5	5	0.01
L	2121367574	2121367574	1	5	5	0.01
L	2125796344	2125796344	1	5	5	0.01
L	2128450580	2128450580	1	5	5	0.01
L	2130947653	2130947653	1	5	5	0.01
L	2131027737	2131027737	1	5	5	0.01
L	2131320319	2131320319	1	5	5	0.01
L	2131639857	2131639857	1	5	5	0.01
L	2133462324	2133462324	1	5	5	0.01
L	2137498523	2137498523	1	5	5	0.01
L	657933626	657933626	1	5	5	0.01
L	657922005	657922005	1	5	5	0.01
L	657905094	657905094	1	5	5	0.01
L	2706447801	2706447801	1	5	5	0.01
L	2707472063	2707472063	1	5	5	0.01
L	658544390	658544390	1	5	5	0.01
L	658557737	658557737	1	5	5	0.01
L	656161717	656161717	1	5	5	0.01
L	656051256	656051256	1	5	5	0.01
L	2646620709	2646620709	1	5	5	0.01
L	656473284	656473284	1	5	5	0.01
L	2293780695	2293780695	1	5	5	0.01
L	2293802232	2293802232	1	5	5	0.01
L	2692902078	2692902078	1	5	5	0.01
L	2691173242	2691173242	1	5	5	0.01
L	2703054003	2703054003	1	5	5	0.01
L	824927304	824927304	1	5	5	0.01
L	1052744382	1052744382	1	5	5	0.01
L	824650423	824650423	1	5	5	0.01
L	824326193	824326193	1	5	5	0.01
L	1040007657	1040007657	1	5	5	0.01
L	1039951362	1039951362	1	5	5	0.01
L	1039933945	1039933945	1	5	5	0.01
L	1039569728	1039569728	1	5	5	0.01
L	369485858	369485858	1	5	5	0.01
L	1046083762	1046083762	1	5	5	0.01
L	1038744713	1038744713	1	5	5	0.01
L	1052668315	1052668315	1	5	5	0.01
L	1052779437	1052779437	1	5	5	0.01
L	1574601547	1574601547	1	7	7	0.01
L	2368249725	2368249725	1	7	7	0.01
L	2010775416	2010775416	1	7	7	0.01
L	966441481	966441481	1	7	7	0.01
L	963856058	963856058	1	7	7	0.01
L	963772740	963772740	1	7	7	0.01
L	963180275	963180275	1	7	7	0.01
L	962477880	962477880	1	7	7	0.01
L	655563675	655563675	1	7	7	0.01
L	2081050046	2081050046	1	7	7	0.01
L	664063297	664063297	1	7	7	0.01
L	663787684	663787684	1	7	7	0.01
L	663716548	663716548	1	7	7	0.01
L	662968403	662968403	1	7	7	0.01
L	1577655698	1577655698	1	7	7	0.01
L	1795946301	1795946301	1	7	7	0.01
L	815628453	815628453	1	7	7	0.01
L	817943016	817943016	1	7	7	0.01
L	819598665	819598665	1	7	7	0.01
L	819869126	819869126	1	7	7	0.01
L	820023529	820023529	1	7	7	0.01
L	1999145498	1999145498	1	7	7	0.01
L	2623045172	2623045172	1	7	7	0.01
L	2623083690	2623083690	1	7	7	0.01
L	967867794	967867794	1	7	7	0.01
L	1906977003	1906977003	1	7	7	0.01
L	1905124223	1905124223	1	7	7	0.01
L	2002582656	2002582656	1	7	7	0.01
L	2002268169	2002268169	1	7	7	0.01
L	813671229	813671229	1	7	7	0.01
L	813898180	813898180	1	7	7	0.01
L	1014120610	1014120610	1	7	7	0.01
L	1014164982	1014164982	1	7	7	0.01
L	1014459714	1014459714	1	7	7	0.01
L	2158223525	2158223525	1	7	7	0.01
L	2157213325	2157213325	1	7	7	0.01
L	1573394821	1573394821	1	7	7	0.01
L	120929190	120929190	1	7	7	0.01
L	2082239572	2082239572	1	7	7	0.01
L	2082463642	2082463642	1	7	7	0.01
L	1220188390	1220188390	1	7	7	0.01
L	1558682450	1558682450	1	7	7	0.01
L	119581330	119581330	1	7	7	0.01
L	119296763	119296763	1	7	7	0.01
L	2295853011	2295853011	1	7	7	0.01
L	2295879212	2295879212	1	7	7	0.01
L	2086788867	2086788867	1	7	7	0.01
L	2645451194	2645451194	1	7	7	0.01
L	673629317	673629317	1	7	7	0.01
L	1742286140	1742286140	1	7	7	0.01
L	1012717503	1012717503	1	7	7	0.01
L	365473672	365473672	1	7	7	0.01
L	2175626290	2175626290	1	7	7	0.01
L	2176167180	2176167180	1	7	7	0.01
L	2571012848	2571012848	1	7	7	0.01
L	2895414655	2895414655	1	7	7	0.01
L	673548790	673548790	1	7	7	0.01
L	673541349	673541349	1	7	7	0.01
L	790642943	790642943	1	7	7	0.01
L	790829991	790829991	1	7	7	0.01
L	2574826735	2574826735	1	7	7	0.01
L	225072252	225072252	1	7	7	0.01
L	225259920	225259920	1	7	7	0.01
L	796677185	796677185	1	7	7	0.01
L	1330632350	1330632350	1	7	7	0.01
L	236187714	236187714	1	7	7	0.01
L	236797632	236797632	1	7	7	0.01
L	2031467154	2031467154	1	7	7	0.01
L	2031483759	2031483759	1	7	7	0.01
L	2031682099	2031682099	1	7	7	0.01
L	2031977014	2031977014	1	7	7	0.01
L	2056256700	2056256700	1	7	7	0.01
L	2050108506	2050108506	1	7	7	0.01
L	1557542765	1557542765	1	7	7	0.01
L	2044026604	2044026604	1	7	7	0.01
L	2041898717	2041898717	1	7	7	0.01
L	1556701369	1556701369	1	7	7	0.01
L	2049820930	2049820930	1	7	7	0.01
L	2052257718	2052257718	1	7	7	0.01
L	1579145926	1579145926	1	7	7	0.01
L	241935178	241935178	1	7	7	0.01
L	243521792	243521792	1	7	7	0.01
L	243762235	243762235	1	7	7	0.01
L	247437662	247437662	1	7	7	0.01
L	2040530600	2040530600	1	7	7	0.01
L	2038279213	2038279213	1	7	7	0.01
L	2087113174	2087113174	1	7	7	0.01
L	662445562	662445562	1	7	7	0.01
L	2087555880	2087555880	1	7	7	0.01
L	195318751	195318751	1	7	7	0.01
L	2175480828	2175480828	1	7	7	0.01
L	2175319076	2175319076	1	7	7	0.01
L	2019917661	2019917661	1	7	7	0.01
L	2107377279	2107377279	1	8	8	0.01
L	2095949352	2095949352	1	8	8	0.01
L	2089600255	2089600255	1	8	8	0.01
L	2089548203	2089548203	1	8	8	0.01
L	2089335362	2089335362	1	8	8	0.01
L	2530193936	2530193936	1	8	8	0.01
L	2528417859	2528417859	1	8	8	0.01
L	110841163	110841163	1	8	8	0.01
L	2653922947	2653922947	1	8	8	0.01
L	2668423634	2668423634	1	8	8	0.01
L	2670532190	2670532190	1	8	8	0.01
L	2670579481	2670579481	1	8	8	0.01
L	2676245734	2676245734	1	8	8	0.01
L	2678020225	2678020225	1	8	8	0.01
L	2678964339	2678964339	1	8	8	0.01
L	2682238758	2682238758	1	8	8	0.01
L	2069346699	2069346699	1	8	8	0.01
L	2069514588	2069514588	1	8	8	0.01
L	2070867012	2070867012	1	8	8	0.01
L	2074764644	2074764644	1	8	8	0.01
L	2076033874	2076033874	1	8	8	0.01
L	2076064096	2076064096	1	8	8	0.01
L	2076211529	2076211529	1	8	8	0.01
L	559951769	559951769	1	8	8	0.01
L	2063379683	2063379683	1	8	8	0.01
L	1791054590	1791054590	1	8	8	0.01
L	2749148090	2749148090	1	8	8	0.01
L	2749930157	2749930157	1	8	8	0.01
L	2750001148	2750001148	1	8	8	0.01
L	2751750828	2751750828	1	8	8	0.01
L	2751946361	2751946361	1	8	8	0.01
L	716334555	716334555	1	8	8	0.01
L	716257140	716257140	1	8	8	0.01
L	710179761	710179761	1	8	8	0.01
L	709129442	709129442	1	8	8	0.01
L	661433387	661433387	1	8	8	0.01
L	660189055	660189055	1	8	8	0.01
L	1333348573	1333348573	1	8	8	0.01
L	1333192766	1333192766	1	8	8	0.01
L	874098574	874098574	1	8	8	0.01
L	579069131	579069131	1	8	8	0.01
L	703698767	703698767	1	8	8	0.01
L	2273531174	2273531174	1	8	8	0.01
L	703021120	703021120	1	8	8	0.01
L	670044959	670044959	1	8	8	0.01
L	2683133236	2683133236	1	8	8	0.01
L	2747750836	2747750836	1	8	8	0.01
L	2747208501	2747208501	1	8	8	0.01
L	2745153479	2745153479	1	8	8	0.01
L	655280370	655280370	1	8	8	0.01
L	654809253	654809253	1	8	8	0.01
L	675222292	675222292	1	8	8	0.01
L	675804780	675804780	1	8	8	0.01
L	668598396	668598396	1	8	8	0.01
L	676034854	676034854	1	8	8	0.01
L	676246078	676246078	1	8	8	0.01
L	649630145	649630145	1	8	8	0.01
L	707284117	707284117	1	8	8	0.01
L	649055526	649055526	1	8	8	0.01
L	1362018212	1362018212	1	8	8	0.01
L	1358203920	1358203920	1	8	8	0.01
L	1357116541	1357116541	1	8	8	0.01
L	1357079290	1357079290	1	8	8	0.01
L	825760324	825760324	1	8	8	0.01
L	825723436	825723436	1	8	8	0.01
L	825486734	825486734	1	8	8	0.01
L	884090513	884090513	1	8	8	0.01
L	2753885450	2753885450	1	8	8	0.01
L	716389663	716389663	1	8	8	0.01
L	2117184657	2117184657	1	8	8	0.01
L	2138728780	2138728780	1	8	8	0.01
L	2138686888	2138686888	1	8	8	0.01
L	2287211155	2287211155	1	8	8	0.01
L	2285830797	2285830797	1	8	8	0.01
L	1346883984	1346883984	1	8	8	0.01
L	1346835209	1346835209	1	8	8	0.01
L	1346264240	1346264240	1	8	8	0.01
L	1345801885	1345801885	1	8	8	0.01
L	1345458721	1345458721	1	8	8	0.01
L	1345184143	1345184143	1	8	8	0.01
L	1344462557	1344462557	1	8	8	0.01
L	2117582086	2117582086	1	8	8	0.01
L	2117533148	2117533148	1	8	8	0.01
L	2108907469	2108907469	1	8	8	0.01
L	2110991081	2110991081	1	8	8	0.01
L	2112685856	2112685856	1	8	8	0.01
L	2114687984	2114687984	1	8	8	0.01
L	2115974409	2115974409	1	8	8	0.01
L	2117371730	2117371730	1	8	8	0.01
L	2718949832	2718949832	1	9	9	0.01
L	2182532530	2182532530	1	9	9	0.01
L	2348566278	2348566278	1	9	9	0.01
L	2348547630	2348547630	1	9	9	0.01
L	2348114781	2348114781	1	9	9	0.01
L	2046462616	2046462616	1	9	9	0.01
L	2046652398	2046652398	1	9	9	0.01
L	2046988488	2046988488	1	9	9	0.01
L	2047104362	2047104362	1	9	9	0.01
L	2047152315	2047152315	1	9	9	0.01
L	2047477055	2047477055	1	9	9	0.01
L	2709253030	2709253030	1	9	9	0.01
L	1169887272	1169887272	1	9	9	0.01
L	2347527689	2347527689	1	9	9	0.01
L	2347216980	2347216980	1	9	9	0.01
L	2347081999	2347081999	1	9	9	0.01
L	2346957301	2346957301	1	9	9	0.01
L	2346893531	2346893531	1	9	9	0.01
L	2344289213	2344289213	1	9	9	0.01
L	2344262808	2344262808	1	9	9	0.01
L	1577864064	1577864064	1	9	9	0.01
L	1578105787	1578105787	1	9	9	0.01
L	1578802240	1578802240	1	9	9	0.01
L	2645987679	2645987679	1	9	9	0.01
L	1569481270	1569481270	1	9	9	0.01
L	2176355472	2176355472	1	9	9	0.01
L	2331619850	2331619850	1	9	9	0.01
L	1568892059	1568892059	1	9	9	0.01
L	1022895382	1022895382	1	9	9	0.01
L	1022823140	1022823140	1	9	9	0.01
L	2019947210	2019947210	1	9	9	0.01
L	2343743671	2343743671	1	9	9	0.01
L	2343670122	2343670122	1	9	9	0.01
L	2343171858	2343171858	1	9	9	0.01
L	2340119323	2340119323	1	9	9	0.01
L	1052729973	1052729973	1	9	9	0.01
L	438321353	438321353	1	9	9	0.01
L	437904625	437904625	1	9	9	0.01
L	434139901	434139901	1	9	9	0.01
L	2449486763	2449486763	1	9	9	0.01
L	11359228	11359228	1	9	9	0.01
L	11308247	11308247	1	9	9	0.01
L	11230911	11230911	1	9	9	0.01
L	11018738	11018738	1	9	9	0.01
L	2694309210	2694309210	1	9	9	0.01
L	2694780550	2694780550	1	9	9	0.01
L	2694968228	2694968228	1	9	9	0.01
L	2695533086	2695533086	1	9	9	0.01
L	2641725076	2641725076	1	9	9	0.01
L	2632821134	2632821134	1	9	9	0.01
L	2631949709	2631949709	1	9	9	0.01
L	2631924646	2631924646	1	9	9	0.01
L	2631879447	2631879447	1	9	9	0.01
L	1799485230	1799485230	1	9	9	0.01
L	820577952	820577952	1	9	9	0.01
L	2629462771	2629462771	1	9	9	0.01
L	2629419823	2629419823	1	9	9	0.01
L	2348077543	2348077543	1	9	9	0.01
L	2348064331	2348064331	1	9	9	0.01
L	2356613779	2356613779	1	9	9	0.01
L	5761153	5761153	1	9	9	0.01
L	5412175	5412175	1	9	9	0.01
L	613564689	613564689	1	9	9	0.01
L	613644544	613644544	1	9	9	0.01
L	619885762	619885762	1	9	9	0.01
L	631850148	631850148	1	9	9	0.01
L	446175945	446175945	1	9	9	0.01
L	10815962	10815962	1	9	9	0.01
L	10802148	10802148	1	9	9	0.01
L	2364155517	2364155517	1	9	9	0.01
L	2358489146	2358489146	1	9	9	0.01
L	2024589262	2024589262	1	9	9	0.01
L	2023900114	2023900114	1	9	9	0.01
L	460432045	460432045	1	9	9	0.01
L	1568428759	1568428759	1	9	9	0.01
L	2631349071	2631349071	1	9	9	0.01
L	621500679	621500679	1	9	9	0.01
L	2405115788	2405115788	1	9	9	0.01
L	622193483	622193483	1	9	9	0.01
L	626476470	626476470	1	9	9	0.01
L	627260708	627260708	1	9	9	0.01
L	627448212	627448212	1	9	9	0.01
L	631359262	631359262	1	9	9	0.01
L	444307259	444307259	1	9	9	0.01
L	1565682086	1565682086	1	9	9	0.01
L	1573927928	1573927928	1	9	9	0.01
L	1796228893	1796228893	1	9	9	0.01
L	2356725043	2356725043	1	9	9	0.01
L	2562917354	2562917354	1	10	10	0.01
L	367775974	367775974	1	10	10	0.01
L	2600400486	2600400486	1	10	10	0.01
L	2591654752	2591654752	1	10	10	0.01
L	822222942	822222942	1	10	10	0.01
L	2566510117	2566510117	1	10	10	0.01
L	2562125997	2562125997	1	10	10	0.01
L	2562100116	2562100116	1	10	10	0.01
L	205260838	205260838	1	10	10	0.01
L	204921115	204921115	1	10	10	0.01
L	2562754951	2562754951	1	10	10	0.01
L	2562775709	2562775709	1	10	10	0.01
L	1086152160	1086152160	1	10	10	0.01
L	207453708	207453708	1	10	10	0.01
L	1528121312	1528121312	1	10	10	0.01
L	1527765634	1527765634	1	10	10	0.01
L	204453324	204453324	1	10	10	0.01
L	2563359547	2563359547	1	10	10	0.01
L	2562824336	2562824336	1	10	10	0.01
L	1297655348	1297655348	1	10	10	0.01
L	2562905748	2562905748	1	10	10	0.01
L	2562910445	2562910445	1	10	10	0.01
L	1063002488	1063002488	1	10	10	0.01
L	2731018579	2731018579	1	10	10	0.01
L	1538444619	1538444619	1	10	10	0.01
L	1533501289	1533501289	1	10	10	0.01
L	1534141653	1534141653	1	10	10	0.01
L	1534627058	1534627058	1	10	10	0.01
L	1536740070	1536740070	1	10	10	0.01
L	648484336	648484336	1	10	10	0.01
L	648456373	648456373	1	10	10	0.01
L	648403955	648403955	1	10	10	0.01
L	646606577	646606577	1	10	10	0.01
L	646144871	646144871	1	10	10	0.01
L	1606552782	1606552782	1	10	10	0.01
L	1606483993	1606483993	1	10	10	0.01
L	1603881058	1603881058	1	10	10	0.01
L	1603302164	1603302164	1	10	10	0.01
L	1602356844	1602356844	1	10	10	0.01
L	821855350	821855350	1	10	10	0.01
L	633798437	633798437	1	10	10	0.01
L	633982487	633982487	1	10	10	0.01
L	637070450	637070450	1	10	10	0.01
L	637514294	637514294	1	10	10	0.01
L	2498445711	2498445711	1	10	10	0.01
L	2214505784	2214505784	1	10	10	0.01
L	2214377366	2214377366	1	10	10	0.01
L	1619522613	1619522613	1	10	10	0.01
L	1625023268	1625023268	1	10	10	0.01
L	1639380733	1639380733	1	10	10	0.01
L	1639771551	1639771551	1	10	10	0.01
L	1640130741	1640130741	1	10	10	0.01
L	1428500774	1428500774	1	10	10	0.01
L	1616513062	1616513062	1	10	10	0.01
L	1616305988	1616305988	1	10	10	0.01
L	1615424100	1615424100	1	10	10	0.01
L	1614040089	1614040089	1	10	10	0.01
L	1611229074	1611229074	1	10	10	0.01
L	1051430122	1051430122	1	10	10	0.01
L	2561478078	2561478078	1	10	10	0.01
L	2556890041	2556890041	1	10	10	0.01
L	1765424691	1765424691	1	10	10	0.01
L	821929832	821929832	1	10	10	0.01
L	821821298	821821298	1	10	10	0.01
L	1871128615	1871128615	1	10	10	0.01
L	821495102	821495102	1	10	10	0.01
L	821518328	821518328	1	10	10	0.01
L	1877413880	1877413880	1	10	10	0.01
L	1877354991	1877354991	1	10	10	0.01
L	1872704332	1872704332	1	10	10	0.01
L	2559835989	2559835989	1	10	10	0.01
L	1882280442	1882280442	1	10	10	0.01
L	1886902848	1886902848	1	10	10	0.01
L	1895004548	1895004548	1	10	10	0.01
L	1891398821	1891398821	1	10	10	0.01
L	1897237648	1897237648	1	10	10	0.01
L	1897210423	1897210423	1	10	10	0.01
L	1899755245	1899755245	1	10	10	0.01
L	1901891228	1901891228	1	10	10	0.01
L	1902271012	1902271012	1	10	10	0.01
L	1528638208	1528638208	1	10	10	0.01
L	2214080021	2214080021	1	10	10	0.01
L	2213784470	2213784470	1	10	10	0.01
L	2213524385	2213524385	1	10	10	0.01
L	1435492269	1435492269	1	10	10	0.01
L	1435419246	1435419246	1	10	10	0.01
L	1434675174	1434675174	1	10	10	0.01
L	2019186852	2019186852	1	10	10	0.01
L	2019223759	2019223759	1	10	10	0.01
L	1436868885	1436868885	1	10	10	0.01
L	2599834864	2599834864	1	10	10	0.01
L	2599528335	2599528335	1	10	10	0.01
L	1434478738	1434478738	1	10	10	0.01
L	1434544825	1434544825	1	10	10	0.01
L	1434537893	1434537893	1	10	10	0.01
L	1593775139	1593775139	1	10	10	0.01
L	1433946929	1433946929	1	10	10	0.01
L	1434117334	1434117334	1	10	10	0.01
L	1589655126	1589655126	1	10	10	0.01
L	1593460844	1593460844	1	10	10	0.01
L	1589513049	1589513049	1	10	10	0.01
L	1593617081	1593617081	1	10	10	0.01
L	2550197706	2550197706	1	10	10	0.01
L	38238028	38238028	1	10	10	0.01
L	38212243	38212243	1	10	10	0.01
L	35336758	35336758	1	10	10	0.01
L	34903554	34903554	1	10	10	0.01
L	27963315	27963315	1	10	10	0.01
L	630530958	630530958	1	10	10	0.01
L	1632469168	1632469168	1	10	10	0.01
L	1630538841	1630538841	1	10	10	0.01
L	1629278028	1629278028	1	10	10	0.01
L	1629184230	1629184230	1	10	10	0.01
L	1628320902	1628320902	1	10	10	0.01
L	1627640123	1627640123	1	10	10	0.01
L	1627092762	1627092762	1	10	10	0.01
L	2602317504	2602317504	1	10	10	0.01
L	366230111	366230111	1	10	10	0.01
L	1309900713	1309900713	1	10	10	0.01
L	1241449636	1241449636	1	11	11	0.01
L	1241633729	1241633729	1	11	11	0.01
L	471410957	471410957	1	11	11	0.01
L	1304321768	1304321768	1	11	11	0.01
L	1304340308	1304340308	1	11	11	0.01
L	489859448	489859448	1	11	11	0.01
L	489851737	489851737	1	11	11	0.01
L	488405479	488405479	1	11	11	0.01
L	1318419368	1318419368	1	11	11	0.01
L	1318170230	1318170230	1	11	11	0.01
L	2229995303	2229995303	1	11	11	0.01
L	2240052791	2240052791	1	11	11	0.01
L	50023840	50023840	1	11	11	0.01
L	49954526	49954526	1	11	11	0.01
L	2449905254	2449905254	1	11	11	0.01
L	1448737342	1448737342	1	11	11	0.01
L	821554304	821554304	1	11	11	0.01
L	1456395613	1456395613	1	11	11	0.01
L	1457020796	1457020796	1	11	11	0.01
L	1228252395	1228252395	1	11	11	0.01
L	1230111516	1230111516	1	11	11	0.01
L	2971325420	2971325420	1	11	11	0.01
L	1233199884	1233199884	1	11	11	0.01
L	42920716	42920716	1	11	11	0.01
L	1945549743	1945549743	1	11	11	0.01
L	43117669	43117669	1	11	11	0.01
L	44038205	44038205	1	11	11	0.01
L	44797951	44797951	1	11	11	0.01
L	46200435	46200435	1	11	11	0.01
L	48547354	48547354	1	11	11	0.01
L	48779247	48779247	1	11	11	0.01
L	48834887	48834887	1	11	11	0.01
L	49573060	49573060	1	11	11	0.01
L	1647227457	1647227457	1	11	11	0.01
L	1444515733	1444515733	1	11	11	0.01
L	1443509799	1443509799	1	11	11	0.01
L	1443418652	1443418652	1	11	11	0.01
L	1444538594	1444538594	1	11	11	0.01
L	1500309750	1500309750	1	11	11	0.01
L	2204709873	2204709873	1	11	11	0.01
L	2204885609	2204885609	1	11	11	0.01
L	2205020673	2205020673	1	11	11	0.01
L	2205312672	2205312672	1	11	11	0.01
L	2209126391	2209126391	1	11	11	0.01
L	2208225756	2208225756	1	11	11	0.01
L	2208046309	2208046309	1	11	11	0.01
L	953031199	953031199	1	11	11	0.01
L	953669866	953669866	1	11	11	0.01
L	955648698	955648698	1	11	11	0.01
L	957072947	957072947	1	11	11	0.01
L	958342364	958342364	1	11	11	0.01
L	2273671861	2273671861	1	11	11	0.01
L	2263217942	2263217942	1	11	11	0.01
L	2258195600	2258195600	1	11	11	0.01
L	2256599729	2256599729	1	11	11	0.01
L	2252101841	2252101841	1	11	11	0.01
L	185822771	185822771	1	11	11	0.01
L	2277948631	2277948631	1	11	11	0.01
L	2278447242	2278447242	1	11	11	0.01
L	537603214	537603214	1	11	11	0.01
L	2449294102	2449294102	1	11	11	0.01
L	2449243234	2449243234	1	11	11	0.01
L	1306051558	1306051558	1	11	11	0.01
L	1307317772	1307317772	1	11	11	0.01
L	1157024319	1157024319	1	11	11	0.01
L	1241945867	1241945867	1	11	11	0.01
L	1241857811	1241857811	1	11	11	0.01
L	1238588449	1238588449	1	11	11	0.01
L	1238553818	1238553818	1	11	11	0.01
L	42390851	42390851	1	11	11	0.01
L	42400986	42400986	1	11	11	0.01
L	1191641194	1191641194	1	11	11	0.01
L	2813593531	2813593531	1	11	11	0.01
L	911274956	911274956	1	11	11	0.01
L	495052278	495052278	1	11	11	0.01
L	1552475945	1552475945	1	12	12	0.01
L	369270947	369270947	1	12	12	0.01
L	2425083786	2425083786	1	12	12	0.01
L	358749008	358749008	1	12	12	0.01
L	73854102	73854102	1	12	12	0.01
L	299891514	299891514	1	12	12	0.01
L	1230686709	1230686709	1	12	12	0.01
L	2437224745	2437224745	1	12	12	0.01
L	62305737	62305737	1	12	12	0.01
L	61731681	61731681	1	12	12	0.01
L	53040008	53040008	1	12	12	0.01
L	60268437	60268437	1	12	12	0.01
L	60405997	60405997	1	12	12	0.01
L	60444515	60444515	1	12	12	0.01
L	51890564	51890564	1	12	12	0.01
L	312494874	312494874	1	12	12	0.01
L	311378980	311378980	1	12	12	0.01
L	308947994	308947994	1	12	12	0.01
L	600338217	600338217	1	12	12	0.01
L	308339853	308339853	1	12	12	0.01
L	307412835	307412835	1	12	12	0.01
L	307235698	307235698	1	12	12	0.01
L	306296626	306296626	1	12	12	0.01
L	300404649	300404649	1	12	12	0.01
L	300449702	300449702	1	12	12	0.01
L	300604645	300604645	1	12	12	0.01
L	300658455	300658455	1	12	12	0.01
L	302000848	302000848	1	12	12	0.01
L	2438536137	2438536137	1	12	12	0.01
L	287205375	287205375	1	12	12	0.01
L	75578300	75578300	1	12	12	0.01
L	1667592353	1667592353	1	12	12	0.01
L	1667471286	1667471286	1	12	12	0.01
L	67628834	67628834	1	12	12	0.01
L	81080992	81080992	1	12	12	0.01
L	72176871	72176871	1	12	12	0.01
L	99650546	99650546	1	12	12	0.01
L	66743120	66743120	1	12	12	0.01
L	1668098015	1668098015	1	12	12	0.01
L	1668366954	1668366954	1	12	12	0.01
L	72213672	72213672	1	12	12	0.01
L	1908139186	1908139186	1	12	12	0.01
L	68374640	68374640	1	12	12	0.01
L	103724240	103724240	1	12	12	0.01
L	104749758	104749758	1	12	12	0.01
L	2025628751	2025628751	1	12	12	0.01
L	2436687047	2436687047	1	12	12	0.01
L	137592805	137592805	1	12	12	0.01
L	144729327	144729327	1	12	12	0.01
L	276898919	276898919	1	12	12	0.01
L	280451901	280451901	1	12	12	0.01
L	280491529	280491529	1	12	12	0.01
L	135869140	135869140	1	12	12	0.01
L	2439759671	2439759671	1	12	12	0.01
L	2439337007	2439337007	1	12	12	0.01
L	84871050	84871050	1	12	12	0.01
L	84618208	84618208	1	12	12	0.01
L	85136493	85136493	1	12	12	0.01
L	2440961926	2440961926	1	12	12	0.01
L	134045758	134045758	1	12	12	0.01
L	84166379	84166379	1	12	12	0.01
L	81931142	81931142	1	12	12	0.01
L	2520588896	2520588896	1	13	13	0.01
L	1871871506	1871871506	1	13	13	0.01
L	822203404	822203404	1	13	13	0.01
L	199291611	199291611	1	13	13	0.01
L	821592520	821592520	1	13	13	0.01
L	1755642610	1755642610	1	13	13	0.01
L	1755711349	1755711349	1	13	13	0.01
L	1758874740	1758874740	1	13	13	0.01
L	1762364160	1762364160	1	13	13	0.01
L	1763963078	1763963078	1	13	13	0.01
L	1764035865	1764035865	1	13	13	0.01
L	207798887	207798887	1	13	13	0.01
L	208530769	208530769	1	13	13	0.01
L	217234811	217234811	1	13	13	0.01
L	217031687	217031687	1	13	13	0.01
L	216790109	216790109	1	13	13	0.01
L	216768436	216768436	1	13	13	0.01
L	216614980	216614980	1	13	13	0.01
L	209947373	209947373	1	13	13	0.01
L	209872412	209872412	1	13	13	0.01
L	2205334284	2205334284	1	13	13	0.01
L	2525246220	2525246220	1	13	13	0.01
L	2525200242	2525200242	1	13	13	0.01
L	2017501565	2017501565	1	13	13	0.01
L	1463445478	1463445478	1	13	13	0.01
L	2599930429	2599930429	1	13	13	0.01
L	2599950013	2599950013	1	13	13	0.01
L	2017171633	2017171633	1	13	13	0.01
L	2017408185	2017408185	1	13	13	0.01
L	2014554443	2014554443	1	13	13	0.01
L	198972663	198972663	1	13	13	0.01
L	199007558	199007558	1	13	13	0.01
L	2562859086	2562859086	1	13	13	0.01
L	2610190756	2610190756	1	13	13	0.01
L	2609848065	2609848065	1	13	13	0.01
L	2606396635	2606396635	1	13	13	0.01
L	2606432802	2606432802	1	13	13	0.01
L	2606460839	2606460839	1	13	13	0.01
L	2606485975	2606485975	1	13	13	0.01
L	2606851983	2606851983	1	13	13	0.01
L	2606893014	2606893014	1	13	13	0.01
L	2609068813	2609068813	1	13	13	0.01
L	2609115027	2609115027	1	13	13	0.01
L	2606109057	2606109057	1	13	13	0.01
L	2605495910	2605495910	1	13	13	0.01
L	2563536819	2563536819	1	13	13	0.01
L	2563638415	2563638415	1	13	13	0.01
L	2584654352	2584654352	1	13	13	0.01
L	218808716	218808716	1	13	13	0.01
L	218323369	218323369	1	13	13	0.01
L	2517355441	2517355441	1	13	13	0.01
L	1537722383	1537722383	1	13	13	0.01
L	1537643239	1537643239	1	13	13	0.01
L	2524362469	2524362469	1	13	13	0.01
L	385251276	385251276	1	13	13	0.01
L	385191290	385191290	1	13	13	0.01
L	385076477	385076477	1	13	13	0.01
L	384961336	384961336	1	13	13	0.01
L	2601415529	2601415529	1	13	13	0.01
L	2601299018	2601299018	1	13	13	0.01
L	392482508	392482508	1	13	13	0.01
L	1922262983	1922262983	1	13	13	0.01
L	2007672634	2007672634	1	13	13	0.01
L	1434345430	1434345430	1	13	13	0.01
L	1434288661	1434288661	1	13	13	0.01
L	1434249937	1434249937	1	13	13	0.01
L	1436277112	1436277112	1	13	13	0.01
L	2528042663	2528042663	1	13	13	0.01
L	2527958522	2527958522	1	13	13	0.01
L	2527441081	2527441081	1	13	13	0.01
L	2527357431	2527357431	1	13	13	0.01
L	821872890	821872890	1	13	13	0.01
L	1601888707	1601888707	1	13	13	0.01
L	1601109856	1601109856	1	13	13	0.01
L	1597431256	1597431256	1	13	13	0.01
L	1596182096	1596182096	1	13	13	0.01
L	1596149938	1596149938	1	13	13	0.01
L	1595757889	1595757889	1	13	13	0.01
L	1564100790	1564100790	1	13	13	0.01
L	1584836474	1584836474	1	13	13	0.01
L	1589425223	1589425223	1	13	13	0.01
L	2735533690	2735533690	1	13	13	0.01
L	1585847618	1585847618	1	13	13	0.01
L	1585954250	1585954250	1	13	13	0.01
L	2518414751	2518414751	1	13	13	0.01
L	939544878	939544878	1	13	13	0.01
L	1433551489	1433551489	1	13	13	0.01
L	1433524079	1433524079	1	13	13	0.01
L	385333068	385333068	1	13	13	0.01
L	388067303	388067303	1	13	13	0.01
L	371657212	371657212	1	13	13	0.01
L	371968663	371968663	1	13	13	0.01
L	372015569	372015569	1	13	13	0.01
L	376579041	376579041	1	13	13	0.01
L	380257452	380257452	1	13	13	0.01
L	380314220	380314220	1	13	13	0.01
L	380868353	380868353	1	13	13	0.01
L	2528094349	2528094349	1	13	13	0.01
L	1433413110	1433413110	1	13	13	0.01
L	1754965164	1754965164	1	13	13	0.01
L	1753476631	1753476631	1	13	13	0.01
L	1753007707	1753007707	1	13	13	0.01
L	1748408162	1748408162	1	13	13	0.01
L	1748149676	1748149676	1	13	13	0.01
L	1057852551	1057852551	1	13	13	0.01
L	1992875750	1992875750	1	14	14	0.01
L	1945620045	1945620045	1	14	14	0.01
L	1946523442	1946523442	1	14	14	0.01
L	1946264887	1946264887	1	14	14	0.01
L	1946213157	1946213157	1	14	14	0.01
L	1946085769	1946085769	1	14	14	0.01
L	356365418	356365418	1	14	14	0.01
L	356904512	356904512	1	14	14	0.01
L	357017392	357017392	1	14	14	0.01
L	357027005	357027005	1	14	14	0.01
L	357068748	357068748	1	14	14	0.01
L	1961887122	1961887122	1	14	14	0.01
L	1958677830	1958677830	1	14	14	0.01
L	1956853013	1956853013	1	14	14	0.01
L	1956800312	1956800312	1	14	14	0.01
L	1400730908	1400730908	1	14	14	0.01
L	356516020	356516020	1	14	14	0.01
L	356562807	356562807	1	14	14	0.01
L	357819298	357819298	1	14	14	0.01
L	357102898	357102898	1	14	14	0.01
L	358144703	358144703	1	14	14	0.01
L	358149503	358149503	1	14	14	0.01
L	356653353	356653353	1	14	14	0.01
L	358566317	358566317	1	14	14	0.01
L	357191861	357191861	1	14	14	0.01
L	1958431824	1958431824	1	14	14	0.01
L	1958750913	1958750913	1	14	14	0.01
L	1959676029	1959676029	1	14	14	0.01
L	1956582277	1956582277	1	14	14	0.01
L	1956634072	1956634072	1	14	14	0.01
L	1956936942	1956936942	1	14	14	0.01
L	355509144	355509144	1	14	14	0.01
L	1925460889	1925460889	1	14	14	0.01
L	1925691617	1925691617	1	14	14	0.01
L	1993941212	1993941212	1	14	14	0.01
L	1993930112	1993930112	1	14	14	0.01
L	1993826829	1993826829	1	14	14	0.01
L	1993787555	1993787555	1	14	14	0.01
L	1926751099	1926751099	1	14	14	0.01
L	1817161033	1817161033	1	14	14	0.01
L	1927412624	1927412624	1	14	14	0.01
L	1929445658	1929445658	1	14	14	0.01
L	1929666494	1929666494	1	14	14	0.01
L	1932175406	1932175406	1	14	14	0.01
L	1931507329	1931507329	1	14	14	0.01
L	1931070955	1931070955	1	14	14	0.01
L	1934327137	1934327137	1	14	14	0.01
L	1934091896	1934091896	1	14	14	0.01
L	1948910477	1948910477	1	14	14	0.01
L	2195416335	2195416335	1	14	14	0.01
L	2195331901	2195331901	1	14	14	0.01
L	2193818970	2193818970	1	14	14	0.01
L	2193681922	2193681922	1	14	14	0.01
L	2193340607	2193340607	1	14	14	0.01
L	2192876791	2192876791	1	14	14	0.01
L	2191229346	2191229346	1	14	14	0.01
L	2190954423	2190954423	1	14	14	0.01
L	528204233	528204233	1	14	14	0.01
L	1940823498	1940823498	1	14	14	0.01
L	1949335646	1949335646	1	14	14	0.01
L	1949441472	1949441472	1	14	14	0.01
L	1949565153	1949565153	1	14	14	0.01
L	1950101406	1950101406	1	14	14	0.01
L	1950278975	1950278975	1	14	14	0.01
L	1965948102	1965948102	1	14	14	0.01
L	1965805551	1965805551	1	14	14	0.01
L	1963806980	1963806980	1	14	14	0.01
L	1963825178	1963825178	1	14	14	0.01
L	1964482929	1964482929	1	14	14	0.01
L	1986997894	1986997894	1	14	14	0.01
L	1965997809	1965997809	1	14	14	0.01
L	1965991887	1965991887	1	14	14	0.01
L	1953765189	1953765189	1	14	14	0.01
L	1995210921	1995210921	1	14	14	0.01
L	1985870594	1985870594	1	14	14	0.01
L	1965487038	1965487038	1	14	14	0.01
L	1960720240	1960720240	1	14	14	0.01
L	2076436309	2076436309	1	14	14	0.01
L	1966310298	1966310298	1	14	14	0.01
L	1966096115	1966096115	1	14	14	0.01
L	1962835365	1962835365	1	14	14	0.01
L	1963108462	1963108462	1	14	14	0.01
L	1963159889	1963159889	1	14	14	0.01
L	1963468091	1963468091	1	14	14	0.01
L	1982423162	1982423162	1	14	14	0.01
L	1982636694	1982636694	1	14	14	0.01
L	1984416404	1984416404	1	14	14	0.01
L	1984293224	1984293224	1	14	14	0.01
L	1983449778	1983449778	1	14	14	0.01
L	1983355621	1983355621	1	14	14	0.01
L	1982800314	1982800314	1	14	14	0.01
L	1952943746	1952943746	1	14	14	0.01
L	188523260	188523260	1	15	15	0.01
L	559151319	559151319	1	15	15	0.01
L	559304942	559304942	1	15	15	0.01
L	559832052	559832052	1	15	15	0.01
L	559936495	559936495	1	15	15	0.01
L	157970276	157970276	1	15	15	0.01
L	157994719	157994719	1	15	15	0.01
L	162764356	162764356	1	15	15	0.01
L	162890825	162890825	1	15	15	0.01
L	162913100	162913100	1	15	15	0.01
L	189576425	189576425	1	15	15	0.01
L	184324018	184324018	1	15	15	0.01
L	184211784	184211784	1	15	15	0.01
L	328434207	328434207	1	15	15	0.01
L	184160083	184160083	1	15	15	0.01
L	730483119	730483119	1	15	15	0.01
L	730530348	730530348	1	15	15	0.01
L	730577827	730577827	1	15	15	0.01
L	730675327	730675327	1	15	15	0.01
L	730717052	730717052	1	15	15	0.01
L	730777480	730777480	1	15	15	0.01
L	177114587	177114587	1	15	15	0.01
L	177505397	177505397	1	15	15	0.01
L	171582930	171582930	1	15	15	0.01
L	171519081	171519081	1	15	15	0.01
L	173933526	173933526	1	15	15	0.01
L	173179825	173179825	1	15	15	0.01
L	170374990	170374990	1	15	15	0.01
L	185731693	185731693	1	15	15	0.01
L	185775218	185775218	1	15	15	0.01
L	721271618	721271618	1	15	15	0.01
L	721595831	721595831	1	15	15	0.01
L	722169761	722169761	1	15	15	0.01
L	722275289	722275289	1	15	15	0.01
L	724465118	724465118	1	15	15	0.01
L	182413784	182413784	1	15	15	0.01
L	1374027350	1374027350	1	15	15	0.01
L	182530361	182530361	1	15	15	0.01
L	182512598	182512598	1	15	15	0.01
L	182475167	182475167	1	15	15	0.01
L	177534538	177534538	1	15	15	0.01
L	731572821	731572821	1	15	15	0.01
L	731599134	731599134	1	15	15	0.01
L	726248768	726248768	1	15	15	0.01
L	716753804	716753804	1	15	15	0.01
L	739485506	739485506	1	15	15	0.01
L	732507105	732507105	1	15	15	0.01
L	732219765	732219765	1	15	15	0.01
L	731924592	731924592	1	15	15	0.01
L	742047405	742047405	1	15	15	0.01
L	743587227	743587227	1	15	15	0.01
L	2328948685	2328948685	1	15	15	0.01
L	741538977	741538977	1	15	15	0.01
L	741528967	741528967	1	15	15	0.01
L	741414550	741414550	1	15	15	0.01
L	742515098	742515098	1	15	15	0.01
L	742705878	742705878	1	15	15	0.01
L	742752911	742752911	1	15	15	0.01
L	741739555	741739555	1	15	15	0.01
L	741763928	741763928	1	15	15	0.01
L	725864890	725864890	1	15	15	0.01
L	742758505	742758505	1	15	15	0.01
L	729645135	729645135	1	15	15	0.01
L	729922397	729922397	1	15	15	0.01
L	730018843	730018843	1	15	15	0.01
L	730035115	730035115	1	15	15	0.01
L	1522381260	1522381260	1	15	15	0.01
L	1513964261	1513964261	1	15	15	0.01
L	743291604	743291604	1	15	15	0.01
L	743347520	743347520	1	15	15	0.01
L	743386099	743386099	1	15	15	0.01
L	566354981	566354981	1	15	15	0.01
L	908435162	908435162	1	15	15	0.01
L	908319783	908319783	1	15	15	0.01
L	907718175	907718175	1	15	15	0.01
L	907592335	907592335	1	15	15	0.01
L	906133497	906133497	1	15	15	0.01
L	589605231	589605231	1	15	15	0.01
L	600878214	600878214	1	15	15	0.01
L	599491142	599491142	1	15	15	0.01
L	593951486	593951486	1	15	15	0.01
L	593844427	593844427	1	15	15	0.01
L	593256879	593256879	1	15	15	0.01
L	487860096	487860096	1	15	15	0.01
L	602173687	602173687	1	15	15	0.01
L	602207863	602207863	1	15	15	0.01
L	556567746	556567746	1	15	15	0.01
L	2657370142	2657370142	1	16	16	0.01
L	2687404640	2687404640	1	16	16	0.01
L	1769488836	1769488836	1	16	16	0.01
L	1790147929	1790147929	1	16	16	0.01
L	2066388738	2066388738	1	16	16	0.01
L	2066477899	2066477899	1	16	16	0.01
L	2067144172	2067144172	1	16	16	0.01
L	2067506611	2067506611	1	16	16	0.01
L	2657299032	2657299032	1	16	16	0.01
L	2066247733	2066247733	1	16	16	0.01
L	2396104831	2396104831	1	16	16	0.01
L	2510112118	2510112118	1	16	16	0.01
L	2065252159	2065252159	1	16	16	0.01
L	2065212803	2065212803	1	16	16	0.01
L	2065070932	2065070932	1	16	16	0.01
L	2688959880	2688959880	1	16	16	0.01
L	2687815613	2687815613	1	16	16	0.01
L	2687593349	2687593349	1	16	16	0.01
L	2540639279	2540639279	1	16	16	0.01
L	1778133062	1778133062	1	16	16	0.01
L	1778174982	1778174982	1	16	16	0.01
L	1778410366	1778410366	1	16	16	0.01
L	1778465186	1778465186	1	16	16	0.01
L	2066362736	2066362736	1	16	16	0.01
L	1787431514	1787431514	1	16	16	0.01
L	1775008744	1775008744	1	16	16	0.01
L	1781535987	1781535987	1	16	16	0.01
L	1785796653	1785796653	1	16	16	0.01
L	1785824814	1785824814	1	16	16	0.01
L	2661473944	2661473944	1	16	16	0.01
L	2686718089	2686718089	1	16	16	0.01
L	1794771683	1794771683	1	16	16	0.01
L	2659700504	2659700504	1	16	16	0.01
L	2659760618	2659760618	1	16	16	0.01
L	2659771497	2659771497	1	16	16	0.01
L	2659793320	2659793320	1	16	16	0.01
L	1789696785	1789696785	1	16	16	0.01
L	2661862090	2661862090	1	16	16	0.01
L	2658096537	2658096537	1	16	16	0.01
L	1747763630	1747763630	1	16	16	0.01
L	1780978038	1780978038	1	16	16	0.01
L	1780961547	1780961547	1	16	16	0.01
L	1794706184	1794706184	1	16	16	0.01
L	2908681872	2908681872	1	17	17	0.01
L	2850964308	2850964308	1	17	17	0.01
L	2850460502	2850460502	1	17	17	0.01
L	2833934277	2833934277	1	17	17	0.01
L	2833788853	2833788853	1	17	17	0.01
L	2832316547	2832316547	1	17	17	0.01
L	2832152463	2832152463	1	17	17	0.01
L	2945808589	2945808589	1	17	17	0.01
L	2870227156	2870227156	1	17	17	0.01
L	2866043443	2866043443	1	17	17	0.01
L	2863342877	2863342877	1	17	17	0.01
L	49781388	49781388	1	17	17	0.01
L	2911280933	2911280933	1	17	17	0.01
L	2845445194	2845445194	1	17	17	0.01
L	2348045568	2348045568	1	17	17	0.01
L	1227123986	1227123986	1	17	17	0.01
L	1703991263	1703991263	1	17	17	0.01
L	953169520	953169520	1	17	17	0.01
L	2873148441	2873148441	1	17	17	0.01
L	2799588100	2799588100	1	17	17	0.01
L	62588904	62588904	1	17	17	0.01
L	2949089871	2949089871	1	17	17	0.01
L	2942704338	2942704338	1	17	17	0.01
L	2905564484	2905564484	1	17	17	0.01
L	2905689314	2905689314	1	17	17	0.01
L	2902624573	2902624573	1	17	17	0.01
L	927562273	927562273	1	17	17	0.01
L	2899222223	2899222223	1	17	17	0.01
L	2898643883	2898643883	1	17	17	0.01
L	953720828	953720828	1	17	17	0.01
L	35378479	35378479	1	17	17	0.01
L	2546195619	2546195619	1	18	18	0.01
L	2545921907	2545921907	1	18	18	0.01
L	2488227299	2488227299	1	18	18	0.01
L	2495358971	2495358971	1	18	18	0.01
L	2495222124	2495222124	1	18	18	0.01
L	2503102520	2503102520	1	18	18	0.01
L	2505267234	2505267234	1	18	18	0.01
L	2505417510	2505417510	1	18	18	0.01
L	2507982675	2507982675	1	18	18	0.01
L	2506300739	2506300739	1	18	18	0.01
L	2510214691	2510214691	1	18	18	0.01
L	2503038041	2503038041	1	18	18	0.01
L	2465707436	2465707436	1	18	18	0.01
L	2502058809	2502058809	1	18	18	0.01
L	2498208864	2498208864	1	18	18	0.01
L	538386375	538386375	1	18	18	0.01
L	358753204	358753204	1	18	18	0.01
L	2463952801	2463952801	1	18	18	0.01
L	2464007719	2464007719	1	18	18	0.01
L	2464157106	2464157106	1	18	18	0.01
L	2463464301	2463464301	1	18	18	0.01
L	2462720148	2462720148	1	18	18	0.01
L	2462652204	2462652204	1	18	18	0.01
L	2462571726	2462571726	1	18	18	0.01
L	2462469400	2462469400	1	18	18	0.01
L	2210816667	2210816667	1	18	18	0.01
L	2210439544	2210439544	1	18	18	0.01
L	2911680226	2911680226	1	18	18	0.01
L	2805676761	2805676761	1	18	18	0.01
L	2225082659	2225082659	1	18	18	0.01
L	2225123814	2225123814	1	18	18	0.01
L	2225582267	2225582267	1	18	18	0.01
L	2225884134	2225884134	1	18	18	0.01
L	2226052219	2226052219	1	18	18	0.01
L	2227093073	2227093073	1	18	18	0.01
L	2228754467	2228754467	1	18	18	0.01
L	2148016712	2148016712	1	18	18	0.01
L	2976447865	2976447865	1	18	18	0.01
L	2969038182	2969038182	1	18	18	0.01
L	1307842464	1307842464	1	18	18	0.01
L	1308084411	1308084411	1	18	18	0.01
L	542213291	542213291	1	18	18	0.01
L	186158295	186158295	1	18	18	0.01
L	2450397851	2450397851	1	18	18	0.01
L	2804781652	2804781652	1	18	18	0.01
L	2802135360	2802135360	1	18	18	0.01
L	187204722	187204722	1	18	18	0.01
L	2896530233	2896530233	1	18	18	0.01
L	2498299669	2498299669	1	18	18	0.01
L	2498237189	2498237189	1	18	18	0.01
L	2897315117	2897315117	1	18	18	0.01
L	2443137057	2443137057	1	18	18	0.01
L	2448929329	2448929329	1	18	18	0.01
L	2448959833	2448959833	1	18	18	0.01
L	2449922177	2449922177	1	18	18	0.01
L	2969210464	2969210464	1	18	18	0.01
L	2969341292	2969341292	1	18	18	0.01
L	2979180935	2979180935	1	18	18	0.01
L	2979054819	2979054819	1	18	18	0.01
L	2978793659	2978793659	1	18	18	0.01
L	2977409047	2977409047	1	18	18	0.01
L	2454743462	2454743462	1	18	18	0.01
L	2450961347	2450961347	1	18	18	0.01
L	2442735144	2442735144	1	18	18	0.01
L	2442623685	2442623685	1	18	18	0.01
L	1789195811	1789195811	1	18	18	0.01
L	2441764609	2441764609	1	18	18	0.01
L	2441801299	2441801299	1	18	18	0.01
L	2440101424	2440101424	1	18	18	0.01
L	2442925206	2442925206	1	18	18	0.01
L	541059001	541059001	1	18	18	0.01
L	540225143	540225143	1	18	18	0.01
L	541305366	541305366	1	18	18	0.01
L	104974602	104974602	1	19	19	0.01
L	99120163	99120163	1	19	19	0.01
L	1551357471	1551357471	1	19	19	0.01
L	1549337513	1549337513	1	19	19	0.01
L	89307676	89307676	1	19	19	0.01
L	90887165	90887165	1	19	19	0.01
L	1684222116	1684222116	1	19	19	0.01
L	506029242	506029242	1	19	19	0.01
L	506064043	506064043	1	19	19	0.01
L	506840734	506840734	1	19	19	0.01
L	513515604	513515604	1	19	19	0.01
L	502089806	502089806	1	19	19	0.01
L	501907864	501907864	1	19	19	0.01
L	500330017	500330017	1	19	19	0.01
L	500292585	500292585	1	19	19	0.01
L	500238941	500238941	1	19	19	0.01
L	464484159	464484159	1	19	19	0.01
L	464933110	464933110	1	19	19	0.01
L	98061796	98061796	1	19	19	0.01
L	2433857627	2433857627	1	19	19	0.01
L	98746733	98746733	1	19	19	0.01
L	97623803	97623803	1	19	19	0.01
L	1554069930	1554069930	1	19	19	0.01
L	2654472287	2654472287	1	19	19	0.01
L	2422053037	2422053037	1	19	19	0.01
L	2435767494	2435767494	1	19	19	0.01
L	888738854	888738854	1	19	19	0.01
L	105645003	105645003	1	19	19	0.01
L	2654199528	2654199528	1	19	19	0.01
L	551278451	551278451	1	19	19	0.01
L	105719188	105719188	1	19	19	0.01
L	105767004	105767004	1	19	19	0.01
L	2435600633	2435600633	1	19	19	0.01
L	2435583100	2435583100	1	19	19	0.01
L	106275959	106275959	1	19	19	0.01
L	106313016	106313016	1	19	19	0.01
L	2435751477	2435751477	1	19	19	0.01
L	2429449098	2429449098	1	19	19	0.01
L	2422455578	2422455578	1	19	19	0.01
L	462730679	462730679	1	19	19	0.01
L	496961512	496961512	1	19	19	0.01
L	493150231	493150231	1	19	19	0.01
L	450497307	450497307	1	19	19	0.01
L	1548559435	1548559435	1	19	19	0.01
L	95222866	95222866	1	19	19	0.01
L	1549200749	1549200749	1	19	19	0.01
L	90393741	90393741	1	19	19	0.01
L	93299290	93299290	1	19	19	0.01
L	2435351520	2435351520	1	19	19	0.01
L	2436639658	2436639658	1	19	19	0.01
L	97558523	97558523	1	19	19	0.01
L	105303812	105303812	1	19	19	0.01
L	466137810	466137810	1	19	19	0.01
L	462539584	462539584	1	19	19	0.01
L	2764417103	2764417103	1	20	20	0.01
L	2764862896	2764862896	1	20	20	0.01
L	2764182148	2764182148	1	20	20	0.01
L	2763141951	2763141951	1	20	20	0.01
L	2762751766	2762751766	1	20	20	0.01
L	1286739225	1286739225	1	20	20	0.01
L	2190328459	2190328459	1	20	20	0.01
L	1283954625	1283954625	1	20	20	0.01
L	1279734764	1279734764	1	20	20	0.01
L	1279704740	1279704740	1	20	20	0.01
L	1279649031	1279649031	1	20	20	0.01
L	1278731170	1278731170	1	20	20	0.01
L	1277295481	1277295481	1	20	20	0.01
L	1277080719	1277080719	1	20	20	0.01
L	1610277346	1610277346	1	20	20	0.01
L	1275064725	1275064725	1	20	20	0.01
L	1273854475	1273854475	1	20	20	0.01
L	2783569392	2783569392	1	20	20	0.01
L	2784726744	2784726744	1	20	20	0.01
L	2784963909	2784963909	1	20	20	0.01
L	2784985642	2784985642	1	20	20	0.01
L	2785182448	2785182448	1	20	20	0.01
L	2785260168	2785260168	1	20	20	0.01
L	2785398880	2785398880	1	20	20	0.01
L	2786010131	2786010131	1	20	20	0.01
L	2787699143	2787699143	1	20	20	0.01
L	2788012190	2788012190	1	20	20	0.01
L	2788790831	2788790831	1	20	20	0.01
L	2789496228	2789496228	1	20	20	0.01
L	2789759812	2789759812	1	20	20	0.01
L	2782083790	2782083790	1	20	20	0.01
L	2781564422	2781564422	1	20	20	0.01
L	2781395757	2781395757	1	20	20	0.01
L	2780955128	2780955128	1	20	20	0.01
L	2775210885	2775210885	1	20	20	0.01
L	1371360576	1371360576	1	20	20	0.01
L	2771907995	2771907995	1	20	20	0.01
L	2771906373	2771906373	1	20	20	0.01
L	2773448158	2773448158	1	20	20	0.01
L	2773482963	2773482963	1	20	20	0.01
L	2773814783	2773814783	1	20	20	0.01
L	2770717526	2770717526	1	20	20	0.01
L	2770468504	2770468504	1	20	20	0.01
L	2768437812	2768437812	1	20	20	0.01
L	2768552668	2768552668	1	20	20	0.01
L	2768695017	2768695017	1	20	20	0.01
L	2769324305	2769324305	1	20	20	0.01
L	2772752165	2772752165	1	20	20	0.01
L	2772526296	2772526296	1	20	20	0.01
L	2772535177	2772535177	1	20	20	0.01
L	2774271251	2774271251	1	20	20	0.01
L	2775002007	2775002007	1	20	20	0.01
L	2774734415	2774734415	1	20	20	0.01
L	2774205339	2774205339	1	20	20	0.01
L	1576230930	1576230930	1	20	20	0.01
L	2768345639	2768345639	1	20	20	0.01
L	1031902604	1031902604	1	20	20	0.01
L	1652573132	1652573132	1	20	20	0.01
L	1652647986	1652647986	1	20	20	0.01
L	2757154708	2757154708	1	20	20	0.01
L	2759564716	2759564716	1	20	20	0.01
L	1652149873	1652149873	1	20	20	0.01
L	1652120026	1652120026	1	20	20	0.01
L	1651710137	1651710137	1	20	20	0.01
L	1651915146	1651915146	1	20	20	0.01
L	2765023684	2765023684	1	20	20	0.01
L	2534312511	2534312511	1	20	20	0.01
L	2173823064	2173823064	1	21	21	0.01
L	2173766464	2173766464	1	21	21	0.01
L	2073621919	2073621919	1	21	21	0.01
L	2170951722	2170951722	1	21	21	0.01
L	2170484744	2170484744	1	21	21	0.01
L	2170025996	2170025996	1	21	21	0.01
L	2149064703	2149064703	1	21	21	0.01
L	2149365278	2149365278	1	21	21	0.01
L	2155617291	2155617291	1	21	21	0.01
L	2155802019	2155802019	1	21	21	0.01
L	1065759225	1065759225	1	21	21	0.01
L	1066337108	1066337108	1	21	21	0.01
L	1068596609	1068596609	1	21	21	0.01
L	1068626719	1068626719	1	21	21	0.01
L	1068740268	1068740268	1	21	21	0.01
L	1072547964	1072547964	1	21	21	0.01
L	1079539786	1079539786	1	21	21	0.01
L	1079552334	1079552334	1	21	21	0.01
L	1561508424	1561508424	1	21	21	0.01
L	1086209642	1086209642	1	21	21	0.01
L	1063079019	1063079019	1	21	21	0.01
L	1086652877	1086652877	1	21	21	0.01
L	1562357653	1562357653	1	21	21	0.01
L	1562350395	1562350395	1	21	21	0.01
L	1560295891	1560295891	1	21	21	0.01
L	1562048649	1562048649	1	21	21	0.01
L	1561493718	1561493718	1	21	21	0.01
L	1089819914	1089819914	1	21	21	0.01
L	1562937284	1562937284	1	21	21	0.01
L	1562662481	1562662481	1	21	21	0.01
L	1060915668	1060915668	1	21	21	0.01
L	1062226360	1062226360	1	21	21	0.01
L	1058367583	1058367583	1	21	21	0.01
L	1059273456	1059273456	1	21	21	0.01
L	1059293888	1059293888	1	21	21	0.01
L	1058174937	1058174937	1	21	21	0.01
L	1562666959	1562666959	1	21	21	0.01
L	1562670402	1562670402	1	21	21	0.01
L	1561259283	1561259283	1	21	21	0.01
L	1561276019	1561276019	1	21	21	0.01
L	1087203969	1087203969	1	21	21	0.01
L	1559930914	1559930914	1	21	21	0.01
L	1561965760	1561965760	1	21	21	0.01
L	1561906398	1561906398	1	21	21	0.01
L	1086868753	1086868753	1	21	21	0.01
L	1086718148	1086718148	1	21	21	0.01
L	1563255526	1563255526	1	21	21	0.01
L	1086969927	1086969927	1	21	21	0.01
L	1086993624	1086993624	1	21	21	0.01
L	1058066821	1058066821	1	21	21	0.01
L	1089486056	1089486056	1	21	21	0.01
L	1088870335	1088870335	1	21	21	0.01
L	1021296484	1021296484	1	21	21	0.01
L	2059602996	2059602996	1	21	21	0.01
L	1563222095	1563222095	1	21	21	0.01
L	2175131760	2175131760	1	21	21	0.01
L	2175078448	2175078448	1	21	21	0.01
L	2174882182	2174882182	1	21	21	0.01
L	251959235	251959235	1	21	21	0.01
L	1429157797	1429157797	1	22	22	0.01
L	1431954012	1431954012	1	22	22	0.01
L	1430751192	1430751192	1	22	22	0.01
L	1413905538	1413905538	1	22	22	0.01
L	1414145119	1414145119	1	22	22	0.01
L	1414317940	1414317940	1	22	22	0.01
L	1417654185	1417654185	1	22	22	0.01
L	2293219322	2293219322	1	22	22	0.01
L	1430810285	1430810285	1	22	22	0.01
L	1431030412	1431030412	1	22	22	0.01
L	1431232048	1431232048	1	22	22	0.01
L	1431619270	1431619270	1	22	22	0.01
L	1432817669	1432817669	1	22	22	0.01
L	1432698206	1432698206	1	22	22	0.01
L	1432262768	1432262768	1	22	22	0.01
L	1431752813	1431752813	1	22	22	0.01
L	1431800554	1431800554	1	22	22	0.01
L	1431904603	1431904603	1	22	22	0.01
L	2452565534	2452565534	1	22	22	0.01
L	1417334656	1417334656	1	22	22	0.01
L	1414723656	1414723656	1	22	22	0.01
L	1414319859	1414319859	1	22	22	0.01
L	1417203885	1417203885	1	22	22	0.01
L	1419832495	1419832495	1	22	22	0.01
L	1419894219	1419894219	1	22	22	0.01
L	1414922751	1414922751	1	22	22	0.01
L	1417152127	1417152127	1	22	22	0.01
L	1432669486	1432669486	1	22	22	0.01
L	1425774662	1425774662	1	22	22	0.01
L	1426016996	1426016996	1	22	22	0.01
L	1426493101	1426493101	1	22	22	0.01
L	1428309305	1428309305	1	22	22	0.01
L	1428613455	1428613455	1	22	22	0.01
L	1428779748	1428779748	1	22	22	0.01
L	1428841814	1428841814	1	22	22	0.01
L	1430239701	1430239701	1	22	22	0.01
L	1429833041	1429833041	1	22	22	0.01
L	1429653862	1429653862	1	22	22	0.01
L	1425531378	1425531378	1	22	22	0.01
L	1425506843	1425506843	1	22	22	0.01
L	1422669933	1422669933	1	22	22	0.01
L	1422462160	1422462160	1	22	22	0.01
L	1411251378	1411251378	1	22	22	0.01
L	1411590444	1411590444	1	22	22	0.01
L	1166959429	1166959429	1	22	22	0.01
L	1166910257	1166910257	1	22	22	0.01
L	2879868875	2879868875	1	22	22	0.01
L	1400506043	1400506043	1	22	22	0.01
L	1400466997	1400466997	1	22	22	0.01
L	1428513604	1428513604	1	22	22	0.01
L	1417914314	1417914314	1	22	22	0.01
L	1401478668	1401478668	1	22	22	0.01
L	1418664316	1418664316	1	22	22	0.01
L	1418623620	1418623620	1	22	22	0.01
L	1418582704	1418582704	1	22	22	0.01
L	408777107	408777107	1	22	22	0.01
L	1412368290	1412368290	1	22	22	0.01
L	1399576604	1399576604	1	22	22	0.01
L	1399611715	1399611715	1	22	22	0.01
L	1401385370	1401385370	1	22	22	0.01
L	1400761326	1400761326	1	22	22	0.01
L	1413359239	1413359239	1	22	22	0.01
L	1418912350	1418912350	1	22	22	0.01
L	1413372219	1413372219	1	22	22	0.01
L	1412285672	1412285672	1	22	22	0.01
L	1412253795	1412253795	1	22	22	0.01
L	1412291824	1412291824	1	22	22	0.01
L	1428438159	1428438159	1	22	22	0.01
L	1419189476	1419189476	1	22	22	0.01
L	1401044042	1401044042	1	22	22	0.01
L	1399972397	1399972397	1	22	22	0.01
L	1400186602	1400186602	1	22	22	0.01
L	1400289971	1400289971	1	22	22	0.01
L	1412996712	1412996712	1	22	22	0.01
L	1412955688	1412955688	1	22	22	0.01
L	1413149411	1413149411	1	22	22	0.01
L	1413142569	1413142569	1	22	22	0.01
L	1396588553	1396588553	1	22	22	0.01
L	1396276225	1396276225	1	22	22	0.01
L	1393007183	1393007183	1	22	22	0.01
L	1392892186	1392892186	1	22	22	0.01
L	1392870459	1392870459	1	22	22	0.01
L	1391426721	1391426721	1	22	22	0.01
L	1391176870	1391176870	1	22	22	0.01
L	1389628848	1389628848	1	22	22	0.01
L	1171580737	1171580737	1	22	22	0.01
L	1168762496	1168762496	1	22	22	0.01
L	1171238931	1171238931	1	22	22	0.01
L	974236890	974236890	1	23	23	0.01
L	973998221	973998221	1	23	23	0.01
L	1912926769	1912926769	1	23	23	0.01
L	1125172753	1125172753	1	23	23	0.01
L	1111378958	1111378958	1	23	23	0.01
L	1111335013	1111335013	1	23	23	0.01
L	1111120598	1111120598	1	23	23	0.01
L	1678295904	1678295904	1	23	23	0.01
L	2376004360	2376004360	1	23	23	0.01
L	1104009881	1104009881	1	23	23	0.01
L	1104060427	1104060427	1	23	23	0.01
L	1003401833	1003401833	1	23	23	0.01
L	1004249914	1004249914	1	23	23	0.01
L	1094429774	1094429774	1	23	23	0.01
L	2417701177	2417701177	1	23	23	0.01
L	2377592636	2377592636	1	23	23	0.01
L	1067523207	1067523207	1	23	23	0.01
L	2376879775	2376879775	1	23	23	0.01
L	2376604843	2376604843	1	23	23	0.01
L	2376029507	2376029507	1	23	23	0.01
L	984703471	984703471	1	23	23	0.01
L	985854685	985854685	1	23	23	0.01
L	986259303	986259303	1	23	23	0.01
L	665364209	665364209	1	23	23	0.01
L	2378565018	2378565018	1	23	23	0.01
L	1127553782	1127553782	1	23	23	0.01
L	1001607890	1001607890	1	23	23	0.01
L	2585433978	2585433978	1	23	23	0.01
L	998082837	998082837	1	23	23	0.01
L	1094899408	1094899408	1	23	23	0.01
L	2855165874	2855165874	1	23	23	0.01
L	1678125850	1678125850	1	23	23	0.01
L	1676880233	1676880233	1	23	23	0.01
L	1676710078	1676710078	1	23	23	0.01
L	1681383446	1681383446	1	23	23	0.01
L	1682185456	1682185456	1	23	23	0.01
L	1124719307	1124719307	1	23	23	0.01
L	1681302725	1681302725	1	23	23	0.01
L	1680705087	1680705087	1	23	23	0.01
L	1680377766	1680377766	1	23	23	0.01
L	1682395938	1682395938	1	23	23	0.01
L	1707700528	1707700528	1	23	23	0.01
L	1694640657	1694640657	1	23	23	0.01
L	1674476618	1674476618	1	23	23	0.01
L	1331156229	1331156229	1	23	23	0.01
L	1675086621	1675086621	1	23	23	0.01
L	1718767650	1718767650	1	23	23	0.01
L	1719154370	1719154370	1	23	23	0.01
L	1720190468	1720190468	1	23	23	0.01
L	1724600261	1724600261	1	23	23	0.01
L	1713641189	1713641189	1	23	23	0.01
L	1713448287	1713448287	1	23	23	0.01
L	1700683040	1700683040	1	23	23	0.01
L	1700753208	1700753208	1	23	23	0.01
L	1718231526	1718231526	1	23	23	0.01
L	1717844652	1717844652	1	23	23	0.01
L	1714690748	1714690748	1	23	23	0.01
L	1714247613	1714247613	1	23	23	0.01
L	1714230828	1714230828	1	23	23	0.01
L	983814600	983814600	1	23	23	0.01
L	1287826155	1287826155	1	24	24	0.01
L	1288328178	1288328178	1	24	24	0.01
L	1288250652	1288250652	1	24	24	0.01
L	346428795	346428795	1	24	24	0.01
L	345814506	345814506	1	24	24	0.01
L	1184606816	1184606816	1	24	24	0.01
L	1292427397	1292427397	1	24	24	0.01
L	1292026643	1292026643	1	24	24	0.01
L	326247013	326247013	1	24	24	0.01
L	339998746	339998746	1	24	24	0.01
L	24375010	24375010	1	24	24	0.01
L	341344124	341344124	1	24	24	0.01
L	341558208	341558208	1	24	24	0.01
L	1255183457	1255183457	1	24	24	0.01
L	1254031308	1254031308	1	24	24	0.01
L	1253857702	1253857702	1	24	24	0.01
L	1141919490	1141919490	1	24	24	0.01
L	1288214281	1288214281	1	24	24	0.01
L	327976871	327976871	1	24	24	0.01
L	328340425	328340425	1	24	24	0.01
L	336643286	336643286	1	24	24	0.01
L	336657253	336657253	1	24	24	0.01
L	324492396	324492396	1	24	24	0.01
L	324498617	324498617	1	24	24	0.01
L	339014255	339014255	1	24	24	0.01
L	1288993139	1288993139	1	24	24	0.01
L	1180569049	1180569049	1	24	24	0.01
L	1288454601	1288454601	1	24	24	0.01
L	1288435494	1288435494	1	24	24	0.01
L	1181537910	1181537910	1	24	24	0.01
L	1181472771	1181472771	1	24	24	0.01
L	1287925702	1287925702	1	24	24	0.01
L	2732811621	2732811621	1	24	24	0.01
L	2732866276	2732866276	1	24	24	0.01
L	1859759435	1859759435	1	24	24	0.01
L	2732927998	2732927998	1	24	24	0.01
L	1181255664	1181255664	1	24	24	0.01
L	1181210004	1181210004	1	24	24	0.01
L	1181128390	1181128390	1	24	24	0.01
L	1288094564	1288094564	1	24	24	0.01
L	1290796845	1290796845	1	24	24	0.01
L	1181569687	1181569687	1	24	24	0.01
L	2724606256	2724606256	1	24	24	0.01
L	1504780734	1504780734	1	24	24	0.01
L	1288144027	1288144027	1	24	24	0.01
L	325365661	325365661	1	24	24	0.01
L	336688140	336688140	1	24	24	0.01
L	336934403	336934403	1	24	24	0.01
L	324235993	324235993	1	24	24	0.01
L	1288553138	1288553138	1	24	24	0.01
L	324639814	324639814	1	24	24	0.01
L	326157894	326157894	1	24	24	0.01
L	324310832	324310832	1	24	24	0.01
L	1258021080	1258021080	1	24	24	0.01
L	1257642181	1257642181	1	24	24	0.01
L	398872610	398872610	1	25	25	0.01
L	395552868	395552868	1	25	25	0.01
L	395036313	395036313	1	25	25	0.01
L	427020693	427020693	1	25	25	0.01
L	427259092	427259092	1	25	25	0.01
L	426544784	426544784	1	25	25	0.01
L	410657336	410657336	1	25	25	0.01
L	410618177	410618177	1	25	25	0.01
L	406713906	406713906	1	25	25	0.01
L	406869960	406869960	1	25	25	0.01
L	426991922	426991922	1	25	25	0.01
L	368436338	368436338	1	25	25	0.01
L	411192170	411192170	1	25	25	0.01
L	411261966	411261966	1	25	25	0.01
L	414663880	414663880	1	25	25	0.01
L	414241042	414241042	1	25	25	0.01
L	358601671	358601671	1	25	25	0.01
L	400496368	400496368	1	25	25	0.01
L	396364270	396364270	1	25	25	0.01
L	408449893	408449893	1	25	25	0.01
L	408256463	408256463	1	25	25	0.01
L	408160356	408160356	1	25	25	0.01
L	399699859	399699859	1	25	25	0.01
L	2442851265	2442851265	1	25	25	0.01
L	407797469	407797469	1	25	25	0.01
L	396619394	396619394	1	25	25	0.01
L	396650147	396650147	1	25	25	0.01
L	397912714	397912714	1	25	25	0.01
L	397432782	397432782	1	25	25	0.01
L	408896631	408896631	1	25	25	0.01
L	408908907	408908907	1	25	25	0.01
L	401224797	401224797	1	25	25	0.01
L	406185715	406185715	1	25	25	0.01
L	406244042	406244042	1	25	25	0.01
L	425521552	425521552	1	25	25	0.01
L	408311403	408311403	1	25	25	0.01
L	1929195560	1929195560	1	25	25	0.01
L	416879069	416879069	1	25	25	0.01
L	2049674990	2049674990	1	25	25	0.01
L	417490076	417490076	1	25	25	0.01
L	417514635	417514635	1	25	25	0.01
L	407878788	407878788	1	25	25	0.01
L	418733247	418733247	1	25	25	0.01
L	419117183	419117183	1	25	25	0.01
L	394861929	394861929	1	25	25	0.01
L	416799677	416799677	1	25	25	0.01
L	416834840	416834840	1	25	25	0.01
L	398046427	398046427	1	25	25	0.01
L	398259492	398259492	1	25	25	0.01
L	2415431782	2415431782	1	26	26	0.01
L	2415218081	2415218081	1	26	26	0.01
L	2414843284	2414843284	1	26	26	0.01
L	2411908000	2411908000	1	26	26	0.01
L	2412604973	2412604973	1	26	26	0.01
L	2414083181	2414083181	1	26	26	0.01
L	1264093926	1264093926	1	26	26	0.01
L	1651871213	1651871213	1	26	26	0.01
L	2538794309	2538794309	1	26	26	0.01
L	2404904311	2404904311	1	26	26	0.01
L	2404911469	2404911469	1	26	26	0.01
L	2411122257	2411122257	1	26	26	0.01
L	2410880845	2410880845	1	26	26	0.01
L	2409075869	2409075869	1	26	26	0.01
L	2411777432	2411777432	1	26	26	0.01
L	2538693886	2538693886	1	26	26	0.01
L	1796693904	1796693904	1	26	26	0.01
L	1798605606	1798605606	1	26	26	0.01
L	949610947	949610947	1	26	26	0.01
L	949580065	949580065	1	26	26	0.01
L	949572103	949572103	1	26	26	0.01
L	949536839	949536839	1	26	26	0.01
L	949075672	949075672	1	26	26	0.01
L	1265368663	1265368663	1	26	26	0.01
L	1265241895	1265241895	1	26	26	0.01
L	1265168796	1265168796	1	26	26	0.01
L	2403806245	2403806245	1	26	26	0.01
L	2537906484	2537906484	1	26	26	0.01
L	2404459386	2404459386	1	26	26	0.01
L	2538947532	2538947532	1	26	26	0.01
L	1271110584	1271110584	1	26	26	0.01
L	2403657820	2403657820	1	26	26	0.01
L	2368527410	2368527410	1	26	26	0.01
L	1995462045	1995462045	1	26	26	0.01
L	2403701759	2403701759	1	26	26	0.01
L	2404827332	2404827332	1	26	26	0.01
L	2537954819	2537954819	1	26	26	0.01
L	1268045226	1268045226	1	26	26	0.01
L	2370738180	2370738180	1	26	26	0.01
L	948907816	948907816	1	26	26	0.01
L	2538240284	2538240284	1	26	26	0.01
L	1797354889	1797354889	1	26	26	0.01
L	945909129	945909129	1	26	26	0.01
L	945536851	945536851	1	26	26	0.01
L	945521904	945521904	1	26	26	0.01
L	2617841641	2617841641	1	26	26	0.01
L	944868314	944868314	1	26	26	0.01
L	2976824597	2976824597	1	26	26	0.01
L	1266613165	1266613165	1	26	26	0.01
L	1266538983	1266538983	1	26	26	0.01
L	1266506587	1266506587	1	26	26	0.01
L	1266375405	1266375405	1	26	26	0.01
L	1270373160	1270373160	1	26	26	0.01
L	1270391609	1270391609	1	26	26	0.01
L	2539106443	2539106443	1	26	26	0.01
L	2539100062	2539100062	1	26	26	0.01
L	1797739146	1797739146	1	26	26	0.01
L	1797709448	1797709448	1	26	26	0.01
L	1797510148	1797510148	1	26	26	0.01
L	2405171784	2405171784	1	26	26	0.01
L	1270769085	1270769085	1	26	26	0.01
L	1765406463	1765406463	1	26	26	0.01
L	2538715430	2538715430	1	26	26	0.01
L	1796866999	1796866999	1	26	26	0.01
L	945625042	945625042	1	26	26	0.01
L	945947242	945947242	1	26	26	0.01
L	2538460019	2538460019	1	26	26	0.01
L	2538495049	2538495049	1	26	26	0.01
L	2538519347	2538519347	1	26	26	0.01
L	2538622340	2538622340	1	26	26	0.01
L	2539659343	2539659343	1	26	26	0.01
L	2539649075	2539649075	1	26	26	0.01
L	950983404	950983404	1	26	26	0.01
L	948404521	948404521	1	26	26	0.01
L	947941915	947941915	1	26	26	0.01
L	1797845326	1797845326	1	26	26	0.01
L	2408830067	2408830067	1	26	26	0.01
L	2408942279	2408942279	1	26	26	0.01
L	2408997790	2408997790	1	26	26	0.01
L	948891114	948891114	1	26	26	0.01
L	2538191914	2538191914	1	26	26	0.01
L	1262769195	1262769195	1	26	26	0.01
L	1262504829	1262504829	1	26	26	0.01
L	1262066243	1262066243	1	26	26	0.01
L	1686047194	1686047194	1	27	27	0.01
L	1687301916	1687301916	1	27	27	0.01
L	1197966010	1197966010	1	27	27	0.01
L	1689569667	1689569667	1	27	27	0.01
L	1124614309	1124614309	1	27	27	0.01
L	1123916582	1123916582	1	27	27	0.01
L	1123056427	1123056427	1	27	27	0.01
L	1120605498	1120605498	1	27	27	0.01
L	1119850547	1119850547	1	27	27	0.01
L	1114924116	1114924116	1	27	27	0.01
L	1114674967	1114674967	1	27	27	0.01
L	1114626562	1114626562	1	27	27	0.01
L	2770892048	2770892048	1	27	27	0.01
L	1100813206	1100813206	1	27	27	0.01
L	1055908767	1055908767	1	27	27	0.01
L	1683926725	1683926725	1	27	27	0.01
L	1903211215	1903211215	1	27	27	0.01
L	1903097144	1903097144	1	27	27	0.01
L	1102386377	1102386377	1	27	27	0.01
L	1102260742	1102260742	1	27	27	0.01
L	2378617829	2378617829	1	27	27	0.01
L	2382163222	2382163222	1	27	27	0.01
L	2382250628	2382250628	1	27	27	0.01
L	2382296301	2382296301	1	27	27	0.01
L	810793610	810793610	1	27	27	0.01
L	811065620	811065620	1	27	27	0.01
L	811169985	811169985	1	27	27	0.01
L	811996958	811996958	1	27	27	0.01
L	813418613	813418613	1	27	27	0.01
L	813462552	813462552	1	27	27	0.01
L	990759878	990759878	1	27	27	0.01
L	2382561547	2382561547	1	27	27	0.01
L	2539490510	2539490510	1	27	27	0.01
L	1804891111	1804891111	1	27	27	0.01
L	218850627	218850627	1	27	27	0.01
L	992253311	992253311	1	27	27	0.01
L	993099640	993099640	1	27	27	0.01
L	992967914	992967914	1	27	27	0.01
L	992654327	992654327	1	27	27	0.01
L	993295406	993295406	1	27	27	0.01
L	2007828323	2007828323	1	27	27	0.01
L	997264264	997264264	1	27	27	0.01
L	234834063	234834063	1	27	27	0.01
L	232910119	232910119	1	27	27	0.01
L	233028473	233028473	1	27	27	0.01
L	234615417	234615417	1	27	27	0.01
L	228400077	228400077	1	27	27	0.01
L	228155398	228155398	1	27	27	0.01
L	228121929	228121929	1	27	27	0.01
L	228053937	228053937	1	27	27	0.01
L	226725360	226725360	1	27	27	0.01
L	227128196	227128196	1	27	27	0.01
L	796850748	796850748	1	27	27	0.01
L	1843450917	1843450917	1	28	28	0.01
L	1843455808	1843455808	1	28	28	0.01
L	1843461557	1843461557	1	28	28	0.01
L	1840399531	1840399531	1	28	28	0.01
L	1841254925	1841254925	1	28	28	0.01
L	1840133484	1840133484	1	28	28	0.01
L	1839665520	1839665520	1	28	28	0.01
L	1839182403	1839182403	1	28	28	0.01
L	1839059171	1839059171	1	28	28	0.01
L	1837731070	1837731070	1	28	28	0.01
L	1837748327	1837748327	1	28	28	0.01
L	1838720309	1838720309	1	28	28	0.01
L	1838754787	1838754787	1	28	28	0.01
L	1842842210	1842842210	1	28	28	0.01
L	1838871627	1838871627	1	28	28	0.01
L	1840756298	1840756298	1	28	28	0.01
L	1840896827	1840896827	1	28	28	0.01
L	1840986715	1840986715	1	28	28	0.01
L	1840731178	1840731178	1	28	28	0.01
L	1846392681	1846392681	1	28	28	0.01
L	1845493160	1845493160	1	28	28	0.01
L	1849202114	1849202114	1	28	28	0.01
L	1763556476	1763556476	1	28	28	0.01
L	1845603413	1845603413	1	28	28	0.01
L	1843644322	1843644322	1	28	28	0.01
L	1843673345	1843673345	1	28	28	0.01
L	1843817902	1843817902	1	28	28	0.01
L	1843838541	1843838541	1	28	28	0.01
L	1844448986	1844448986	1	28	28	0.01
L	1844663639	1844663639	1	28	28	0.01
L	1844705155	1844705155	1	28	28	0.01
L	2731056394	2731056394	1	28	28	0.01
L	1836516628	1836516628	1	28	28	0.01
L	1836994433	1836994433	1	28	28	0.01
L	1845267603	1845267603	1	28	28	0.01
L	1846038755	1846038755	1	28	28	0.01
L	1866220176	1866220176	1	29	29	0.01
L	1866272650	1866272650	1	29	29	0.01
L	1806976214	1806976214	1	29	29	0.01
L	1801391782	1801391782	1	29	29	0.01
L	1802541498	1802541498	1	29	29	0.01
L	1804860243	1804860243	1	29	29	0.01
L	1849892884	1849892884	1	29	29	0.01
L	1865413242	1865413242	1	29	29	0.01
L	1865415595	1865415595	1	29	29	0.01
L	1865648267	1865648267	1	29	29	0.01
L	1864958855	1864958855	1	29	29	0.01
L	1630866666	1630866666	1	29	29	0.01
L	1436332780	1436332780	1	29	29	0.01
L	1862422217	1862422217	1	29	29	0.01
L	1862604566	1862604566	1	29	29	0.01
L	1857689982	1857689982	1	29	29	0.01
L	1863919733	1863919733	1	29	29	0.01
L	1853184511	1853184511	1	29	29	0.01
L	1865315055	1865315055	1	29	29	0.01
L	1865308311	1865308311	1	29	29	0.01
L	1864989319	1864989319	1	29	29	0.01
L	1859917470	1859917470	1	29	29	0.01
L	1860284155	1860284155	1	29	29	0.01
L	1860328088	1860328088	1	29	29	0.01
L	1860363040	1860363040	1	29	29	0.01
L	1859433491	1859433491	1	29	29	0.01
L	2942687641	2942687641	1	29	29	0.01
L	2194712866	2194712866	1	29	29	0.01
L	1859904725	1859904725	1	29	29	0.01
L	1835993365	1835993365	1	29	29	0.01
L	1836039948	1836039948	1	29	29	0.01
L	2635145399	2635145399	1	29	29	0.01
L	1859677669	1859677669	1	29	29	0.01
L	1859524191	1859524191	1	29	29	0.01
L	1835963185	1835963185	1	29	29	0.01
L	1860502809	1860502809	1	29	29	0.01
L	1859427540	1859427540	1	29	29	0.01
L	1853863413	1853863413	1	29	29	0.01
L	1865694996	1865694996	1	29	29	0.01
L	1865780103	1865780103	1	29	29	0.01
L	1863159902	1863159902	1	29	29	0.01
L	1861302362	1861302362	1	29	29	0.01
L	1805926766	1805926766	1	29	29	0.01
L	1819974148	1819974148	1	29	29	0.01
L	1819615716	1819615716	1	29	29	0.01
L	1860680918	1860680918	1	29	29	0.01
L	1829730230	1829730230	1	29	29	0.01
L	549411229	549411229	1	30	30	0.01
L	149034189	149034189	1	30	30	0.01
L	545465241	545465241	1	30	30	0.01
L	545457335	545457335	1	30	30	0.01
L	153255599	153255599	1	30	30	0.01
L	2542122062	2542122062	1	30	30	0.01
L	2542586135	2542586135	1	30	30	0.01
L	152228726	152228726	1	30	30	0.01
L	2541239444	2541239444	1	30	30	0.01
L	2543651563	2543651563	1	30	30	0.01
L	194072755	194072755	1	30	30	0.01
L	195116978	195116978	1	30	30	0.01
L	194985861	194985861	1	30	30	0.01
L	153388946	153388946	1	30	30	0.01
L	153404149	153404149	1	30	30	0.01
L	152394923	152394923	1	30	30	0.01
L	2734247783	2734247783	1	30	30	0.01
L	544568671	544568671	1	30	30	0.01
L	1627833835	1627833835	1	30	30	0.01
L	149584522	149584522	1	30	30	0.01
L	150041476	150041476	1	30	30	0.01
L	150109277	150109277	1	30	30	0.01
L	150143290	150143290	1	30	30	0.01
L	2564443865	2564443865	1	30	30	0.01
L	2564310295	2564310295	1	30	30	0.01
L	1677493160	1677493160	1	30	30	0.01
L	148608905	148608905	1	30	30	0.01
L	148457684	148457684	1	30	30	0.01
L	218885907	218885907	1	30	30	0.01
L	1562543055	1562543055	1	30	30	0.01
L	920298978	920298978	1	31	31	0.01
L	920195545	920195545	1	31	31	0.01
L	923038327	923038327	1	31	31	0.01
L	923095476	923095476	1	31	31	0.01
L	923167854	923167854	1	31	31	0.01
L	1734265412	1734265412	1	31	31	0.01
L	915391313	915391313	1	31	31	0.01
L	928623804	928623804	1	31	31	0.01
L	928653923	928653923	1	31	31	0.01
L	928692805	928692805	1	31	31	0.01
L	931136100	931136100	1	31	31	0.01
L	926741497	926741497	1	31	31	0.01
L	926676425	926676425	1	31	31	0.01
L	926174879	926174879	1	31	31	0.01
L	926145987	926145987	1	31	31	0.01
L	925929539	925929539	1	31	31	0.01
L	925378559	925378559	1	31	31	0.01
L	925176402	925176402	1	31	31	0.01
L	925018732	925018732	1	31	31	0.01
L	924458440	924458440	1	31	31	0.01
L	924369819	924369819	1	31	31	0.01
L	1733628730	1733628730	1	31	31	0.01
L	1733600159	1733600159	1	31	31	0.01
L	1734466452	1734466452	1	31	31	0.01
L	913794898	913794898	1	31	31	0.01
L	913805588	913805588	1	31	31	0.01
L	1754423240	1754423240	1	31	31	0.01
L	911481595	911481595	1	31	31	0.01
L	911542561	911542561	1	31	31	0.01
L	1666253880	1666253880	1	31	31	0.01
L	1666383538	1666383538	1	31	31	0.01
L	2419336196	2419336196	1	31	31	0.01
L	911897553	911897553	1	31	31	0.01
L	1732543058	1732543058	1	31	31	0.01
L	823754163	823754163	1	31	31	0.01
L	2419445639	2419445639	1	31	31	0.01
L	1732787411	1732787411	1	31	31	0.01
L	1665758823	1665758823	1	31	31	0.01
L	917463078	917463078	1	31	31	0.01
L	2418352687	2418352687	1	31	31	0.01
L	2420618347	2420618347	1	31	31	0.01
L	2420598403	2420598403	1	31	31	0.01
L	2420544619	2420544619	1	31	31	0.01
L	2420513633	2420513633	1	31	31	0.01
L	917364626	917364626	1	31	31	0.01
L	2419067761	2419067761	1	31	31	0.01
L	1735181983	1735181983	1	31	31	0.01
L	1733353570	1733353570	1	31	31	0.01
L	917201617	917201617	1	31	31	0.01
L	917139494	917139494	1	31	31	0.01
L	917092286	917092286	1	31	31	0.01
L	924072085	924072085	1	31	31	0.01
L	924216147	924216147	1	31	31	0.01
L	916492432	916492432	1	31	31	0.01
L	916194143	916194143	1	31	31	0.01
L	916180397	916180397	1	31	31	0.01
L	916127853	916127853	1	31	31	0.01
L	915803261	915803261	1	31	31	0.01
L	913812414	913812414	1	31	31	0.01
L	2419140561	2419140561	1	31	31	0.01
L	2418657530	2418657530	1	31	31	0.01
L	2418951160	2418951160	1	31	31	0.01
L	2420235553	2420235553	1	31	31	0.01
L	1647062104	1647062104	1	31	31	0.01
L	927967107	927967107	1	31	31	0.01
L	927698967	927698967	1	31	31	0.01
L	927676661	927676661	1	31	31	0.01
L	927667598	927667598	1	31	31	0.01
L	927392283	927392283	1	31	31	0.01
L	927147676	927147676	1	31	31	0.01
L	912034028	912034028	1	31	31	0.01
L	911310756	911310756	1	31	31	0.01
L	911346748	911346748	1	31	31	0.01
L	756113644	756113644	1	32	32	0.01
L	755859453	755859453	1	32	32	0.01
L	811007563	811007563	1	32	32	0.01
L	646849601	646849601	1	32	32	0.01
L	759937815	759937815	1	32	32	0.01
L	759049464	759049464	1	32	32	0.01
L	759403350	759403350	1	32	32	0.01
L	759353817	759353817	1	32	32	0.01
L	763891719	763891719	1	32	32	0.01
L	763901516	763901516	1	32	32	0.01
L	746352045	746352045	1	32	32	0.01
L	761290502	761290502	1	32	32	0.01
L	761624569	761624569	1	32	32	0.01
L	761609602	761609602	1	32	32	0.01
L	1247812563	1247812563	1	32	32	0.01
L	759124073	759124073	1	32	32	0.01
L	758958751	758958751	1	32	32	0.01
L	761134438	761134438	1	32	32	0.01
L	760980293	760980293	1	32	32	0.01
L	760542287	760542287	1	32	32	0.01
L	760531298	760531298	1	32	32	0.01
L	760213384	760213384	1	32	32	0.01
L	755562855	755562855	1	32	32	0.01
L	762068128	762068128	1	32	32	0.01
L	752307100	752307100	1	32	32	0.01
L	752792361	752792361	1	32	32	0.01
L	752579655	752579655	1	32	32	0.01
L	752716353	752716353	1	32	32	0.01
L	752313483	752313483	1	32	32	0.01
L	755832083	755832083	1	32	32	0.01
L	750451468	750451468	1	32	32	0.01
L	750492251	750492251	1	32	32	0.01
L	753350482	753350482	1	32	32	0.01
L	1876151325	1876151325	1	32	32	0.01
L	748567381	748567381	1	32	32	0.01
L	752082446	752082446	1	32	32	0.01
L	750646215	750646215	1	32	32	0.01
L	750745201	750745201	1	32	32	0.01
L	750911821	750911821	1	32	32	0.01
L	750849442	750849442	1	32	32	0.01
L	1814318785	1814318785	1	33	33	0.01
L	1823815231	1823815231	1	33	33	0.01
L	1815268353	1815268353	1	33	33	0.01
L	1815054372	1815054372	1	33	33	0.01
L	1799014470	1799014470	1	33	33	0.01
L	1812005494	1812005494	1	33	33	0.01
L	1813629492	1813629492	1	33	33	0.01
L	1817910475	1817910475	1	33	33	0.01
L	1828858308	1828858308	1	33	33	0.01
L	1815278293	1815278293	1	33	33	0.01
L	1822849060	1822849060	1	33	33	0.01
L	1827638003	1827638003	1	33	33	0.01
L	1827923443	1827923443	1	33	33	0.01
L	1827581891	1827581891	1	33	33	0.01
L	1826601403	1826601403	1	33	33	0.01
L	1817379638	1817379638	1	33	33	0.01
L	1811856341	1811856341	1	33	33	0.01
L	1817833840	1817833840	1	33	33	0.01
L	1817823500	1817823500	1	33	33	0.01
L	1811684543	1811684543	1	33	33	0.01
L	1817667923	1817667923	1	33	33	0.01
L	1814361173	1814361173	1	33	33	0.01
L	1814397018	1814397018	1	33	33	0.01
L	1813781012	1813781012	1	33	33	0.01
L	1817871013	1817871013	1	33	33	0.01
L	941646608	941646608	1	33	33	0.01
L	1809392572	1809392572	1	33	33	0.01
L	938520062	938520062	1	33	33	0.01
L	1809349487	1809349487	1	33	33	0.01
L	1809299790	1809299790	1	33	33	0.01
L	1809330665	1809330665	1	33	33	0.01
L	1811379559	1811379559	1	33	33	0.01
L	939011486	939011486	1	33	33	0.01
L	940366784	940366784	1	33	33	0.01
L	1823296635	1823296635	1	33	33	0.01
L	1823462645	1823462645	1	33	33	0.01
L	940201359	940201359	1	33	33	0.01
L	940757066	940757066	1	33	33	0.01
L	940771799	940771799	1	33	33	0.01
L	1822824021	1822824021	1	33	33	0.01
L	1822716008	1822716008	1	33	33	0.01
L	939903631	939903631	1	33	33	0.01
L	939866956	939866956	1	33	33	0.01
L	939697029	939697029	1	33	33	0.01
L	1828460375	1828460375	1	33	33	0.01
L	939488658	939488658	1	33	33	0.01
L	939654071	939654071	1	33	33	0.01
L	934098060	934098060	1	33	33	0.01
L	1456966316	1456966316	1	33	33	0.01
L	1825127062	1825127062	1	33	33	0.01
L	1825038163	1825038163	1	33	33	0.01
L	934078950	934078950	1	33	33	0.01
L	933983334	933983334	1	33	33	0.01
L	933852255	933852255	1	33	33	0.01
L	1825444531	1825444531	1	33	33	0.01
L	1814453273	1814453273	1	33	33	0.01
L	927562952	927562952	1	33	33	0.01
L	1810732433	1810732433	1	33	33	0.01
L	1810673168	1810673168	1	33	33	0.01
L	1825017113	1825017113	1	33	33	0.01
L	1824577233	1824577233	1	33	33	0.01
L	1816101316	1816101316	1	33	33	0.01
L	1816194639	1816194639	1	33	33	0.01
L	1366213639	1366213639	1	33	33	0.01
L	1817484673	1817484673	1	33	33	0.01
L	2574648713	2574648713	1	34	34	0.01
L	1671755074	1671755074	1	34	34	0.01
L	1671765092	1671765092	1	34	34	0.01
L	1671173523	1671173523	1	34	34	0.01
L	1671604534	1671604534	1	34	34	0.01
L	2659789075	2659789075	1	34	34	0.01
L	2573970564	2573970564	1	34	34	0.01
L	2574265899	2574265899	1	34	34	0.01
L	1375110260	1375110260	1	34	34	0.01
L	1375129157	1375129157	1	34	34	0.01
L	1375154468	1375154468	1	34	34	0.01
L	1372489203	1372489203	1	34	34	0.01
L	1373913921	1373913921	1	34	34	0.01
L	1372498465	1372498465	1	34	34	0.01
L	1372590165	1372590165	1	34	34	0.01
L	1672384866	1672384866	1	34	34	0.01
L	1672380266	1672380266	1	34	34	0.01
L	1672374803	1672374803	1	34	34	0.01
L	1672328383	1672328383	1	34	34	0.01
L	1373758077	1373758077	1	34	34	0.01
L	1373889335	1373889335	1	34	34	0.01
L	1296943247	1296943247	1	34	34	0.01
L	1372851652	1372851652	1	34	34	0.01
L	1372922468	1372922468	1	34	34	0.01
L	1375404874	1375404874	1	34	34	0.01
L	1671097806	1671097806	1	34	34	0.01
L	1671427256	1671427256	1	34	34	0.01
L	1372388908	1372388908	1	34	34	0.01
L	2574656237	2574656237	1	34	34	0.01
L	2548605960	2548605960	1	34	34	0.01
L	2527439397	2527439397	1	34	34	0.01
L	1672905604	1672905604	1	34	34	0.01
L	2574160554	2574160554	1	34	34	0.01
L	2574009584	2574009584	1	34	34	0.01
L	255228643	255228643	1	35	35	0.01
L	255240715	255240715	1	35	35	0.01
L	680007497	680007497	1	35	35	0.01
L	250123931	250123931	1	35	35	0.01
L	679996090	679996090	1	35	35	0.01
L	679974461	679974461	1	35	35	0.01
L	679932491	679932491	1	35	35	0.01
L	679890078	679890078	1	35	35	0.01
L	679867314	679867314	1	35	35	0.01
L	680024148	680024148	1	35	35	0.01
L	249772630	249772630	1	35	35	0.01
L	252151795	252151795	1	35	35	0.01
L	252268957	252268957	1	35	35	0.01
L	252296073	252296073	1	35	35	0.01
L	251983245	251983245	1	35	35	0.01
L	252106161	252106161	1	35	35	0.01
L	252092647	252092647	1	35	35	0.01
L	252043929	252043929	1	35	35	0.01
L	391564707	391564707	1	35	35	0.01
L	251986633	251986633	1	35	35	0.01
L	251415492	251415492	1	35	35	0.01
L	251354669	251354669	1	35	35	0.01
L	256414095	256414095	1	35	35	0.01
L	255952316	255952316	1	35	35	0.01
L	253857603	253857603	1	35	35	0.01
L	255677871	255677871	1	35	35	0.01
L	91081495	91081495	1	35	35	0.01
L	258176644	258176644	1	35	35	0.01
L	257373711	257373711	1	35	35	0.01
L	258015778	258015778	1	35	35	0.01
L	258393687	258393687	1	35	35	0.01
L	250947050	250947050	1	35	35	0.01
L	255285037	255285037	1	35	35	0.01
L	260973848	260973848	1	35	35	0.01
L	258548936	258548936	1	35	35	0.01
L	255782704	255782704	1	35	35	0.01
L	255802890	255802890	1	35	35	0.01
L	255805170	255805170	1	35	35	0.01
L	254151188	254151188	1	35	35	0.01
L	250383911	250383911	1	35	35	0.01
L	680643661	680643661	1	35	35	0.01
L	262412658	262412658	1	35	35	0.01
L	262335284	262335284	1	35	35	0.01
L	262320525	262320525	1	35	35	0.01
L	265699300	265699300	1	35	35	0.01
L	260895926	260895926	1	35	35	0.01
L	260555220	260555220	1	35	35	0.01
L	260925923	260925923	1	35	35	0.01
L	250042126	250042126	1	35	35	0.01
L	551112379	551112379	1	35	35	0.01
L	777928259	777928259	1	36	36	0.01
L	778127648	778127648	1	36	36	0.01
L	778155434	778155434	1	36	36	0.01
L	778170984	778170984	1	36	36	0.01
L	778383075	778383075	1	36	36	0.01
L	778550403	778550403	1	36	36	0.01
L	778821927	778821927	1	36	36	0.01
L	779121718	779121718	1	36	36	0.01
L	779242048	779242048	1	36	36	0.01
L	786073778	786073778	1	36	36	0.01
L	783688373	783688373	1	36	36	0.01
L	785244772	785244772	1	36	36	0.01
L	744249793	744249793	1	36	36	0.01
L	777509225	777509225	1	36	36	0.01
L	777438619	777438619	1	36	36	0.01
L	777370633	777370633	1	36	36	0.01
L	765825606	765825606	1	36	36	0.01
L	783651170	783651170	1	36	36	0.01
L	783635746	783635746	1	36	36	0.01
L	781961323	781961323	1	36	36	0.01
L	784892990	784892990	1	36	36	0.01
L	784884073	784884073	1	36	36	0.01
L	784767451	784767451	1	36	36	0.01
L	781399228	781399228	1	36	36	0.01
L	781745752	781745752	1	36	36	0.01
L	780150637	780150637	1	36	36	0.01
L	2162916749	2162916749	1	36	36	0.01
L	779855931	779855931	1	36	36	0.01
L	781453392	781453392	1	36	36	0.01
L	776706200	776706200	1	36	36	0.01
L	776923563	776923563	1	36	36	0.01
L	776967624	776967624	1	36	36	0.01
L	767078148	767078148	1	36	36	0.01
L	767109950	767109950	1	36	36	0.01
L	661077164	661077164	1	36	36	0.01
L	785750828	785750828	1	36	36	0.01
L	785815757	785815757	1	36	36	0.01
L	785931696	785931696	1	36	36	0.01
L	785718694	785718694	1	36	36	0.01
L	766560458	766560458	1	36	36	0.01
L	766679783	766679783	1	36	36	0.01
L	766748191	766748191	1	36	36	0.01
L	769790987	769790987	1	36	36	0.01
L	769844293	769844293	1	36	36	0.01
L	765890695	765890695	1	36	36	0.01
L	769187673	769187673	1	36	36	0.01
L	769654743	769654743	1	36	36	0.01
L	768930106	768930106	1	36	36	0.01
L	886857484	886857484	1	36	36	0.01
L	744495915	744495915	1	36	36	0.01
L	744273212	744273212	1	36	36	0.01
L	1495231831	1495231831	1	37	37	0.01
L	1490770363	1490770363	1	37	37	0.01
L	1490409149	1490409149	1	37	37	0.01
L	1490552347	1490552347	1	37	37	0.01
L	1489790194	1489790194	1	37	37	0.01
L	1487201513	1487201513	1	37	37	0.01
L	1860585408	1860585408	1	37	37	0.01
L	1489898066	1489898066	1	37	37	0.01
L	1490385497	1490385497	1	37	37	0.01
L	1489968187	1489968187	1	37	37	0.01
L	1489961066	1489961066	1	37	37	0.01
L	1470275566	1470275566	1	37	37	0.01
L	1474833461	1474833461	1	37	37	0.01
L	1486073984	1486073984	1	37	37	0.01
L	1497002617	1497002617	1	37	37	0.01
L	338221304	338221304	1	37	37	0.01
L	1497172366	1497172366	1	37	37	0.01
L	1497180412	1497180412	1	37	37	0.01
L	1489855730	1489855730	1	37	37	0.01
L	1489873840	1489873840	1	37	37	0.01
L	1489618728	1489618728	1	37	37	0.01
L	1492079017	1492079017	1	37	37	0.01
L	1494554569	1494554569	1	37	37	0.01
L	1485961429	1485961429	1	37	37	0.01
L	1482126076	1482126076	1	37	37	0.01
L	1481885894	1481885894	1	37	37	0.01
L	1481394532	1481394532	1	37	37	0.01
L	1479544851	1479544851	1	37	37	0.01
L	1479537577	1479537577	1	37	37	0.01
L	1479446593	1479446593	1	37	37	0.01
L	1482320685	1482320685	1	37	37	0.01
L	1475128356	1475128356	1	37	37	0.01
L	1475213748	1475213748	1	37	37	0.01
L	1217474306	1217474306	1	38	38	0.01
L	1217544353	1217544353	1	38	38	0.01
L	1218187937	1218187937	1	38	38	0.01
L	1218249180	1218249180	1	38	38	0.01
L	1218487559	1218487559	1	38	38	0.01
L	1510800987	1510800987	1	38	38	0.01
L	1511465188	1511465188	1	38	38	0.01
L	1511714946	1511714946	1	38	38	0.01
L	359786172	359786172	1	38	38	0.01
L	1512327135	1512327135	1	38	38	0.01
L	1512491585	1512491585	1	38	38	0.01
L	363185029	363185029	1	38	38	0.01
L	1140378767	1140378767	1	38	38	0.01
L	360399875	360399875	1	38	38	0.01
L	1220696990	1220696990	1	38	38	0.01
L	1513257859	1513257859	1	38	38	0.01
L	363747626	363747626	1	38	38	0.01
L	2634645593	2634645593	1	38	38	0.01
L	1522316360	1522316360	1	38	38	0.01
L	1521752449	1521752449	1	38	38	0.01
L	1521726726	1521726726	1	38	38	0.01
L	1519868191	1519868191	1	38	38	0.01
L	1223282749	1223282749	1	38	38	0.01
L	1224067954	1224067954	1	38	38	0.01
L	1540139767	1540139767	1	38	38	0.01
L	1513542353	1513542353	1	38	38	0.01
L	365380761	365380761	1	38	38	0.01
L	1525358657	1525358657	1	38	38	0.01
L	364432664	364432664	1	38	38	0.01
L	364119591	364119591	1	38	38	0.01
L	1204733614	1204733614	1	38	38	0.01
L	1221984387	1221984387	1	38	38	0.01
L	1223150948	1223150948	1	38	38	0.01
L	1513825432	1513825432	1	38	38	0.01
L	1203811521	1203811521	1	38	38	0.01
L	1203743131	1203743131	1	38	38	0.01
L	1203099452	1203099452	1	38	38	0.01
L	1286853480	1286853480	1	39	39	0.01
L	1286899283	1286899283	1	39	39	0.01
L	1286969334	1286969334	1	39	39	0.01
L	1286995737	1286995737	1	39	39	0.01
L	1090785950	1090785950	1	39	39	0.01
L	2163260842	2163260842	1	39	39	0.01
L	2163269987	2163269987	1	39	39	0.01
L	2162836749	2162836749	1	39	39	0.01
L	1648157813	1648157813	1	39	39	0.01
L	1648813572	1648813572	1	39	39	0.01
L	1650731810	1650731810	1	39	39	0.01
L	1649599962	1649599962	1	39	39	0.01
L	1650057929	1650057929	1	39	39	0.01
L	2773290411	2773290411	1	39	39	0.01
L	2771404616	2771404616	1	39	39	0.01
L	2773405213	2773405213	1	39	39	0.01
L	2773407708	2773407708	1	39	39	0.01
L	2178602063	2178602063	1	39	39	0.01
L	2178777547	2178777547	1	39	39	0.01
L	1090308508	1090308508	1	39	39	0.01
L	2767611242	2767611242	1	39	39	0.01
L	1090463776	1090463776	1	39	39	0.01
L	1092699290	1092699290	1	39	39	0.01
L	1323757535	1323757535	1	40	40	0.01
L	2218804660	2218804660	1	40	40	0.01
L	365672232	365672232	1	40	40	0.01
L	365665696	365665696	1	40	40	0.01
L	365508676	365508676	1	40	40	0.01
L	1040784401	1040784401	1	40	40	0.01
L	1735568324	1735568324	1	40	40	0.01
L	1735601651	1735601651	1	40	40	0.01
L	1328320449	1328320449	1	40	40	0.01
L	1735835719	1735835719	1	40	40	0.01
L	1735358790	1735358790	1	40	40	0.01
L	1276337505	1276337505	1	40	40	0.01
L	1320714822	1320714822	1	40	40	0.01
L	1322277158	1322277158	1	40	40	0.01
L	2219261165	2219261165	1	40	40	0.01
L	1057659841	1057659841	1	40	40	0.01
L	2219552060	2219552060	1	40	40	0.01
L	1412795910	1412795910	1	40	40	0.01
L	41402511	41402511	1	40	40	0.01
L	1201069028	1201069028	1	41	41	0.01
L	1201169729	1201169729	1	41	41	0.01
L	1201135853	1201135853	1	41	41	0.01
L	1202661813	1202661813	1	41	41	0.01
L	1506830111	1506830111	1	41	41	0.01
L	1506859366	1506859366	1	41	41	0.01
L	1507334941	1507334941	1	41	41	0.01
L	662948090	662948090	1	41	41	0.01
L	1504394612	1504394612	1	41	41	0.01
L	1504521240	1504521240	1	41	41	0.01
L	1504703304	1504703304	1	41	41	0.01
L	1506103392	1506103392	1	41	41	0.01
L	359936204	359936204	1	41	41	0.01
L	1504850695	1504850695	1	41	41	0.01
L	1502204167	1502204167	1	41	41	0.01
L	1503148034	1503148034	1	41	41	0.01
L	1503334309	1503334309	1	41	41	0.01
L	358786234	358786234	1	41	41	0.01
L	1219139126	1219139126	1	41	41	0.01
L	1219231501	1219231501	1	41	41	0.01
L	1220021424	1220021424	1	41	41	0.01
L	732513450	732513450	1	41	41	0.01
L	1504381673	1504381673	1	41	41	0.01
L	1504172996	1504172996	1	41	41	0.01
L	1514242515	1514242515	1	41	41	0.01
L	1515011049	1515011049	1	41	41	0.01
L	1518277208	1518277208	1	41	41	0.01
L	1515514178	1515514178	1	41	41	0.01
L	342793637	342793637	1	42	42	0.01
L	2371176515	2371176515	1	42	42	0.01
L	2372280411	2372280411	1	42	42	0.01
L	2370936876	2370936876	1	42	42	0.01
L	2370912798	2370912798	1	42	42	0.01
L	1304370485	1304370485	1	42	42	0.01
L	2370777937	2370777937	1	42	42	0.01
L	2370886650	2370886650	1	42	42	0.01
L	2374090014	2374090014	1	42	42	0.01
L	2539768116	2539768116	1	42	42	0.01
L	2374156390	2374156390	1	42	42	0.01
L	2369672173	2369672173	1	42	42	0.01
L	2369623037	2369623037	1	42	42	0.01
L	2369654102	2369654102	1	42	42	0.01
L	1378129903	1378129903	1	42	42	0.01
L	154572623	154572623	1	42	42	0.01
L	2375528870	2375528870	1	42	42	0.01
L	1519929728	1519929728	1	42	42	0.01
L	2373059484	2373059484	1	42	42	0.01
L	2372140763	2372140763	1	42	42	0.01
L	1389404650	1389404650	1	43	43	0.01
L	1388496310	1388496310	1	43	43	0.01
L	1463322751	1463322751	1	43	43	0.01
L	1389428316	1389428316	1	43	43	0.01
L	909196376	909196376	1	43	43	0.01
L	1372103604	1372103604	1	43	43	0.01
L	399377284	399377284	1	43	43	0.01
L	1297826731	1297826731	1	43	43	0.01
L	1669182080	1669182080	1	43	43	0.01
L	681196609	681196609	1	44	44	0.01
L	1162471874	1162471874	1	45	45	0.01
L	1150099193	1150099193	1	45	45	0.01
L	1157299310	1157299310	1	45	45	0.01
L	1146490427	1146490427	1	45	45	0.01
L	2540107314	2540107314	1	45	45	0.01
L	2392340529	2392340529	1	46	46	0.01
L	2437112955	2437112955	1	46	46	0.01
L	1726708347	1726708347	1	46	46	0.01
L	1726620594	1726620594	1	46	46	0.01
L	773009461	773009461	1	46	46	0.01
L	2393627820	2393627820	1	46	46	0.01
L	1726477442	1726477442	1	46	46	0.01
L	1726205537	1726205537	1	46	46	0.01
L	1726132667	1726132667	1	46	46	0.01
L	927545893	927545893	1	47	47	0.01
L	1763916984	1763916984	1	47	47	0.01
L	943103953	943103953	1	48	48	0.01
L	1097426212	1097426212	1	48	48	0.01
1	1	221487832	1	1		1
2	221487833	427838967	1	1		1
3	427838968	609178734	1	1		1
4	609178735	786516912	1	1		1
5	786516913	958559659	1	1		1
6	958559660	1128225022	1	1		1
7	1128225023	1293023654	1	1		1
8	1293023655	1439647203	1	1		1
9	1439647204	1580824992	1	1		1
10	1580824993	1728914513	1	1		1
11	1728914514	1867245331	1	1		1
12	1867245332	2003362629	1	1		1
13	2003362630	2139811489	1	1		1
14	2139811490	2281337289	1	1		1
15	2281337290	2399228412	1	1		1
16	2399228413	2510506901	1	1		1
17	2510506902	2618136269	1	1		1
18	2618136270	2720910752	1	1		1
19	2720910753	2790518401	1	1		1
X	2790518402	2984312690	1	1		1
MT	2984312691	2984331158	1	1		1
Y	2984331159	3088286390	1	1		1
