name	start	end	strand	col	fill	lwd
1	1	581124084	1	4	4	0.1
2	581124085	1021307040	1	4	4	0.1
3	1021307041	1347259169	1	4	4	0.1
4	1347259170	1615797813	1	4	4	0.1
5	1615797814	1791683604	1	4	4	0.1
6	1791683605	1898653835	1	4	4	0.1
7	1898653836	2006705120	1	4	4	0.1
8	2006705121	2095574060	1	4	4	0.1
9	2095574061	2166603130	1	4	4	0.1
10	2166603131	2228712071	1	4	4	0.1
11	2228712072	2288116082	1	4	4	0.1
12	2288116083	2348070714	1	4	4	0.1
13	2348070715	2404435928	1	4	4	0.1
14	2404435929	2452133450	1	4	4	0.1
15	2452133451	2490546545	1	4	4	0.1
17	2490546546	2522196795	1	4	4	0.1
18	2522196796	2555642772	1	4	4	0.1
19	2555642773	2586001135	1	4	4	0.1
20	2586001136	2626870089	1	4	4	0.1
21	2626870090	2646999711	1	4	4	0.1
22	2646999712	2663054823	1	4	4	0.1
23	2663054824	2681139425	1	4	4	0.1
24	2681139426	2700228723	1	4	4	0.1
25	2700228724	2711934847	1	4	4	0.1
26	2711934848	2729743397	1	4	4	0.1
27	2729743398	2753506222	1	4	4	0.1
28	2753506223	2768553879	1	4	4	0.1
30	2768553880	2773901772	1	4	4	0.1
31	2773901773	2791996531	1	4	4	0.1
32	2791996532	2794131045	1	4	4	0.1
33	2794131046	2817132895	1	4	4	0.1
Z	2817132896	3059835776	1	4	4	0.1
16	3059835777	3068201140	1	4	4	0.1
MT	3068201141	3068250471	1	4	4	0.1
W	3068250472	3088286385	1	4	4	0.1
1	1	581124084	1	1	4	0.1
2	581124085	1021307040	1	1	4	0.1
3	1021307041	1347259169	1	1	4	0.1
4	1347259170	1615797813	1	1	4	0.1
5	1615797814	1791683604	1	1	4	0.1
6	1791683605	1898653835	1	1	4	0.1
7	1898653836	2006705120	1	1	4	0.1
8	2006705121	2095574060	1	1	4	0.1
9	2095574061	2166603130	1	1	4	0.1
10	2166603131	2228712071	1	1	4	0.1
11	2228712072	2288116082	1	1	4	0.1
12	2288116083	2348070714	1	1	4	0.1
13	2348070715	2404435928	1	1	4	0.1
14	2404435929	2452133450	1	1	4	0.1
15	2452133451	2490546545	1	1	4	0.1
17	2490546546	2522196795	1	1	4	0.1
18	2522196796	2555642772	1	1	4	0.1
19	2555642773	2586001135	1	1	4	0.1
20	2586001136	2626870089	1	1	4	0.1
21	2626870090	2646999711	1	1	4	0.1
22	2646999712	2663054823	1	1	4	0.1
23	2663054824	2681139425	1	1	4	0.1
24	2681139426	2700228723	1	1	4	0.1
25	2700228724	2711934847	1	1	4	0.1
26	2711934848	2729743397	1	1	4	0.1
27	2729743398	2753506222	1	1	4	0.1
28	2753506223	2768553879	1	1	4	0.1
30	2768553880	2773901772	1	1	4	0.1
31	2773901773	2791996531	1	1	4	0.1
32	2791996532	2794131045	1	1	4	0.1
33	2794131046	2817132895	1	1	4	0.1
Z	2817132896	3059835776	1	1	4	0.1
16	3059835777	3068201140	1	1	4	0.1
MT	3068201141	3068250471	1	1	4	0.1
W	3068250472	3088286385	1	1	4	0.1
L	1435230557	1435230557	1	5	5	0.01
L	1447622570	1447622570	1	5	5	0.01
L	1448342384	1448342384	1	5	5	0.01
L	1448302521	1448302521	1	5	5	0.01
L	1447995665	1447995665	1	5	5	0.01
L	1504783300	1504783300	1	5	5	0.01
L	1504968337	1504968337	1	5	5	0.01
L	1505258019	1505258019	1	5	5	0.01
L	1505821624	1505821624	1	5	5	0.01
L	1505883166	1505883166	1	5	5	0.01
L	2974825254	2974825254	1	5	5	0.01
L	1449337596	1449337596	1	5	5	0.01
L	1445586896	1445586896	1	5	5	0.01
L	1441268213	1441268213	1	5	5	0.01
L	1438947659	1438947659	1	5	5	0.01
L	1416119141	1416119141	1	5	5	0.01
L	1411749594	1411749594	1	5	5	0.01
L	1411284109	1411284109	1	5	5	0.01
L	1408747489	1408747489	1	5	5	0.01
L	1408501063	1408501063	1	5	5	0.01
L	1515092639	1515092639	1	5	5	0.01
L	1515277653	1515277653	1	5	5	0.01
L	1515382871	1515382871	1	5	5	0.01
L	1517312218	1517312218	1	5	5	0.01
L	1517889868	1517889868	1	5	5	0.01
L	1518123164	1518123164	1	5	5	0.01
L	1585370350	1585370350	1	5	5	0.01
L	1417221419	1417221419	1	5	5	0.01
L	1582311221	1582311221	1	5	5	0.01
L	632436865	632436865	1	5	5	0.01
L	1407021101	1407021101	1	5	5	0.01
L	1406937568	1406937568	1	5	5	0.01
L	1405712459	1405712459	1	5	5	0.01
L	1449065602	1449065602	1	5	5	0.01
L	1448998647	1448998647	1	5	5	0.01
L	1478959239	1478959239	1	5	5	0.01
L	1481482010	1481482010	1	5	5	0.01
L	1526573540	1526573540	1	5	5	0.01
L	1492072750	1492072750	1	5	5	0.01
L	2972392429	2972392429	1	5	5	0.01
L	2970483703	2970483703	1	5	5	0.01
L	1581948922	1581948922	1	5	5	0.01
L	1578393567	1578393567	1	5	5	0.01
L	2973922782	2973922782	1	5	5	0.01
L	2975127464	2975127464	1	5	5	0.01
L	1483851331	1483851331	1	5	5	0.01
L	2975724646	2975724646	1	5	5	0.01
L	1447710879	1447710879	1	5	5	0.01
L	1460991433	1460991433	1	5	5	0.01
L	1523790633	1523790633	1	5	5	0.01
L	1524056065	1524056065	1	5	5	0.01
L	2388654303	2388654303	1	5	5	0.01
L	1507633707	1507633707	1	5	5	0.01
L	1449982919	1449982919	1	5	5	0.01
L	1480542094	1480542094	1	5	5	0.01
L	1494117667	1494117667	1	5	5	0.01
L	1483400715	1483400715	1	5	5	0.01
L	1572926641	1572926641	1	5	5	0.01
L	1570674519	1570674519	1	5	5	0.01
L	1570668461	1570668461	1	5	5	0.01
L	1570458869	1570458869	1	5	5	0.01
L	1563486787	1563486787	1	5	5	0.01
L	1563395226	1563395226	1	5	5	0.01
L	1563347423	1563347423	1	5	5	0.01
L	1562353334	1562353334	1	5	5	0.01
L	1552861596	1552861596	1	5	5	0.01
L	1551105099	1551105099	1	5	5	0.01
L	1550797052	1550797052	1	5	5	0.01
L	1550179707	1550179707	1	5	5	0.01
L	1548281727	1548281727	1	5	5	0.01
L	1548208833	1548208833	1	5	5	0.01
L	1548087091	1548087091	1	5	5	0.01
L	1543744937	1543744937	1	5	5	0.01
L	1543090547	1543090547	1	5	5	0.01
L	1542667921	1542667921	1	5	5	0.01
L	1542662181	1542662181	1	5	5	0.01
L	1541829262	1541829262	1	5	5	0.01
L	1541779201	1541779201	1	5	5	0.01
L	1538794458	1538794458	1	5	5	0.01
L	1538761315	1538761315	1	5	5	0.01
L	1619018227	1619018227	1	5	5	0.01
L	1537785571	1537785571	1	5	5	0.01
L	1532932430	1532932430	1	5	5	0.01
L	1531833278	1531833278	1	5	5	0.01
L	2877732962	2877732962	1	5	5	0.01
L	2872921495	2872921495	1	5	5	0.01
L	2425893959	2425893959	1	5	5	0.01
L	2866918364	2866918364	1	5	5	0.01
L	2866786590	2866786590	1	5	5	0.01
L	2866354371	2866354371	1	5	5	0.01
L	2866032490	2866032490	1	5	5	0.01
L	2863985788	2863985788	1	5	5	0.01
L	2858844182	2858844182	1	5	5	0.01
L	2842400935	2842400935	1	5	5	0.01
L	2842361749	2842361749	1	5	5	0.01
L	2842318461	2842318461	1	5	5	0.01
L	2823534660	2823534660	1	5	5	0.01
L	2825029274	2825029274	1	5	5	0.01
L	2843970701	2843970701	1	5	5	0.01
L	2843943910	2843943910	1	5	5	0.01
L	2839527416	2839527416	1	5	5	0.01
L	2839323617	2839323617	1	5	5	0.01
L	2838021398	2838021398	1	5	5	0.01
L	2840489527	2840489527	1	5	5	0.01
L	2847564254	2847564254	1	5	5	0.01
L	2847515528	2847515528	1	5	5	0.01
L	2819863671	2819863671	1	5	5	0.01
L	2818253169	2818253169	1	5	5	0.01
L	2820255948	2820255948	1	5	5	0.01
L	1591854996	1591854996	1	5	5	0.01
L	1614746526	1614746526	1	5	5	0.01
L	1594011666	1594011666	1	5	5	0.01
L	1595562696	1595562696	1	5	5	0.01
L	1598592212	1598592212	1	5	5	0.01
L	1598639459	1598639459	1	5	5	0.01
L	1598676833	1598676833	1	5	5	0.01
L	1599018367	1599018367	1	5	5	0.01
L	1608012192	1608012192	1	5	5	0.01
L	1604791437	1604791437	1	5	5	0.01
L	1600676053	1600676053	1	5	5	0.01
L	1614359880	1614359880	1	5	5	0.01
L	1614829177	1614829177	1	5	5	0.01
L	595097778	595097778	1	7	7	0.01
L	966994012	966994012	1	7	7	0.01
L	614891450	614891450	1	7	7	0.01
L	653110865	653110865	1	7	7	0.01
L	650680949	650680949	1	7	7	0.01
L	650592411	650592411	1	7	7	0.01
L	649933542	649933542	1	7	7	0.01
L	648521594	648521594	1	7	7	0.01
L	832940210	832940210	1	7	7	0.01
L	813931160	813931160	1	7	7	0.01
L	843213439	843213439	1	7	7	0.01
L	843657927	843657927	1	7	7	0.01
L	843752965	843752965	1	7	7	0.01
L	844905632	844905632	1	7	7	0.01
L	587374369	587374369	1	7	7	0.01
L	588151637	588151637	1	7	7	0.01
L	601259725	601259725	1	7	7	0.01
L	603904451	603904451	1	7	7	0.01
L	606101616	606101616	1	7	7	0.01
L	606417186	606417186	1	7	7	0.01
L	606616333	606616333	1	7	7	0.01
L	609087420	609087420	1	7	7	0.01
L	625276720	625276720	1	7	7	0.01
L	625228574	625228574	1	7	7	0.01
L	653983517	653983517	1	7	7	0.01
L	666275490	666275490	1	7	7	0.01
L	668614733	668614733	1	7	7	0.01
L	669059809	669059809	1	7	7	0.01
L	669291402	669291402	1	7	7	0.01
L	671986771	671986771	1	7	7	0.01
L	672223863	672223863	1	7	7	0.01
L	672664449	672664449	1	7	7	0.01
L	672716448	672716448	1	7	7	0.01
L	673229857	673229857	1	7	7	0.01
L	692471305	692471305	1	7	7	0.01
L	693359476	693359476	1	7	7	0.01
L	695155858	695155858	1	7	7	0.01
L	780540275	780540275	1	7	7	0.01
L	815760217	815760217	1	7	7	0.01
L	815971789	815971789	1	7	7	0.01
L	833981866	833981866	1	7	7	0.01
L	704125895	704125895	1	7	7	0.01
L	782027802	782027802	1	7	7	0.01
L	782581784	782581784	1	7	7	0.01
L	784502312	784502312	1	7	7	0.01
L	784540986	784540986	1	7	7	0.01
L	833255774	833255774	1	7	7	0.01
L	827877737	827877737	1	7	7	0.01
L	828748354	828748354	1	7	7	0.01
L	818590339	818590339	1	7	7	0.01
L	741103986	741103986	1	7	7	0.01
L	732889155	732889155	1	7	7	0.01
L	681105403	681105403	1	7	7	0.01
L	681990583	681990583	1	7	7	0.01
L	686231065	686231065	1	7	7	0.01
L	686515468	686515468	1	7	7	0.01
L	841359344	841359344	1	7	7	0.01
L	841531921	841531921	1	7	7	0.01
L	647652424	647652424	1	7	7	0.01
L	647334440	647334440	1	7	7	0.01
L	2758399085	2758399085	1	7	7	0.01
L	641520878	641520878	1	7	7	0.01
L	641754333	641754333	1	7	7	0.01
L	641836628	641836628	1	7	7	0.01
L	644994835	644994835	1	7	7	0.01
L	640316379	640316379	1	7	7	0.01
L	639413893	639413893	1	7	7	0.01
L	846453539	846453539	1	7	7	0.01
L	846491134	846491134	1	7	7	0.01
L	751261384	751261384	1	7	7	0.01
L	751512992	751512992	1	7	7	0.01
L	763562668	763562668	1	7	7	0.01
L	766762182	766762182	1	7	7	0.01
L	705447955	705447955	1	7	7	0.01
L	773885708	773885708	1	7	7	0.01
L	776162218	776162218	1	7	7	0.01
L	706375088	706375088	1	7	7	0.01
L	763750590	763750590	1	7	7	0.01
L	764074606	764074606	1	7	7	0.01
L	707729173	707729173	1	7	7	0.01
L	634201043	634201043	1	7	7	0.01
L	632342016	632342016	1	7	7	0.01
L	632164460	632164460	1	7	7	0.01
L	628456096	628456096	1	7	7	0.01
L	779843968	779843968	1	7	7	0.01
L	776679037	776679037	1	7	7	0.01
L	744453734	744453734	1	7	7	0.01
L	839336838	839336838	1	7	7	0.01
L	842623494	842623494	1	7	7	0.01
L	1127089864	1127089864	1	7	7	0.01
L	702732427	702732427	1	7	7	0.01
L	702988311	702988311	1	7	7	0.01
L	731561913	731561913	1	7	7	0.01
L	3005171645	3005171645	1	8	8	0.01
L	2993348739	2993348739	1	8	8	0.01
L	2986611512	2986611512	1	8	8	0.01
L	2986576628	2986576628	1	8	8	0.01
L	2986392020	2986392020	1	8	8	0.01
L	2968946927	2968946927	1	8	8	0.01
L	2968357779	2968357779	1	8	8	0.01
L	2964553977	2964553977	1	8	8	0.01
L	2955082724	2955082724	1	8	8	0.01
L	2952528642	2952528642	1	8	8	0.01
L	3049470933	3049470933	1	8	8	0.01
L	3049522944	3049522944	1	8	8	0.01
L	3027105822	3027105822	1	8	8	0.01
L	3056292043	3056292043	1	8	8	0.01
L	3057427901	3057427901	1	8	8	0.01
L	2982950776	2982950776	1	8	8	0.01
L	2934840152	2934840152	1	8	8	0.01
L	2934941098	2934941098	1	8	8	0.01
L	2936959307	2936959307	1	8	8	0.01
L	2939184282	2939184282	1	8	8	0.01
L	2941168704	2941168704	1	8	8	0.01
L	2941209229	2941209229	1	8	8	0.01
L	2941455343	2941455343	1	8	8	0.01
L	2042934375	2042934375	1	8	8	0.01
L	2947581816	2947581816	1	8	8	0.01
L	2949161333	2949161333	1	8	8	0.01
L	2892701898	2892701898	1	8	8	0.01
L	2893620288	2893620288	1	8	8	0.01
L	2893722428	2893722428	1	8	8	0.01
L	2895232922	2895232922	1	8	8	0.01
L	2895403220	2895403220	1	8	8	0.01
L	3019192245	3019192245	1	8	8	0.01
L	3019136637	3019136637	1	8	8	0.01
L	3048893280	3048893280	1	8	8	0.01
L	2917587222	2917587222	1	8	8	0.01
L	3025857693	3025857693	1	8	8	0.01
L	3057785260	3057785260	1	8	8	0.01
L	1492745658	1492745658	1	8	8	0.01
L	1492860540	1492860540	1	8	8	0.01
L	1491939621	1491939621	1	8	8	0.01
L	1461375964	1461375964	1	8	8	0.01
L	133138379	133138379	1	8	8	0.01
L	2907730085	2907730085	1	8	8	0.01
L	2910247922	2910247922	1	8	8	0.01
L	2979251329	2979251329	1	8	8	0.01
L	2983781146	2983781146	1	8	8	0.01
L	2919509923	2919509923	1	8	8	0.01
L	2919959446	2919959446	1	8	8	0.01
L	2922085973	2922085973	1	8	8	0.01
L	3025309007	3025309007	1	8	8	0.01
L	2445011698	2445011698	1	8	8	0.01
L	3013935815	3013935815	1	8	8	0.01
L	3013016228	3013016228	1	8	8	0.01
L	3013192549	3013192549	1	8	8	0.01
L	3012993325	3012993325	1	8	8	0.01
L	3012519809	3012519809	1	8	8	0.01
L	3020186222	3020186222	1	8	8	0.01
L	2915901016	2915901016	1	8	8	0.01
L	3019816788	3019816788	1	8	8	0.01
L	1421724957	1421724957	1	8	8	0.01
L	1474426437	1474426437	1	8	8	0.01
L	1475714610	1475714610	1	8	8	0.01
L	1475768441	1475768441	1	8	8	0.01
L	1589180822	1589180822	1	8	8	0.01
L	1589279529	1589279529	1	8	8	0.01
L	1589843131	1589843131	1	8	8	0.01
L	1499050093	1499050093	1	8	8	0.01
L	2897949456	2897949456	1	8	8	0.01
L	3019244194	3019244194	1	8	8	0.01
L	3032462535	3032462535	1	8	8	0.01
L	2857451699	2857451699	1	8	8	0.01
L	2857496819	2857496819	1	8	8	0.01
L	2854940196	2854940196	1	8	8	0.01
L	2856177118	2856177118	1	8	8	0.01
L	1464231139	1464231139	1	8	8	0.01
L	1464159875	1464159875	1	8	8	0.01
L	1463650701	1463650701	1	8	8	0.01
L	1463366827	1463366827	1	8	8	0.01
L	1463061711	1463061711	1	8	8	0.01
L	1462731870	1462731870	1	8	8	0.01
L	1527576454	1527576454	1	8	8	0.01
L	2881494714	2881494714	1	8	8	0.01
L	2881540172	2881540172	1	8	8	0.01
L	2882350812	2882350812	1	8	8	0.01
L	2885312322	2885312322	1	8	8	0.01
L	2887336904	2887336904	1	8	8	0.01
L	2889794910	2889794910	1	8	8	0.01
L	2891475185	2891475185	1	8	8	0.01
L	3006428908	3006428908	1	8	8	0.01
L	856358773	856358773	1	9	9	0.01
L	989386108	989386108	1	9	9	0.01
L	989018098	989018098	1	9	9	0.01
L	988962952	988962952	1	9	9	0.01
L	988390234	988390234	1	9	9	0.01
L	771093581	771093581	1	9	9	0.01
L	811214417	811214417	1	9	9	0.01
L	770382963	770382963	1	9	9	0.01
L	770267834	770267834	1	9	9	0.01
L	770200196	770200196	1	9	9	0.01
L	769725547	769725547	1	9	9	0.01
L	747036476	747036476	1	9	9	0.01
L	2255804481	2255804481	1	9	9	0.01
L	987408647	987408647	1	9	9	0.01
L	987070603	987070603	1	9	9	0.01
L	986835226	986835226	1	9	9	0.01
L	986707019	986707019	1	9	9	0.01
L	986654658	986654658	1	9	9	0.01
L	983827798	983827798	1	9	9	0.01
L	983755249	983755249	1	9	9	0.01
L	701894132	701894132	1	9	9	0.01
L	701226521	701226521	1	9	9	0.01
L	700399792	700399792	1	9	9	0.01
L	841549992	841549992	1	9	9	0.01
L	700058396	700058396	1	9	9	0.01
L	970165759	970165759	1	9	9	0.01
L	970847675	970847675	1	9	9	0.01
L	711832197	711832197	1	9	9	0.01
L	722296348	722296348	1	9	9	0.01
L	722335807	722335807	1	9	9	0.01
L	731520028	731520028	1	9	9	0.01
L	983057994	983057994	1	9	9	0.01
L	982869845	982869845	1	9	9	0.01
L	982312008	982312008	1	9	9	0.01
L	979632351	979632351	1	9	9	0.01
L	937727831	937727831	1	9	9	0.01
L	936687489	936687489	1	9	9	0.01
L	936257446	936257446	1	9	9	0.01
L	932508732	932508732	1	9	9	0.01
L	235552568	235552568	1	9	9	0.01
L	920204413	920204413	1	9	9	0.01
L	920130776	920130776	1	9	9	0.01
L	920100015	920100015	1	9	9	0.01
L	919840194	919840194	1	9	9	0.01
L	867340866	867340866	1	9	9	0.01
L	866524842	866524842	1	9	9	0.01
L	866159723	866159723	1	9	9	0.01
L	865160385	865160385	1	9	9	0.01
L	893656907	893656907	1	9	9	0.01
L	885118868	885118868	1	9	9	0.01
L	884169538	884169538	1	9	9	0.01
L	884123259	884123259	1	9	9	0.01
L	884086005	884086005	1	9	9	0.01
L	2575072028	2575072028	1	9	9	0.01
L	880915808	880915808	1	9	9	0.01
L	881521918	881521918	1	9	9	0.01
L	881457674	881457674	1	9	9	0.01
L	988352280	988352280	1	9	9	0.01
L	988331471	988331471	1	9	9	0.01
L	997651736	997651736	1	9	9	0.01
L	905380396	905380396	1	9	9	0.01
L	905731147	905731147	1	9	9	0.01
L	908209427	908209427	1	9	9	0.01
L	908341421	908341421	1	9	9	0.01
L	914269841	914269841	1	9	9	0.01
L	915803679	915803679	1	9	9	0.01
L	915911844	915911844	1	9	9	0.01
L	919554502	919554502	1	9	9	0.01
L	919561104	919561104	1	9	9	0.01
L	1009393749	1009393749	1	9	9	0.01
L	1000306810	1000306810	1	9	9	0.01
L	726012770	726012770	1	9	9	0.01
L	727268527	727268527	1	9	9	0.01
L	727592813	727592813	1	9	9	0.01
L	712791782	712791782	1	9	9	0.01
L	883521215	883521215	1	9	9	0.01
L	952799150	952799150	1	9	9	0.01
L	2444920533	2444920533	1	9	9	0.01
L	951807229	951807229	1	9	9	0.01
L	947296744	947296744	1	9	9	0.01
L	946586345	946586345	1	9	9	0.01
L	946288372	946288372	1	9	9	0.01
L	942949109	942949109	1	9	9	0.01
L	941623894	941623894	1	9	9	0.01
L	716289903	716289903	1	9	9	0.01
L	724880091	724880091	1	9	9	0.01
L	590769505	590769505	1	9	9	0.01
L	997766138	997766138	1	9	9	0.01
L	1112600879	1112600879	1	10	10	0.01
L	1068691757	1068691757	1	10	10	0.01
L	1115092937	1115092937	1	10	10	0.01
L	1048410540	1048410540	1	10	10	0.01
L	1103413056	1103413056	1	10	10	0.01
L	1106029353	1106029353	1	10	10	0.01
L	1110630040	1110630040	1	10	10	0.01
L	1110554956	1110554956	1	10	10	0.01
L	1073258325	1073258325	1	10	10	0.01
L	1072067383	1072067383	1	10	10	0.01
L	1112184649	1112184649	1	10	10	0.01
L	1112245900	1112245900	1	10	10	0.01
L	1074509077	1074509077	1	10	10	0.01
L	1074203320	1074203320	1	10	10	0.01
L	1281043472	1281043472	1	10	10	0.01
L	1280674823	1280674823	1	10	10	0.01
L	1071433961	1071433961	1	10	10	0.01
L	1034140811	1034140811	1	10	10	0.01
L	1112452316	1112452316	1	10	10	0.01
L	1074546542	1074546542	1	10	10	0.01
L	1112562290	1112562290	1	10	10	0.01
L	1112571965	1112571965	1	10	10	0.01
L	2347331354	2347331354	1	10	10	0.01
L	1263959946	1263959946	1	10	10	0.01
L	1249132256	1249132256	1	10	10	0.01
L	1255492589	1255492589	1	10	10	0.01
L	1254833823	1254833823	1	10	10	0.01
L	1254231597	1254231597	1	10	10	0.01
L	1251458835	1251458835	1	10	10	0.01
L	1246185273	1246185273	1	10	10	0.01
L	1246136074	1246136074	1	10	10	0.01
L	1246036996	1246036996	1	10	10	0.01
L	1243884728	1243884728	1	10	10	0.01
L	1243123761	1243123761	1	10	10	0.01
L	1186985631	1186985631	1	10	10	0.01
L	1186883650	1186883650	1	10	10	0.01
L	1183994392	1183994392	1	10	10	0.01
L	1183012217	1183012217	1	10	10	0.01
L	1182086422	1182086422	1	10	10	0.01
L	1328432397	1328432397	1	10	10	0.01
L	1231294603	1231294603	1	10	10	0.01
L	1231615916	1231615916	1	10	10	0.01
L	1234582935	1234582935	1	10	10	0.01
L	1235163084	1235163084	1	10	10	0.01
L	309903071	309903071	1	10	10	0.01
L	881328265	881328265	1	10	10	0.01
L	1330419393	1330419393	1	10	10	0.01
L	1209179650	1209179650	1	10	10	0.01
L	1214627631	1214627631	1	10	10	0.01
L	1208664171	1208664171	1	10	10	0.01
L	1206829794	1206829794	1	10	10	0.01
L	1207311386	1207311386	1	10	10	0.01
L	2236048433	2236048433	1	10	10	0.01
L	1198391963	1198391963	1	10	10	0.01
L	1198127565	1198127565	1	10	10	0.01
L	1197139705	1197139705	1	10	10	0.01
L	1195605956	1195605956	1	10	10	0.01
L	1192206830	1192206830	1	10	10	0.01
L	1347067659	1347067659	1	10	10	0.01
L	1342195925	1342195925	1	10	10	0.01
L	1341268533	1341268533	1	10	10	0.01
L	2441040859	2441040859	1	10	10	0.01
L	1328151634	1328151634	1	10	10	0.01
L	1328715527	1328715527	1	10	10	0.01
L	1329359783	1329359783	1	10	10	0.01
L	1328451748	1328451748	1	10	10	0.01
L	1328476500	1328476500	1	10	10	0.01
L	1319370437	1319370437	1	10	10	0.01
L	1319543114	1319543114	1	10	10	0.01
L	1327656809	1327656809	1	10	10	0.01
L	1344340203	1344340203	1	10	10	0.01
L	1311783190	1311783190	1	10	10	0.01
L	1306156477	1306156477	1	10	10	0.01
L	1304787956	1304787956	1	10	10	0.01
L	1304239623	1304239623	1	10	10	0.01
L	1300627316	1300627316	1	10	10	0.01
L	1300657298	1300657298	1	10	10	0.01
L	1296668156	1296668156	1	10	10	0.01
L	1292224533	1292224533	1	10	10	0.01
L	1291495498	1291495498	1	10	10	0.01
L	1260861177	1260861177	1	10	10	0.01
L	1332285575	1332285575	1	10	10	0.01
L	1332436931	1332436931	1	10	10	0.01
L	1333019951	1333019951	1	10	10	0.01
L	1136251746	1136251746	1	10	10	0.01
L	1136445964	1136445964	1	10	10	0.01
L	1138220262	1138220262	1	10	10	0.01
L	1133424471	1133424471	1	10	10	0.01
L	1133494082	1133494082	1	10	10	0.01
L	1133881851	1133881851	1	10	10	0.01
L	1115789550	1115789550	1	10	10	0.01
L	1116146812	1116146812	1	10	10	0.01
L	1141175802	1141175802	1	10	10	0.01
L	1138481497	1138481497	1	10	10	0.01
L	1138492561	1138492561	1	10	10	0.01
L	1158317256	1158317256	1	10	10	0.01
L	1140118439	1140118439	1	10	10	0.01
L	1140442423	1140442423	1	10	10	0.01
L	1163115125	1163115125	1	10	10	0.01
L	1158611099	1158611099	1	10	10	0.01
L	1163366763	1163366763	1	10	10	0.01
L	1158479684	1158479684	1	10	10	0.01
L	1190481723	1190481723	1	10	10	0.01
L	1276456095	1276456095	1	10	10	0.01
L	1276409454	1276409454	1	10	10	0.01
L	1273431040	1273431040	1	10	10	0.01
L	1273016236	1273016236	1	10	10	0.01
L	1265684790	1265684790	1	10	10	0.01
L	1249406513	1249406513	1	10	10	0.01
L	1224291567	1224291567	1	10	10	0.01
L	1221580673	1221580673	1	10	10	0.01
L	1220014475	1220014475	1	10	10	0.01
L	1219934498	1219934498	1	10	10	0.01
L	1218785265	1218785265	1	10	10	0.01
L	1217930754	1217930754	1	10	10	0.01
L	1217250239	1217250239	1	10	10	0.01
L	1070861713	1070861713	1	10	10	0.01
L	1030343262	1030343262	1	10	10	0.01
L	1288872804	1288872804	1	10	10	0.01
L	576288601	576288601	1	11	11	0.01
L	576038958	576038958	1	11	11	0.01
L	1502805845	1502805845	1	11	11	0.01
L	416579633	416579633	1	11	11	0.01
L	416530634	416530634	1	11	11	0.01
L	510817026	510817026	1	11	11	0.01
L	510790130	510790130	1	11	11	0.01
L	507454601	507454601	1	11	11	0.01
L	505374110	505374110	1	11	11	0.01
L	505036263	505036263	1	11	11	0.01
L	491282502	491282502	1	11	11	0.01
L	479930763	479930763	1	11	11	0.01
L	424042855	424042855	1	11	11	0.01
L	424188209	424188209	1	11	11	0.01
L	248549862	248549862	1	11	11	0.01
L	541275073	541275073	1	11	11	0.01
L	1328536925	1328536925	1	11	11	0.01
L	549731099	549731099	1	11	11	0.01
L	550345512	550345512	1	11	11	0.01
L	557406843	557406843	1	11	11	0.01
L	563963615	563963615	1	11	11	0.01
L	563250398	563250398	1	11	11	0.01
L	559948606	559948606	1	11	11	0.01
L	393509139	393509139	1	11	11	0.01
L	393623571	393623571	1	11	11	0.01
L	393751748	393751748	1	11	11	0.01
L	395270158	395270158	1	11	11	0.01
L	396267447	396267447	1	11	11	0.01
L	398000705	398000705	1	11	11	0.01
L	400944306	400944306	1	11	11	0.01
L	401111390	401111390	1	11	11	0.01
L	401203051	401203051	1	11	11	0.01
L	402087704	402087704	1	11	11	0.01
L	405310768	405310768	1	11	11	0.01
L	536441299	536441299	1	11	11	0.01
L	535107432	535107432	1	11	11	0.01
L	534908308	534908308	1	11	11	0.01
L	536534487	536534487	1	11	11	0.01
L	534196365	534196365	1	11	11	0.01
L	529896005	529896005	1	11	11	0.01
L	529747357	529747357	1	11	11	0.01
L	529715050	529715050	1	11	11	0.01
L	529140514	529140514	1	11	11	0.01
L	526218893	526218893	1	11	11	0.01
L	524861279	524861279	1	11	11	0.01
L	524591585	524591585	1	11	11	0.01
L	522254639	522254639	1	11	11	0.01
L	521325503	521325503	1	11	11	0.01
L	518805482	518805482	1	11	11	0.01
L	517286036	517286036	1	11	11	0.01
L	515307984	515307984	1	11	11	0.01
L	434818570	434818570	1	11	11	0.01
L	448796326	448796326	1	11	11	0.01
L	455449023	455449023	1	11	11	0.01
L	458272684	458272684	1	11	11	0.01
L	463131484	463131484	1	11	11	0.01
L	2022793801	2022793801	1	11	11	0.01
L	429543552	429543552	1	11	11	0.01
L	428628250	428628250	1	11	11	0.01
L	276140401	276140401	1	11	11	0.01
L	235374106	235374106	1	11	11	0.01
L	235256113	235256113	1	11	11	0.01
L	413047966	413047966	1	11	11	0.01
L	409545663	409545663	1	11	11	0.01
L	577510469	577510469	1	11	11	0.01
L	576551340	576551340	1	11	11	0.01
L	576441852	576441852	1	11	11	0.01
L	571405472	571405472	1	11	11	0.01
L	571373362	571373362	1	11	11	0.01
L	392920440	392920440	1	11	11	0.01
L	392915235	392915235	1	11	11	0.01
L	387444952	387444952	1	11	11	0.01
L	386733784	386733784	1	11	11	0.01
L	386300424	386300424	1	11	11	0.01
L	2482070189	2482070189	1	11	11	0.01
L	2097372809	2097372809	1	12	12	0.01
L	1615031618	1615031618	1	12	12	0.01
L	2108876807	2108876807	1	12	12	0.01
L	580985099	580985099	1	12	12	0.01
L	1939276931	1939276931	1	12	12	0.01
L	1954319245	1954319245	1	12	12	0.01
L	563304361	563304361	1	12	12	0.01
L	1980958710	1980958710	1	12	12	0.01
L	1928606563	1928606563	1	12	12	0.01
L	1928142519	1928142519	1	12	12	0.01
L	1927023664	1927023664	1	12	12	0.01
L	1899516150	1899516150	1	12	12	0.01
L	1899658401	1899658401	1	12	12	0.01
L	1899690791	1899690791	1	12	12	0.01
L	1899912823	1899912823	1	12	12	0.01
L	1939461950	1939461950	1	12	12	0.01
L	1940611080	1940611080	1	12	12	0.01
L	1942860808	1942860808	1	12	12	0.01
L	2063373479	2063373479	1	12	12	0.01
L	1943961136	1943961136	1	12	12	0.01
L	1944879952	1944879952	1	12	12	0.01
L	1945162068	1945162068	1	12	12	0.01
L	1946320100	1946320100	1	12	12	0.01
L	1953568542	1953568542	1	12	12	0.01
L	1953432107	1953432107	1	12	12	0.01
L	1953313678	1953313678	1	12	12	0.01
L	1953274292	1953274292	1	12	12	0.01
L	1951653078	1951653078	1	12	12	0.01
L	1979168600	1979168600	1	12	12	0.01
L	2005056047	2005056047	1	12	12	0.01
L	1906621863	1906621863	1	12	12	0.01
L	1918690601	1918690601	1	12	12	0.01
L	1918809606	1918809606	1	12	12	0.01
L	1933287948	1933287948	1	12	12	0.01
L	1911502078	1911502078	1	12	12	0.01
L	1935092832	1935092832	1	12	12	0.01
L	1916010557	1916010557	1	12	12	0.01
L	1932362894	1932362894	1	12	12	0.01
L	1918306291	1918306291	1	12	12	0.01
L	1918895515	1918895515	1	12	12	0.01
L	1935061522	1935061522	1	12	12	0.01
L	1912235848	1912235848	1	12	12	0.01
L	1938850902	1938850902	1	12	12	0.01
L	1916309414	1916309414	1	12	12	0.01
L	1917946312	1917946312	1	12	12	0.01
L	716749842	716749842	1	12	12	0.01
L	1981607103	1981607103	1	12	12	0.01
L	1983578266	1983578266	1	12	12	0.01
L	1988167328	1988167328	1	12	12	0.01
L	2000274425	2000274425	1	12	12	0.01
L	2001957649	2001957649	1	12	12	0.01
L	2001999758	2001999758	1	12	12	0.01
L	1973041980	1973041980	1	12	12	0.01
L	1976433936	1976433936	1	12	12	0.01
L	1977539040	1977539040	1	12	12	0.01
L	1964304565	1964304565	1	12	12	0.01
L	1964609413	1964609413	1	12	12	0.01
L	1964099251	1964099251	1	12	12	0.01
L	1975998009	1975998009	1	12	12	0.01
L	1975841186	1975841186	1	12	12	0.01
L	1965014859	1965014859	1	12	12	0.01
L	1967728370	1967728370	1	12	12	0.01
L	1148778068	1148778068	1	13	13	0.01
L	1331365085	1331365085	1	13	13	0.01
L	1327995564	1327995564	1	13	13	0.01
L	1126658359	1126658359	1	13	13	0.01
L	1328554546	1328554546	1	13	13	0.01
L	1027590530	1027590530	1	13	13	0.01
L	1027556067	1027556067	1	13	13	0.01
L	1024086024	1024086024	1	13	13	0.01
L	1021535506	1021535506	1	13	13	0.01
L	1030218414	1030218414	1	13	13	0.01
L	1030294004	1030294004	1	13	13	0.01
L	1074707074	1074707074	1	13	13	0.01
L	1075489405	1075489405	1	13	13	0.01
L	1086548954	1086548954	1	13	13	0.01
L	1086369789	1086369789	1	13	13	0.01
L	1086094149	1086094149	1	13	13	0.01
L	1086083695	1086083695	1	13	13	0.01
L	1085805073	1085805073	1	13	13	0.01
L	1076851198	1076851198	1	13	13	0.01
L	1076731129	1076731129	1	13	13	0.01
L	529137926	529137926	1	13	13	0.01
L	1155820710	1155820710	1	13	13	0.01
L	1155729055	1155729055	1	13	13	0.01
L	1132590946	1132590946	1	13	13	0.01
L	2770077991	2770077991	1	13	13	0.01
L	1120175431	1120175431	1	13	13	0.01
L	1120220042	1120220042	1	13	13	0.01
L	1132030723	1132030723	1	13	13	0.01
L	1132429297	1132429297	1	13	13	0.01
L	1128606916	1128606916	1	13	13	0.01
L	832996258	832996258	1	13	13	0.01
L	1919725097	1919725097	1	13	13	0.01
L	1112477604	1112477604	1	13	13	0.01
L	1048901369	1048901369	1	13	13	0.01
L	1048562190	1048562190	1	13	13	0.01
L	1095736691	1095736691	1	13	13	0.01
L	1095780427	1095780427	1	13	13	0.01
L	1095848535	1095848535	1	13	13	0.01
L	1095918632	1095918632	1	13	13	0.01
L	1096558771	1096558771	1	13	13	0.01
L	1096603077	1096603077	1	13	13	0.01
L	1100264312	1100264312	1	13	13	0.01
L	1100337037	1100337037	1	13	13	0.01
L	1095312780	1095312780	1	13	13	0.01
L	1092544844	1092544844	1	13	13	0.01
L	1089460380	1089460380	1	13	13	0.01
L	1089421526	1089421526	1	13	13	0.01
L	1088818668	1088818668	1	13	13	0.01
L	1088762516	1088762516	1	13	13	0.01
L	1088107330	1088107330	1	13	13	0.01
L	1174063162	1174063162	1	13	13	0.01
L	1250474710	1250474710	1	13	13	0.01
L	1250508853	1250508853	1	13	13	0.01
L	1154690122	1154690122	1	13	13	0.01
L	1066809089	1066809089	1	13	13	0.01
L	1066886052	1066886052	1	13	13	0.01
L	1066959078	1066959078	1	13	13	0.01
L	1067071777	1067071777	1	13	13	0.01
L	1070247874	1070247874	1	13	13	0.01
L	1070182497	1070182497	1	13	13	0.01
L	1069822801	1069822801	1	13	13	0.01
L	1121392587	1121392587	1	13	13	0.01
L	1123454802	1123454802	1	13	13	0.01
L	1140897986	1140897986	1	13	13	0.01
L	1140791424	1140791424	1	13	13	0.01
L	1140685014	1140685014	1	13	13	0.01
L	1134599574	1134599574	1	13	13	0.01
L	1141305005	1141305005	1	13	13	0.01
L	1141459703	1141459703	1	13	13	0.01
L	1142531263	1142531263	1	13	13	0.01
L	1142590038	1142590038	1	13	13	0.01
L	1328334631	1328334631	1	13	13	0.01
L	1181559051	1181559051	1	13	13	0.01
L	1180492507	1180492507	1	13	13	0.01
L	1177472354	1177472354	1	13	13	0.01
L	1175871772	1175871772	1	13	13	0.01
L	1175819929	1175819929	1	13	13	0.01
L	1175384775	1175384775	1	13	13	0.01
L	1133773	1133773	1	13	13	0.01
L	1164024828	1164024828	1	13	13	0.01
L	1163514281	1163514281	1	13	13	0.01
L	1165337243	1165337243	1	13	13	0.01
L	1165396023	1165396023	1	13	13	0.01
L	1165480177	1165480177	1	13	13	0.01
L	1146669194	1146669194	1	13	13	0.01
L	2556471268	2556471268	1	13	13	0.01
L	1139468614	1139468614	1	13	13	0.01
L	1139419161	1139419161	1	13	13	0.01
L	1066769091	1066769091	1	13	13	0.01
L	1031738809	1031738809	1	13	13	0.01
L	1070893418	1070893418	1	13	13	0.01
L	1071307234	1071307234	1	13	13	0.01
L	1071381224	1071381224	1	13	13	0.01
L	1061654813	1061654813	1	13	13	0.01
L	1034612061	1034612061	1	13	13	0.01
L	1058619560	1058619560	1	13	13	0.01
L	1035084166	1035084166	1	13	13	0.01
L	1141253595	1141253595	1	13	13	0.01
L	1139224075	1139224075	1	13	13	0.01
L	1066707211	1066707211	1	13	13	0.01
L	1050723142	1050723142	1	13	13	0.01
L	1051269926	1051269926	1	13	13	0.01
L	1056161900	1056161900	1	13	13	0.01
L	1056424319	1056424319	1	13	13	0.01
L	1056507710	1056507710	1	13	13	0.01
L	1762205691	1762205691	1	14	14	0.01
L	1785596255	1785596255	1	14	14	0.01
L	1786489616	1786489616	1	14	14	0.01
L	1786171082	1786171082	1	14	14	0.01
L	1786130055	1786130055	1	14	14	0.01
L	1785962980	1785962980	1	14	14	0.01
L	1619142210	1619142210	1	14	14	0.01
L	1688556442	1688556442	1	14	14	0.01
L	1688709213	1688709213	1	14	14	0.01
L	1688718488	1688718488	1	14	14	0.01
L	1688762967	1688762967	1	14	14	0.01
L	1694268299	1694268299	1	14	14	0.01
L	1698711898	1698711898	1	14	14	0.01
L	1701282702	1701282702	1	14	14	0.01
L	1701123376	1701123376	1	14	14	0.01
L	2230213180	2230213180	1	14	14	0.01
L	1619400808	1619400808	1	14	14	0.01
L	1687694074	1687694074	1	14	14	0.01
L	1691688638	1691688638	1	14	14	0.01
L	1688780453	1688780453	1	14	14	0.01
L	1692133603	1692133603	1	14	14	0.01
L	1692145216	1692145216	1	14	14	0.01
L	1687904393	1687904393	1	14	14	0.01
L	1693057345	1693057345	1	14	14	0.01
L	1689548357	1689548357	1	14	14	0.01
L	1699092151	1699092151	1	14	14	0.01
L	1698658817	1698658817	1	14	14	0.01
L	1697104473	1697104473	1	14	14	0.01
L	1701612023	1701612023	1	14	14	0.01
L	1701544882	1701544882	1	14	14	0.01
L	1701351513	1701351513	1	14	14	0.01
L	1703253276	1703253276	1	14	14	0.01
L	1716851743	1716851743	1	14	14	0.01
L	1717110153	1717110153	1	14	14	0.01
L	1764823391	1764823391	1	14	14	0.01
L	1764798292	1764798292	1	14	14	0.01
L	1764609029	1764609029	1	14	14	0.01
L	1764388949	1764388949	1	14	14	0.01
L	1718404723	1718404723	1	14	14	0.01
L	2573504144	2573504144	1	14	14	0.01
L	1719180096	1719180096	1	14	14	0.01
L	1722212024	1722212024	1	14	14	0.01
L	1722513790	1722513790	1	14	14	0.01
L	1725263181	1725263181	1	14	14	0.01
L	1724464199	1724464199	1	14	14	0.01
L	1723813976	1723813976	1	14	14	0.01
L	1727148054	1727148054	1	14	14	0.01
L	1726959897	1726959897	1	14	14	0.01
L	1777504939	1777504939	1	14	14	0.01
L	1779773650	1779773650	1	14	14	0.01
L	1779803852	1779803852	1	14	14	0.01
L	1781319648	1781319648	1	14	14	0.01
L	1781575253	1781575253	1	14	14	0.01
L	1781935987	1781935987	1	14	14	0.01
L	1782339975	1782339975	1	14	14	0.01
L	1787537500	1787537500	1	14	14	0.01
L	1787219448	1787219448	1	14	14	0.01
L	1787055261	1787055261	1	14	14	0.01
L	1789304543	1789304543	1	14	14	0.01
L	1776979956	1776979956	1	14	14	0.01
L	1776879672	1776879672	1	14	14	0.01
L	1776816904	1776816904	1	14	14	0.01
L	1775992602	1775992602	1	14	14	0.01
L	1775913924	1775913924	1	14	14	0.01
L	1731557661	1731557661	1	14	14	0.01
L	1731389607	1731389607	1	14	14	0.01
L	1728535703	1728535703	1	14	14	0.01
L	1728551901	1728551901	1	14	14	0.01
L	1729128865	1729128865	1	14	14	0.01
L	1752975401	1752975401	1	14	14	0.01
L	1731681477	1731681477	1	14	14	0.01
L	1731627758	1731627758	1	14	14	0.01
L	1771887778	1771887778	1	14	14	0.01
L	1769881550	1769881550	1	14	14	0.01
L	1751123799	1751123799	1	14	14	0.01
L	1730768719	1730768719	1	14	14	0.01
L	1736471859	1736471859	1	14	14	0.01
L	1732157952	1732157952	1	14	14	0.01
L	1732113873	1732113873	1	14	14	0.01
L	1731753473	1731753473	1	14	14	0.01
L	1727274682	1727274682	1	14	14	0.01
L	1727737382	1727737382	1	14	14	0.01
L	1727804635	1727804635	1	14	14	0.01
L	1728190502	1728190502	1	14	14	0.01
L	1747033477	1747033477	1	14	14	0.01
L	1747335669	1747335669	1	14	14	0.01
L	1749936542	1749936542	1	14	14	0.01
L	1749750052	1749750052	1	14	14	0.01
L	1748378907	1748378907	1	14	14	0.01
L	1748236794	1748236794	1	14	14	0.01
L	1747478679	1747478679	1	14	14	0.01
L	1773003425	1773003425	1	14	14	0.01
L	2020534389	2020534389	1	15	15	0.01
L	2042345947	2042345947	1	15	15	0.01
L	2042485605	2042485605	1	15	15	0.01
L	2042865610	2042865610	1	15	15	0.01
L	2042965224	2042965224	1	15	15	0.01
L	2015458191	2015458191	1	15	15	0.01
L	2015508779	2015508779	1	15	15	0.01
L	2017954601	2017954601	1	15	15	0.01
L	2018140809	2018140809	1	15	15	0.01
L	2018173170	2018173170	1	15	15	0.01
L	2023961814	2023961814	1	15	15	0.01
L	2021746231	2021746231	1	15	15	0.01
L	2021689933	2021689933	1	15	15	0.01
L	2021666656	2021666656	1	15	15	0.01
L	2021651894	2021651894	1	15	15	0.01
L	2081739259	2081739259	1	15	15	0.01
L	2081685478	2081685478	1	15	15	0.01
L	2081664534	2081664534	1	15	15	0.01
L	2081597048	2081597048	1	15	15	0.01
L	2081586659	2081586659	1	15	15	0.01
L	2081557163	2081557163	1	15	15	0.01
L	2025868337	2025868337	1	15	15	0.01
L	2026187463	2026187463	1	15	15	0.01
L	2039809974	2039809974	1	15	15	0.01
L	2039701400	2039701400	1	15	15	0.01
L	2029679029	2029679029	1	15	15	0.01
L	2030080661	2030080661	1	15	15	0.01
L	2038516016	2038516016	1	15	15	0.01
L	2022710483	2022710483	1	15	15	0.01
L	2022746875	2022746875	1	15	15	0.01
L	2088577138	2088577138	1	15	15	0.01
L	2088899295	2088899295	1	15	15	0.01
L	2089449995	2089449995	1	15	15	0.01
L	2089604266	2089604266	1	15	15	0.01
L	2091086693	2091086693	1	15	15	0.01
L	2029548108	2029548108	1	15	15	0.01
L	2763860131	2763860131	1	15	15	0.01
L	2024101560	2024101560	1	15	15	0.01
L	2024150992	2024150992	1	15	15	0.01
L	2024156923	2024156923	1	15	15	0.01
L	2026221588	2026221588	1	15	15	0.01
L	2079946650	2079946650	1	15	15	0.01
L	2079891675	2079891675	1	15	15	0.01
L	2085078102	2085078102	1	15	15	0.01
L	2085166575	2085166575	1	15	15	0.01
L	2072206573	2072206573	1	15	15	0.01
L	2079058485	2079058485	1	15	15	0.01
L	2079427930	2079427930	1	15	15	0.01
L	2079796984	2079796984	1	15	15	0.01
L	2068713580	2068713580	1	15	15	0.01
L	2065425404	2065425404	1	15	15	0.01
L	2070045198	2070045198	1	15	15	0.01
L	2069597760	2069597760	1	15	15	0.01
L	2069609926	2069609926	1	15	15	0.01
L	2069903202	2069903202	1	15	15	0.01
L	2067794243	2067794243	1	15	15	0.01
L	2067680797	2067680797	1	15	15	0.01
L	2067632156	2067632156	1	15	15	0.01
L	2069317412	2069317412	1	15	15	0.01
L	2068974957	2068974957	1	15	15	0.01
L	2091706496	2091706496	1	15	15	0.01
L	2067625333	2067625333	1	15	15	0.01
L	2082104331	2082104331	1	15	15	0.01
L	2082002842	2082002842	1	15	15	0.01
L	2081987103	2081987103	1	15	15	0.01
L	2081972699	2081972699	1	15	15	0.01
L	2191377009	2191377009	1	15	15	0.01
L	2065346962	2065346962	1	15	15	0.01
L	2065885132	2065885132	1	15	15	0.01
L	2065699030	2065699030	1	15	15	0.01
L	2065597911	2065597911	1	15	15	0.01
L	2048346251	2048346251	1	15	15	0.01
L	2049561055	2049561055	1	15	15	0.01
L	2049747218	2049747218	1	15	15	0.01
L	2050511241	2050511241	1	15	15	0.01
L	2050484579	2050484579	1	15	15	0.01
L	2052183622	2052183622	1	15	15	0.01
L	2052426507	2052426507	1	15	15	0.01
L	2064152923	2064152923	1	15	15	0.01
L	2062296105	2062296105	1	15	15	0.01
L	2056706849	2056706849	1	15	15	0.01
L	2056610517	2056610517	1	15	15	0.01
L	2055827877	2055827877	1	15	15	0.01
L	506432231	506432231	1	15	15	0.01
L	2095378092	2095378092	1	15	15	0.01
L	2095340606	2095340606	1	15	15	0.01
L	2040443511	2040443511	1	15	15	0.01
L	2379756274	2379756274	1	16	16	0.01
L	2389242010	2389242010	1	16	16	0.01
L	2364206930	2364206930	1	16	16	0.01
L	2399502080	2399502080	1	16	16	0.01
L	2396336579	2396336579	1	16	16	0.01
L	2396213795	2396213795	1	16	16	0.01
L	2395228146	2395228146	1	16	16	0.01
L	2394750986	2394750986	1	16	16	0.01
L	2392221545	2392221545	1	16	16	0.01
L	2380050329	2380050329	1	16	16	0.01
L	2803884542	2803884542	1	16	16	0.01
L	324739881	324739881	1	16	16	0.01
L	2380712265	2380712265	1	16	16	0.01
L	2380779171	2380779171	1	16	16	0.01
L	2380842792	2380842792	1	16	16	0.01
L	2374219549	2374219549	1	16	16	0.01
L	2374965127	2374965127	1	16	16	0.01
L	2374831803	2374831803	1	16	16	0.01
L	2376942744	2376942744	1	16	16	0.01
L	2373194077	2373194077	1	16	16	0.01
L	2373253063	2373253063	1	16	16	0.01
L	2373455859	2373455859	1	16	16	0.01
L	2373562589	2373562589	1	16	16	0.01
L	2379877893	2379877893	1	16	16	0.01
L	2379859190	2379859190	1	16	16	0.01
L	2369916696	2369916696	1	16	16	0.01
L	2383812557	2383812557	1	16	16	0.01
L	2389734507	2389734507	1	16	16	0.01
L	2389807271	2389807271	1	16	16	0.01
L	2357222447	2357222447	1	16	16	0.01
L	2388567503	2388567503	1	16	16	0.01
L	2385479553	2385479553	1	16	16	0.01
L	2352840013	2352840013	1	16	16	0.01
L	2352791091	2352791091	1	16	16	0.01
L	2352755231	2352755231	1	16	16	0.01
L	2352742738	2352742738	1	16	16	0.01
L	2399905194	2399905194	1	16	16	0.01
L	2400756960	2400756960	1	16	16	0.01
L	2357738876	2357738876	1	16	16	0.01
L	2381357271	2381357271	1	16	16	0.01
L	2383392898	2383392898	1	16	16	0.01
L	2383372995	2383372995	1	16	16	0.01
L	2385554067	2385554067	1	16	16	0.01
L	1384057542	1384057542	1	17	17	0.01
L	1359312667	1359312667	1	17	17	0.01
L	1359013104	1359013104	1	17	17	0.01
L	1395612651	1395612651	1	17	17	0.01
L	1395715602	1395715602	1	17	17	0.01
L	1395881048	1395881048	1	17	17	0.01
L	1395975315	1395975315	1	17	17	0.01
L	1396462768	1396462768	1	17	17	0.01
L	1400423678	1400423678	1	17	17	0.01
L	1404072856	1404072856	1	17	17	0.01
L	1376377702	1376377702	1	17	17	0.01
L	424314293	424314293	1	17	17	0.01
L	1351221967	1351221967	1	17	17	0.01
L	1351896207	1351896207	1	17	17	0.01
L	1362429751	1362429751	1	17	17	0.01
L	1362394168	1362394168	1	17	17	0.01
L	1353640619	1353640619	1	17	17	0.01
L	1380110783	1380110783	1	17	17	0.01
L	1380412790	1380412790	1	17	17	0.01
L	1380607776	1380607776	1	17	17	0.01
L	1351886978	1351886978	1	17	17	0.01
L	1352828465	1352828465	1	17	17	0.01
L	1353379045	1353379045	1	17	17	0.01
L	1353781321	1353781321	1	17	17	0.01
L	1353729393	1353729393	1	17	17	0.01
L	1348866291	1348866291	1	17	17	0.01
L	2467662785	2467662785	1	17	17	0.01
L	1347561137	1347561137	1	17	17	0.01
L	1381572901	1381572901	1	17	17	0.01
L	521039418	521039418	1	17	17	0.01
L	1352862755	1352862755	1	17	17	0.01
L	326082329	326082329	1	18	18	0.01
L	325713969	325713969	1	18	18	0.01
L	296287724	296287724	1	18	18	0.01
L	305440895	305440895	1	18	18	0.01
L	305266554	305266554	1	18	18	0.01
L	314026075	314026075	1	18	18	0.01
L	317320964	317320964	1	18	18	0.01
L	317384050	317384050	1	18	18	0.01
L	321317658	321317658	1	18	18	0.01
L	318761159	318761159	1	18	18	0.01
L	324881547	324881547	1	18	18	0.01
L	313685314	313685314	1	18	18	0.01
L	250812080	250812080	1	18	18	0.01
L	312439788	312439788	1	18	18	0.01
L	309643376	309643376	1	18	18	0.01
L	239140721	239140721	1	18	18	0.01
L	2186264349	2186264349	1	18	18	0.01
L	252876985	252876985	1	18	18	0.01
L	252748940	252748940	1	18	18	0.01
L	252034653	252034653	1	18	18	0.01
L	253186600	253186600	1	18	18	0.01
L	254179845	254179845	1	18	18	0.01
L	254236199	254236199	1	18	18	0.01
L	254301479	254301479	1	18	18	0.01
L	254465963	254465963	1	18	18	0.01
L	504001345	504001345	1	18	18	0.01
L	503536850	503536850	1	18	18	0.01
L	1351397364	1351397364	1	18	18	0.01
L	499937872	499937872	1	18	18	0.01
L	497948732	497948732	1	18	18	0.01
L	497809754	497809754	1	18	18	0.01
L	497319716	497319716	1	18	18	0.01
L	497046061	497046061	1	18	18	0.01
L	496750638	496750638	1	18	18	0.01
L	495567178	495567178	1	18	18	0.01
L	493257713	493257713	1	18	18	0.01
L	498861420	498861420	1	18	18	0.01
L	362526297	362526297	1	18	18	0.01
L	354345982	354345982	1	18	18	0.01
L	408447291	408447291	1	18	18	0.01
L	407879048	407879048	1	18	18	0.01
L	250738204	250738204	1	18	18	0.01
L	249390483	249390483	1	18	18	0.01
L	249088917	249088917	1	18	18	0.01
L	334013177	334013177	1	18	18	0.01
L	335857124	335857124	1	18	18	0.01
L	250676818	250676818	1	18	18	0.01
L	350878268	350878268	1	18	18	0.01
L	309744792	309744792	1	18	18	0.01
L	309657995	309657995	1	18	18	0.01
L	351949535	351949535	1	18	18	0.01
L	239367526	239367526	1	18	18	0.01
L	246342519	246342519	1	18	18	0.01
L	246387375	246387375	1	18	18	0.01
L	248584428	248584428	1	18	18	0.01
L	354475611	354475611	1	18	18	0.01
L	354644489	354644489	1	18	18	0.01
L	365709151	365709151	1	18	18	0.01
L	365573810	365573810	1	18	18	0.01
L	365119624	365119624	1	18	18	0.01
L	363720406	363720406	1	18	18	0.01
L	261227375	261227375	1	18	18	0.01
L	264246363	264246363	1	18	18	0.01
L	238073986	238073986	1	18	18	0.01
L	237901042	237901042	1	18	18	0.01
L	248569906	248569906	1	18	18	0.01
L	236898948	236898948	1	18	18	0.01
L	236963525	236963525	1	18	18	0.01
L	227777378	227777378	1	18	18	0.01
L	239200407	239200407	1	18	18	0.01
L	234654157	234654157	1	18	18	0.01
L	233646400	233646400	1	18	18	0.01
L	234926877	234926877	1	18	18	0.01
L	2111421938	2111421938	1	19	19	0.01
L	2099204337	2099204337	1	19	19	0.01
L	2113319124	2113319124	1	19	19	0.01
L	2116219381	2116219381	1	19	19	0.01
L	2119904695	2119904695	1	19	19	0.01
L	2120715782	2120715782	1	19	19	0.01
L	2162171597	2162171597	1	19	19	0.01
L	2161194080	2161194080	1	19	19	0.01
L	2161156720	2161156720	1	19	19	0.01
L	2160635965	2160635965	1	19	19	0.01
L	2156492721	2156492721	1	19	19	0.01
L	2163218188	2163218188	1	19	19	0.01
L	2163314519	2163314519	1	19	19	0.01
L	2163459209	2163459209	1	19	19	0.01
L	2163523182	2163523182	1	19	19	0.01
L	2163557707	2163557707	1	19	19	0.01
L	2147735690	2147735690	1	19	19	0.01
L	2147287776	2147287776	1	19	19	0.01
L	2141143006	2141143006	1	19	19	0.01
L	2133732374	2133732374	1	19	19	0.01
L	2141825562	2141825562	1	19	19	0.01
L	2140744503	2140744503	1	19	19	0.01
L	2097628861	2097628861	1	19	19	0.01
L	2099886726	2099886726	1	19	19	0.01
L	2103737595	2103737595	1	19	19	0.01
L	2109901298	2109901298	1	19	19	0.01
L	1496425099	1496425099	1	19	19	0.01
L	2110449178	2110449178	1	19	19	0.01
L	2100190468	2100190468	1	19	19	0.01
L	2011512438	2011512438	1	19	19	0.01
L	2110506862	2110506862	1	19	19	0.01
L	2110567227	2110567227	1	19	19	0.01
L	2109844335	2109844335	1	19	19	0.01
L	2109828514	2109828514	1	19	19	0.01
L	2110136449	2110136449	1	19	19	0.01
L	2110088523	2110088523	1	19	19	0.01
L	2109892382	2109892382	1	19	19	0.01
L	2136725933	2136725933	1	19	19	0.01
L	2142422448	2142422448	1	19	19	0.01
L	2154485604	2154485604	1	19	19	0.01
L	2164739971	2164739971	1	19	19	0.01
L	2165977528	2165977528	1	19	19	0.01
L	2166341538	2166341538	1	19	19	0.01
L	2126602484	2126602484	1	19	19	0.01
L	2124984581	2124984581	1	19	19	0.01
L	2126037647	2126037647	1	19	19	0.01
L	2123840473	2123840473	1	19	19	0.01
L	2123307856	2123307856	1	19	19	0.01
L	2132687956	2132687956	1	19	19	0.01
L	2140450424	2140450424	1	19	19	0.01
L	2140606133	2140606133	1	19	19	0.01
L	2142193202	2142193202	1	19	19	0.01
L	2146583146	2146583146	1	19	19	0.01
L	2154661093	2154661093	1	19	19	0.01
L	1854144154	1854144154	1	20	20	0.01
L	1853615092	1853615092	1	20	20	0.01
L	1854298201	1854298201	1	20	20	0.01
L	1855555241	1855555241	1	20	20	0.01
L	1856123283	1856123283	1	20	20	0.01
L	1857828107	1857828107	1	20	20	0.01
L	1896842602	1896842602	1	20	20	0.01
L	1895407213	1895407213	1	20	20	0.01
L	1890157435	1890157435	1	20	20	0.01
L	1890123275	1890123275	1	20	20	0.01
L	1890047400	1890047400	1	20	20	0.01
L	1889062236	1889062236	1	20	20	0.01
L	1887138027	1887138027	1	20	20	0.01
L	1886916680	1886916680	1	20	20	0.01
L	1191409533	1191409533	1	20	20	0.01
L	1884635823	1884635823	1	20	20	0.01
L	1883521777	1883521777	1	20	20	0.01
L	1873097621	1873097621	1	20	20	0.01
L	1875224030	1875224030	1	20	20	0.01
L	1875511568	1875511568	1	20	20	0.01
L	1875553974	1875553974	1	20	20	0.01
L	1875808449	1875808449	1	20	20	0.01
L	1875890062	1875890062	1	20	20	0.01
L	1876101437	1876101437	1	20	20	0.01
L	1876999209	1876999209	1	20	20	0.01
L	1879663474	1879663474	1	20	20	0.01
L	1880100319	1880100319	1	20	20	0.01
L	1881187607	1881187607	1	20	20	0.01
L	1882130361	1882130361	1	20	20	0.01
L	1882629771	1882629771	1	20	20	0.01
L	1871512881	1871512881	1	20	20	0.01
L	1870890304	1870890304	1	20	20	0.01
L	1870600061	1870600061	1	20	20	0.01
L	1870014309	1870014309	1	20	20	0.01
L	1865914576	1865914576	1	20	20	0.01
L	2652549554	2652549554	1	20	20	0.01
L	1862376354	1862376354	1	20	20	0.01
L	1862385956	1862385956	1	20	20	0.01
L	1862563744	1862563744	1	20	20	0.01
L	1862665180	1862665180	1	20	20	0.01
L	1863275679	1863275679	1	20	20	0.01
L	1859313234	1859313234	1	20	20	0.01
L	1859491636	1859491636	1	20	20	0.01
L	1860163668	1860163668	1	20	20	0.01
L	1860133839	1860133839	1	20	20	0.01
L	1860074856	1860074856	1	20	20	0.01
L	1859936316	1859936316	1	20	20	0.01
L	1861189949	1861189949	1	20	20	0.01
L	1861572737	1861572737	1	20	20	0.01
L	1861549996	1861549996	1	20	20	0.01
L	1863908583	1863908583	1	20	20	0.01
L	1865652475	1865652475	1	20	20	0.01
L	1865208549	1865208549	1	20	20	0.01
L	1863816684	1863816684	1	20	20	0.01
L	702077884	702077884	1	20	20	0.01
L	1860235308	1860235308	1	20	20	0.01
L	1824772010	1824772010	1	20	20	0.01
L	1813198116	1813198116	1	20	20	0.01
L	1813272123	1813272123	1	20	20	0.01
L	1822403427	1822403427	1	20	20	0.01
L	1850525425	1850525425	1	20	20	0.01
L	1824906872	1824906872	1	20	20	0.01
L	1825014096	1825014096	1	20	20	0.01
L	1825527716	1825527716	1	20	20	0.01
L	1825324978	1825324978	1	20	20	0.01
L	1842621611	1842621611	1	20	20	0.01
L	2639538962	2639538962	1	20	20	0.01
L	2310509433	2310509433	1	21	21	0.01
L	2310559809	2310559809	1	21	21	0.01
L	2310594710	2310594710	1	21	21	0.01
L	2313926439	2313926439	1	21	21	0.01
L	2314438344	2314438344	1	21	21	0.01
L	2314913514	2314913514	1	21	21	0.01
L	2324068132	2324068132	1	21	21	0.01
L	2324245935	2324245935	1	21	21	0.01
L	2329054195	2329054195	1	21	21	0.01
L	2329319389	2329319389	1	21	21	0.01
L	2331781071	2331781071	1	21	21	0.01
L	2332229612	2332229612	1	21	21	0.01
L	2334216307	2334216307	1	21	21	0.01
L	2334229038	2334229038	1	21	21	0.01
L	2334332301	2334332301	1	21	21	0.01
L	2337694946	2337694946	1	21	21	0.01
L	2342539757	2342539757	1	21	21	0.01
L	2342561104	2342561104	1	21	21	0.01
L	2293573964	2293573964	1	21	21	0.01
L	2346048706	2346048706	1	21	21	0.01
L	2347203638	2347203638	1	21	21	0.01
L	2346412867	2346412867	1	21	21	0.01
L	2296507389	2296507389	1	21	21	0.01
L	2296527152	2296527152	1	21	21	0.01
L	2289628599	2289628599	1	21	21	0.01
L	2296375748	2296375748	1	21	21	0.01
L	2293611168	2293611168	1	21	21	0.01
L	2346573922	2346573922	1	21	21	0.01
L	2315722074	2315722074	1	21	21	0.01
L	2323532386	2323532386	1	21	21	0.01
L	2320701535	2320701535	1	21	21	0.01
L	2321020389	2321020389	1	21	21	0.01
L	2316229078	2316229078	1	21	21	0.01
L	2317930761	2317930761	1	21	21	0.01
L	2317978166	2317978166	1	21	21	0.01
L	2316113858	2316113858	1	21	21	0.01
L	2323543296	2323543296	1	21	21	0.01
L	2323557415	2323557415	1	21	21	0.01
L	2294507943	2294507943	1	21	21	0.01
L	2294483578	2294483578	1	21	21	0.01
L	2297395607	2297395607	1	21	21	0.01
L	2298128851	2298128851	1	21	21	0.01
L	2296860210	2296860210	1	21	21	0.01
L	2296973860	2296973860	1	21	21	0.01
L	2322892382	2322892382	1	21	21	0.01
L	2322753733	2322753733	1	21	21	0.01
L	2322419192	2322419192	1	21	21	0.01
L	2323032702	2323032702	1	21	21	0.01
L	2323008314	2323008314	1	21	21	0.01
L	2304181510	2304181510	1	21	21	0.01
L	2303782490	2303782490	1	21	21	0.01
L	2302792268	2302792268	1	21	21	0.01
L	584735334	584735334	1	21	21	0.01
L	2299417954	2299417954	1	21	21	0.01
L	2298972116	2298972116	1	21	21	0.01
L	2291006325	2291006325	1	21	21	0.01
L	2291353535	2291353535	1	21	21	0.01
L	2291601499	2291601499	1	21	21	0.01
L	2511590469	2511590469	1	21	21	0.01
L	2280917999	2280917999	1	22	22	0.01
L	2283159504	2283159504	1	22	22	0.01
L	2280972503	2280972503	1	22	22	0.01
L	2284234715	2284234715	1	22	22	0.01
L	2284282052	2284282052	1	22	22	0.01
L	2284379772	2284379772	1	22	22	0.01
L	2287053500	2287053500	1	22	22	0.01
L	2848160548	2848160548	1	22	22	0.01
L	2281084771	2281084771	1	22	22	0.01
L	2281333935	2281333935	1	22	22	0.01
L	2281714408	2281714408	1	22	22	0.01
L	2282669978	2282669978	1	22	22	0.01
L	2284059285	2284059285	1	22	22	0.01
L	2283936519	2283936519	1	22	22	0.01
L	2283452657	2283452657	1	22	22	0.01
L	2282887237	2282887237	1	22	22	0.01
L	2282922003	2282922003	1	22	22	0.01
L	2282993353	2282993353	1	22	22	0.01
L	2283007498	2283007498	1	22	22	0.01
L	2286757089	2286757089	1	22	22	0.01
L	2284704229	2284704229	1	22	22	0.01
L	2284382936	2284382936	1	22	22	0.01
L	2286703167	2286703167	1	22	22	0.01
L	2287270353	2287270353	1	22	22	0.01
L	2287172860	2287172860	1	22	22	0.01
L	2284807345	2284807345	1	22	22	0.01
L	2286667351	2286667351	1	22	22	0.01
L	2283901753	2283901753	1	22	22	0.01
L	2274220145	2274220145	1	22	22	0.01
L	2274550105	2274550105	1	22	22	0.01
L	2275185191	2275185191	1	22	22	0.01
L	2277358500	2277358500	1	22	22	0.01
L	2277863803	2277863803	1	22	22	0.01
L	2278174156	2278174156	1	22	22	0.01
L	2278229196	2278229196	1	22	22	0.01
L	2279785205	2279785205	1	22	22	0.01
L	2280443109	2280443109	1	22	22	0.01
L	2280561846	2280561846	1	22	22	0.01
L	2273935707	2273935707	1	22	22	0.01
L	2273913713	2273913713	1	22	22	0.01
L	2270002619	2270002619	1	22	22	0.01
L	2269773623	2269773623	1	22	22	0.01
L	2262328663	2262328663	1	22	22	0.01
L	2261631515	2261631515	1	22	22	0.01
L	2261466319	2261466319	1	22	22	0.01
L	2261414629	2261414629	1	22	22	0.01
L	2282749523	2282749523	1	22	22	0.01
L	2230364775	2230364775	1	22	22	0.01
L	2230405361	2230405361	1	22	22	0.01
L	2236004004	2236004004	1	22	22	0.01
L	2233137425	2233137425	1	22	22	0.01
L	2232850334	2232850334	1	22	22	0.01
L	2233907626	2233907626	1	22	22	0.01
L	2233861964	2233861964	1	22	22	0.01
L	2233779937	2233779937	1	22	22	0.01
L	2231655313	2231655313	1	22	22	0.01
L	2231684200	2231684200	1	22	22	0.01
L	2235019775	2235019775	1	22	22	0.01
L	2234971605	2234971605	1	22	22	0.01
L	2229828428	2229828428	1	22	22	0.01
L	2230159308	2230159308	1	22	22	0.01
L	2229559082	2229559082	1	22	22	0.01
L	2233953079	2233953079	1	22	22	0.01
L	2229510635	2229510635	1	22	22	0.01
L	2235866010	2235866010	1	22	22	0.01
L	2235746908	2235746908	1	22	22	0.01
L	2235904599	2235904599	1	22	22	0.01
L	2236068724	2236068724	1	22	22	0.01
L	2234277130	2234277130	1	22	22	0.01
L	2230036392	2230036392	1	22	22	0.01
L	2230523692	2230523692	1	22	22	0.01
L	2230798397	2230798397	1	22	22	0.01
L	2230922366	2230922366	1	22	22	0.01
L	2231397661	2231397661	1	22	22	0.01
L	2231259962	2231259962	1	22	22	0.01
L	2238733004	2238733004	1	22	22	0.01
L	2238779427	2238779427	1	22	22	0.01
L	2242813416	2242813416	1	22	22	0.01
L	2243317537	2243317537	1	22	22	0.01
L	2248099544	2248099544	1	22	22	0.01
L	2248221348	2248221348	1	22	22	0.01
L	2248276429	2248276429	1	22	22	0.01
L	2250144961	2250144961	1	22	22	0.01
L	2250414837	2250414837	1	22	22	0.01
L	2251729025	2251729025	1	22	22	0.01
L	2253284859	2253284859	1	22	22	0.01
L	2257383966	2257383966	1	22	22	0.01
L	2253717420	2253717420	1	22	22	0.01
L	78870036	78870036	1	23	23	0.01
L	79134928	79134928	1	23	23	0.01
L	79723138	79723138	1	23	23	0.01
L	213538389	213538389	1	23	23	0.01
L	211680109	211680109	1	23	23	0.01
L	211621873	211621873	1	23	23	0.01
L	211168610	211168610	1	23	23	0.01
L	156535309	156535309	1	23	23	0.01
L	201495671	201495671	1	23	23	0.01
L	221540893	221540893	1	23	23	0.01
L	221679013	221679013	1	23	23	0.01
L	167305119	167305119	1	23	23	0.01
L	168436614	168436614	1	23	23	0.01
L	178018370	178018370	1	23	23	0.01
L	173224926	173224926	1	23	23	0.01
L	206524034	206524034	1	23	23	0.01
L	206452255	206452255	1	23	23	0.01
L	203433070	203433070	1	23	23	0.01
L	202952337	202952337	1	23	23	0.01
L	201537701	201537701	1	23	23	0.01
L	67669780	67669780	1	23	23	0.01
L	66361721	66361721	1	23	23	0.01
L	66019464	66019464	1	23	23	0.01
L	3009223405	3009223405	1	23	23	0.01
L	209622500	209622500	1	23	23	0.01
L	174697930	174697930	1	23	23	0.01
L	165733648	165733648	1	23	23	0.01
L	176207633	176207633	1	23	23	0.01
L	140878476	140878476	1	23	23	0.01
L	177264184	177264184	1	23	23	0.01
L	1360000097	1360000097	1	23	23	0.01
L	156875355	156875355	1	23	23	0.01
L	157958541	157958541	1	23	23	0.01
L	158210064	158210064	1	23	23	0.01
L	140123803	140123803	1	23	23	0.01
L	139249901	139249901	1	23	23	0.01
L	200022511	200022511	1	23	23	0.01
L	163812230	163812230	1	23	23	0.01
L	162978237	162978237	1	23	23	0.01
L	162570630	162570630	1	23	23	0.01
L	138973205	138973205	1	23	23	0.01
L	111439262	111439262	1	23	23	0.01
L	126156302	126156302	1	23	23	0.01
L	160793836	160793836	1	23	23	0.01
L	1449079283	1449079283	1	23	23	0.01
L	159942210	159942210	1	23	23	0.01
L	99150947	99150947	1	23	23	0.01
L	98562722	98562722	1	23	23	0.01
L	97353630	97353630	1	23	23	0.01
L	92821201	92821201	1	23	23	0.01
L	104535598	104535598	1	23	23	0.01
L	104794793	104794793	1	23	23	0.01
L	119904540	119904540	1	23	23	0.01
L	119891680	119891680	1	23	23	0.01
L	99735058	99735058	1	23	23	0.01
L	100157264	100157264	1	23	23	0.01
L	103617014	103617014	1	23	23	0.01
L	103973223	103973223	1	23	23	0.01
L	104086172	104086172	1	23	23	0.01
L	68777836	68777836	1	23	23	0.01
L	1621281588	1621281588	1	24	24	0.01
L	1618052758	1618052758	1	24	24	0.01
L	1663047124	1663047124	1	24	24	0.01
L	1626835170	1626835170	1	24	24	0.01
L	1627502846	1627502846	1	24	24	0.01
L	2018714421	2018714421	1	24	24	0.01
L	1668162314	1668162314	1	24	24	0.01
L	1668928503	1668928503	1	24	24	0.01
L	1686973119	1686973119	1	24	24	0.01
L	1637132319	1637132319	1	24	24	0.01
L	1632751818	1632751818	1	24	24	0.01
L	1631396738	1631396738	1	24	24	0.01
L	1631235607	1631235607	1	24	24	0.01
L	1640511597	1640511597	1	24	24	0.01
L	1642374118	1642374118	1	24	24	0.01
L	1642598118	1642598118	1	24	24	0.01
L	1642744284	1642744284	1	24	24	0.01
L	1663274959	1663274959	1	24	24	0.01
L	1680157147	1680157147	1	24	24	0.01
L	1679534850	1679534850	1	24	24	0.01
L	1673890342	1673890342	1	24	24	0.01
L	1673855800	1673855800	1	24	24	0.01
L	1683532852	1683532852	1	24	24	0.01
L	1683549435	1683549435	1	24	24	0.01
L	1670936411	1670936411	1	24	24	0.01
L	1659497962	1659497962	1	24	24	0.01
L	1651506775	1651506775	1	24	24	0.01
L	1617833296	1617833296	1	24	24	0.01
L	1617894114	1617894114	1	24	24	0.01
L	1653521375	1653521375	1	24	24	0.01
L	1653415342	1653415342	1	24	24	0.01
L	1621163119	1621163119	1	24	24	0.01
L	1616813010	1616813010	1	24	24	0.01
L	1616784767	1616784767	1	24	24	0.01
L	2553525608	2553525608	1	24	24	0.01
L	1616717926	1616717926	1	24	24	0.01
L	1653193760	1653193760	1	24	24	0.01
L	1653127933	1653127933	1	24	24	0.01
L	1653087471	1653087471	1	24	24	0.01
L	1621028269	1621028269	1	24	24	0.01
L	1655050179	1655050179	1	24	24	0.01
L	1653685777	1653685777	1	24	24	0.01
L	1620720266	1620720266	1	24	24	0.01
L	1620670240	1620670240	1	24	24	0.01
L	1620857333	1620857333	1	24	24	0.01
L	1685556575	1685556575	1	24	24	0.01
L	1673785168	1673785168	1	24	24	0.01
L	1673554934	1673554934	1	24	24	0.01
L	1617570327	1617570327	1	24	24	0.01
L	1660966300	1660966300	1	24	24	0.01
L	1683727544	1683727544	1	24	24	0.01
L	1686836296	1686836296	1	24	24	0.01
L	1617632560	1617632560	1	24	24	0.01
L	1647504826	1647504826	1	24	24	0.01
L	1647122083	1647122083	1	24	24	0.01
L	2586760337	2586760337	1	25	25	0.01
L	2616116968	2616116968	1	25	25	0.01
L	2615741876	2615741876	1	25	25	0.01
L	2614163200	2614163200	1	25	25	0.01
L	2613684696	2613684696	1	25	25	0.01
L	2611843808	2611843808	1	25	25	0.01
L	2604911859	2604911859	1	25	25	0.01
L	2604832402	2604832402	1	25	25	0.01
L	2602075918	2602075918	1	25	25	0.01
L	2601883490	2601883490	1	25	25	0.01
L	2614280297	2614280297	1	25	25	0.01
L	2614772029	2614772029	1	25	25	0.01
L	2626658758	2626658758	1	25	25	0.01
L	2626594846	2626594846	1	25	25	0.01
L	2622315999	2622315999	1	25	25	0.01
L	2622840374	2622840374	1	25	25	0.01
L	2605729539	2605729539	1	25	25	0.01
L	2616592864	2616592864	1	25	25	0.01
L	2616391911	2616391911	1	25	25	0.01
L	2617189517	2617189517	1	25	25	0.01
L	2616955298	2616955298	1	25	25	0.01
L	2616890645	2616890645	1	25	25	0.01
L	2600763195	2600763195	1	25	25	0.01
L	275512196	275512196	1	25	25	0.01
L	2601079606	2601079606	1	25	25	0.01
L	2592404012	2592404012	1	25	25	0.01
L	2592372837	2592372837	1	25	25	0.01
L	2593483569	2593483569	1	25	25	0.01
L	2587770156	2587770156	1	25	25	0.01
L	2602300156	2602300156	1	25	25	0.01
L	2602326193	2602326193	1	25	25	0.01
L	2596995838	2596995838	1	25	25	0.01
L	2596680807	2596680807	1	25	25	0.01
L	2596613636	2596613636	1	25	25	0.01
L	2608813260	2608813260	1	25	25	0.01
L	2617002118	2617002118	1	25	25	0.01
L	1722021896	1722021896	1	25	25	0.01
L	2621203488	2621203488	1	25	25	0.01
L	2621233407	2621233407	1	25	25	0.01
L	2620209302	2620209302	1	25	25	0.01
L	2620228670	2620228670	1	25	25	0.01
L	2600984721	2600984721	1	25	25	0.01
L	2618573357	2618573357	1	25	25	0.01
L	2618061887	2618061887	1	25	25	0.01
L	2615667630	2615667630	1	25	25	0.01
L	2621270517	2621270517	1	25	25	0.01
L	2621267229	2621267229	1	25	25	0.01
L	2590000184	2590000184	1	25	25	0.01
L	2589498700	2589498700	1	25	25	0.01
L	2428058263	2428058263	1	26	26	0.01
L	2427757941	2427757941	1	26	26	0.01
L	2405871299	2405871299	1	26	26	0.01
L	2405936420	2405936420	1	26	26	0.01
L	2406400682	2406400682	1	26	26	0.01
L	2407588386	2407588386	1	26	26	0.01
L	2449337833	2449337833	1	26	26	0.01
L	2379850435	2379850435	1	26	26	0.01
L	2445714937	2445714937	1	26	26	0.01
L	2447854180	2447854180	1	26	26	0.01
L	2447775128	2447775128	1	26	26	0.01
L	2432284964	2432284964	1	26	26	0.01
L	2432684953	2432684953	1	26	26	0.01
L	2434817520	2434817520	1	26	26	0.01
L	2408235915	2408235915	1	26	26	0.01
L	2444436459	2444436459	1	26	26	0.01
L	2419561131	2419561131	1	26	26	0.01
L	2420993488	2420993488	1	26	26	0.01
L	2408540266	2408540266	1	26	26	0.01
L	2408501691	2408501691	1	26	26	0.01
L	2408494257	2408494257	1	26	26	0.01
L	2408446513	2408446513	1	26	26	0.01
L	2431505882	2431505882	1	26	26	0.01
L	2431291708	2431291708	1	26	26	0.01
L	2431113693	2431113693	1	26	26	0.01
L	2431052187	2431052187	1	26	26	0.01
L	2442289073	2442289073	1	26	26	0.01
L	2446404522	2446404522	1	26	26	0.01
L	2442943825	2442943825	1	26	26	0.01
L	2446085976	2446085976	1	26	26	0.01
L	2443706956	2443706956	1	26	26	0.01
L	2443231245	2443231245	1	26	26	0.01
L	2446258353	2446258353	1	26	26	0.01
L	2019370120	2019370120	1	26	26	0.01
L	2443120063	2443120063	1	26	26	0.01
L	2443350359	2443350359	1	26	26	0.01
L	2447398563	2447398563	1	26	26	0.01
L	2425011532	2425011532	1	26	26	0.01
L	150524968	150524968	1	26	26	0.01
L	2424742082	2424742082	1	26	26	0.01
L	2424675165	2424675165	1	26	26	0.01
L	2420281541	2420281541	1	26	26	0.01
L	2415370951	2415370951	1	26	26	0.01
L	2414695914	2414695914	1	26	26	0.01
L	2414663830	2414663830	1	26	26	0.01
L	878711423	878711423	1	26	26	0.01
L	2413142938	2413142938	1	26	26	0.01
L	363063634	363063634	1	26	26	0.01
L	2425871409	2425871409	1	26	26	0.01
L	2425951881	2425951881	1	26	26	0.01
L	2425968905	2425968905	1	26	26	0.01
L	2426017722	2426017722	1	26	26	0.01
L	2427010737	2427010737	1	26	26	0.01
L	2427030111	2427030111	1	26	26	0.01
L	2427435969	2427435969	1	26	26	0.01
L	2427444418	2427444418	1	26	26	0.01
L	2420558840	2420558840	1	26	26	0.01
L	2420515725	2420515725	1	26	26	0.01
L	2420425996	2420425996	1	26	26	0.01
L	2444999517	2444999517	1	26	26	0.01
L	2440588790	2440588790	1	26	26	0.01
L	2440856884	2440856884	1	26	26	0.01
L	2447752378	2447752378	1	26	26	0.01
L	2419705191	2419705191	1	26	26	0.01
L	2414756368	2414756368	1	26	26	0.01
L	2415435334	2415435334	1	26	26	0.01
L	2423841216	2423841216	1	26	26	0.01
L	2423677694	2423677694	1	26	26	0.01
L	2423660599	2423660599	1	26	26	0.01
L	2423409909	2423409909	1	26	26	0.01
L	2423224974	2423224974	1	26	26	0.01
L	2423191144	2423191144	1	26	26	0.01
L	2418505086	2418505086	1	26	26	0.01
L	2417819288	2417819288	1	26	26	0.01
L	2417389736	2417389736	1	26	26	0.01
L	2418952794	2418952794	1	26	26	0.01
L	2435347188	2435347188	1	26	26	0.01
L	2435207045	2435207045	1	26	26	0.01
L	2435200125	2435200125	1	26	26	0.01
L	2441839930	2441839930	1	26	26	0.01
L	2441794662	2441794662	1	26	26	0.01
L	2448856514	2448856514	1	26	26	0.01
L	2430514255	2430514255	1	26	26	0.01
L	2430084838	2430084838	1	26	26	0.01
L	135140049	135140049	1	27	27	0.01
L	133718211	133718211	1	27	27	0.01
L	2715166056	2715166056	1	27	27	0.01
L	131273823	131273823	1	27	27	0.01
L	199866014	199866014	1	27	27	0.01
L	198833119	198833119	1	27	27	0.01
L	197511779	197511779	1	27	27	0.01
L	195572224	195572224	1	27	27	0.01
L	192028483	192028483	1	27	27	0.01
L	185901219	185901219	1	27	27	0.01
L	185591166	185591166	1	27	27	0.01
L	185559734	185559734	1	27	27	0.01
L	1820996308	1820996308	1	27	27	0.01
L	219219448	219219448	1	27	27	0.01
L	46539485	46539485	1	27	27	0.01
L	137388139	137388139	1	27	27	0.01
L	43225586	43225586	1	27	27	0.01
L	43762153	43762153	1	27	27	0.01
L	215730549	215730549	1	27	27	0.01
L	216715271	216715271	1	27	27	0.01
L	46573063	46573063	1	27	27	0.01
L	59628064	59628064	1	27	27	0.01
L	59783149	59783149	1	27	27	0.01
L	60182811	60182811	1	27	27	0.01
L	38040829	38040829	1	27	27	0.01
L	38425752	38425752	1	27	27	0.01
L	38569539	38569539	1	27	27	0.01
L	39664343	39664343	1	27	27	0.01
L	41520565	41520565	1	27	27	0.01
L	41579037	41579037	1	27	27	0.01
L	3244907	3244907	1	27	27	0.01
L	3767623	3767623	1	27	27	0.01
L	3778449	3778449	1	27	27	0.01
L	2524220226	2524220226	1	27	27	0.01
L	2721248041	2721248041	1	27	27	0.01
L	3939192	3939192	1	27	27	0.01
L	4617793	4617793	1	27	27	0.01
L	4515407	4515407	1	27	27	0.01
L	4228236	4228236	1	27	27	0.01
L	4724741	4724741	1	27	27	0.01
L	5438508	5438508	1	27	27	0.01
L	5813635	5813635	1	27	27	0.01
L	1502790108	1502790108	1	27	27	0.01
L	14108429	14108429	1	27	27	0.01
L	13889805	13889805	1	27	27	0.01
L	12098804	12098804	1	27	27	0.01
L	19796004	19796004	1	27	27	0.01
L	20029844	20029844	1	27	27	0.01
L	20147546	20147546	1	27	27	0.01
L	20181321	20181321	1	27	27	0.01
L	21715400	21715400	1	27	27	0.01
L	21281951	21281951	1	27	27	0.01
L	23612733	23612733	1	27	27	0.01
L	2752632173	2752632173	1	28	28	0.01
L	2752640181	2752640181	1	28	28	0.01
L	2752656353	2752656353	1	28	28	0.01
L	2750452745	2750452745	1	28	28	0.01
L	2751181810	2751181810	1	28	28	0.01
L	2750192823	2750192823	1	28	28	0.01
L	2749848648	2749848648	1	28	28	0.01
L	2749228881	2749228881	1	28	28	0.01
L	2749137969	2749137969	1	28	28	0.01
L	2747677654	2747677654	1	28	28	0.01
L	2747694866	2747694866	1	28	28	0.01
L	2748803237	2748803237	1	28	28	0.01
L	2748853924	2748853924	1	28	28	0.01
L	2751934122	2751934122	1	28	28	0.01
L	2748942863	2748942863	1	28	28	0.01
L	2750719439	2750719439	1	28	28	0.01
L	2750898921	2750898921	1	28	28	0.01
L	2750950199	2750950199	1	28	28	0.01
L	2750692154	2750692154	1	28	28	0.01
L	2739936577	2739936577	1	28	28	0.01
L	2740611029	2740611029	1	28	28	0.01
L	2744996168	2744996168	1	28	28	0.01
L	2745050529	2745050529	1	28	28	0.01
L	2740691027	2740691027	1	28	28	0.01
L	2752833982	2752833982	1	28	28	0.01
L	2752890686	2752890686	1	28	28	0.01
L	2752999789	2752999789	1	28	28	0.01
L	2753018181	2753018181	1	28	28	0.01
L	2747131438	2747131438	1	28	28	0.01
L	2745910100	2745910100	1	28	28	0.01
L	2745801267	2745801267	1	28	28	0.01
L	2813374922	2813374922	1	28	28	0.01
L	2746092102	2746092102	1	28	28	0.01
L	2746641006	2746641006	1	28	28	0.01
L	2740403077	2740403077	1	28	28	0.01
L	2741523067	2741523067	1	28	28	0.01
L	2532532789	2532532789	1	29	29	0.01
L	2532484816	2532484816	1	29	29	0.01
L	2527149273	2527149273	1	29	29	0.01
L	2529831453	2529831453	1	29	29	0.01
L	2525249016	2525249016	1	29	29	0.01
L	2524247334	2524247334	1	29	29	0.01
L	2542424515	2542424515	1	29	29	0.01
L	2551247349	2551247349	1	29	29	0.01
L	2551250207	2551250207	1	29	29	0.01
L	2536926039	2536926039	1	29	29	0.01
L	2549429584	2549429584	1	29	29	0.01
L	2549068943	2549068943	1	29	29	0.01
L	2551194156	2551194156	1	29	29	0.01
L	2551184066	2551184066	1	29	29	0.01
L	2551084952	2551084952	1	29	29	0.01
L	2548593874	2548593874	1	29	29	0.01
L	2550319625	2550319625	1	29	29	0.01
L	2545344649	2545344649	1	29	29	0.01
L	2549092123	2549092123	1	29	29	0.01
L	2549179135	2549179135	1	29	29	0.01
L	2549416200	2549416200	1	29	29	0.01
L	2553760871	2553760871	1	29	29	0.01
L	2536161469	2536161469	1	29	29	0.01
L	2536080118	2536080118	1	29	29	0.01
L	2536067741	2536067741	1	29	29	0.01
L	2552934545	2552934545	1	29	29	0.01
L	1353379045	1353379045	1	29	29	0.01
L	1780693261	1780693261	1	29	29	0.01
L	2553716595	2553716595	1	29	29	0.01
L	2552559922	2552559922	1	29	29	0.01
L	2552591473	2552591473	1	29	29	0.01
L	2552747323	2552747323	1	29	29	0.01
L	2553404374	2553404374	1	29	29	0.01
L	2553115539	2553115539	1	29	29	0.01
L	2552504091	2552504091	1	29	29	0.01
L	2535783934	2535783934	1	29	29	0.01
L	2552923100	2552923100	1	29	29	0.01
L	2545577624	2545577624	1	29	29	0.01
L	2536886879	2536886879	1	29	29	0.01
L	2536753700	2536753700	1	29	29	0.01
L	2550854839	2550854839	1	29	29	0.01
L	2534688973	2534688973	1	29	29	0.01
L	2528432553	2528432553	1	29	29	0.01
L	2541982642	2541982642	1	29	29	0.01
L	2541638005	2541638005	1	29	29	0.01
L	2535457710	2535457710	1	29	29	0.01
L	2540690107	2540690107	1	29	29	0.01
L	2716092225	2716092225	1	30	30	0.01
L	2718950219	2718950219	1	30	30	0.01
L	2723006187	2723006187	1	30	30	0.01
L	2723023512	2723023512	1	30	30	0.01
L	2712888844	2712888844	1	30	30	0.01
L	2724498581	2724498581	1	30	30	0.01
L	2723919160	2723919160	1	30	30	0.01
L	2714650366	2714650366	1	30	30	0.01
L	2725507297	2725507297	1	30	30	0.01
L	2715430718	2715430718	1	30	30	0.01
L	2711831781	2711831781	1	30	30	0.01
L	2681106291	2681106291	1	30	30	0.01
L	2707256338	2707256338	1	30	30	0.01
L	2715276577	2715276577	1	30	30	0.01
L	2713623899	2713623899	1	30	30	0.01
L	2713471781	2713471781	1	30	30	0.01
L	1616515070	1616515070	1	30	30	0.01
L	2723444729	2723444729	1	30	30	0.01
L	2712055357	2712055357	1	30	30	0.01
L	2718408529	2718408529	1	30	30	0.01
L	2717850683	2717850683	1	30	30	0.01
L	2717858958	2717858958	1	30	30	0.01
L	2717850683	2717850683	1	30	30	0.01
L	2726664026	2726664026	1	30	30	0.01
L	2726841667	2726841667	1	30	30	0.01
L	2715500753	2715500753	1	30	30	0.01
L	2719308336	2719308336	1	30	30	0.01
L	2719471244	2719471244	1	30	30	0.01
L	2721215695	2721215695	1	30	30	0.01
L	2721095364	2721095364	1	30	30	0.01
L	2486346943	2486346943	1	31	31	0.01
L	2486279984	2486279984	1	31	31	0.01
L	2489974620	2489974620	1	31	31	0.01
L	2490008260	2490008260	1	31	31	0.01
L	2484628153	2484628153	1	31	31	0.01
L	2485432443	2485432443	1	31	31	0.01
L	2472127193	2472127193	1	31	31	0.01
L	2466228619	2466228619	1	31	31	0.01
L	2466209742	2466209742	1	31	31	0.01
L	2466095842	2466095842	1	31	31	0.01
L	2463925039	2463925039	1	31	31	0.01
L	2470382571	2470382571	1	31	31	0.01
L	2470309113	2470309113	1	31	31	0.01
L	2469758363	2469758363	1	31	31	0.01
L	2469746241	2469746241	1	31	31	0.01
L	2469454523	2469454523	1	31	31	0.01
L	2468816014	2468816014	1	31	31	0.01
L	2468522200	2468522200	1	31	31	0.01
L	2470625330	2470625330	1	31	31	0.01
L	2471011273	2471011273	1	31	31	0.01
L	2471188311	2471188311	1	31	31	0.01
L	2484811558	2484811558	1	31	31	0.01
L	2484777192	2484777192	1	31	31	0.01
L	2485642310	2485642310	1	31	31	0.01
L	2474036134	2474036134	1	31	31	0.01
L	2474028370	2474028370	1	31	31	0.01
L	1049918543	1049918543	1	31	31	0.01
L	2482403236	2482403236	1	31	31	0.01
L	2482393420	2482393420	1	31	31	0.01
L	2477804890	2477804890	1	31	31	0.01
L	2477776288	2477776288	1	31	31	0.01
L	2477331161	2477331161	1	31	31	0.01
L	2476769801	2476769801	1	31	31	0.01
L	2479377722	2479377722	1	31	31	0.01
L	2478996973	2478996973	1	31	31	0.01
L	2476139031	2476139031	1	31	31	0.01
L	2479692998	2479692998	1	31	31	0.01
L	2478689728	2478689728	1	31	31	0.01
L	2480731972	2480731972	1	31	31	0.01
L	2454324633	2454324633	1	31	31	0.01
L	2454867458	2454867458	1	31	31	0.01
L	2454948306	2454948306	1	31	31	0.01
L	2454961542	2454961542	1	31	31	0.01
L	2454979552	2454979552	1	31	31	0.01
L	2480583266	2480583266	1	31	31	0.01
L	2713687167	2713687167	1	31	31	0.01
L	2475641418	2475641418	1	31	31	0.01
L	2484677299	2484677299	1	31	31	0.01
L	2480299268	2480299268	1	31	31	0.01
L	2480266446	2480266446	1	31	31	0.01
L	2480192770	2480192770	1	31	31	0.01
L	2471439404	2471439404	1	31	31	0.01
L	2471292086	2471292086	1	31	31	0.01
L	2473120699	2473120699	1	31	31	0.01
L	2472920676	2472920676	1	31	31	0.01
L	2472910030	2472910030	1	31	31	0.01
L	2472840169	2472840169	1	31	31	0.01
L	2472521264	2472521264	1	31	31	0.01
L	2473996830	2473996830	1	31	31	0.01
L	2482611335	2482611335	1	31	31	0.01
L	2454067537	2454067537	1	31	31	0.01
L	2453258274	2453258274	1	31	31	0.01
L	2455776396	2455776396	1	31	31	0.01
L	2456853174	2456853174	1	31	31	0.01
L	2467229239	2467229239	1	31	31	0.01
L	2467505573	2467505573	1	31	31	0.01
L	2467533819	2467533819	1	31	31	0.01
L	2467545415	2467545415	1	31	31	0.01
L	2467881067	2467881067	1	31	31	0.01
L	2468305396	2468305396	1	31	31	0.01
L	2460721287	2460721287	1	31	31	0.01
L	2457431782	2457431782	1	31	31	0.01
L	2457255070	2457255070	1	31	31	0.01
L	2678502083	2678502083	1	32	32	0.01
L	2678768621	2678768621	1	32	32	0.01
L	2678853554	2678853554	1	32	32	0.01
L	1244308325	1244308325	1	32	32	0.01
L	2669400293	2669400293	1	32	32	0.01
L	2670154128	2670154128	1	32	32	0.01
L	2667849913	2667849913	1	32	32	0.01
L	2667884132	2667884132	1	32	32	0.01
L	2668316437	2668316437	1	32	32	0.01
L	2668358631	2668358631	1	32	32	0.01
L	2668445543	2668445543	1	32	32	0.01
L	2664092941	2664092941	1	32	32	0.01
L	2670211876	2670211876	1	32	32	0.01
L	2670181013	2670181013	1	32	32	0.01
L	580507889	580507889	1	32	32	0.01
L	2669838714	2669838714	1	32	32	0.01
L	2670058741	2670058741	1	32	32	0.01
L	2663980156	2663980156	1	32	32	0.01
L	2663866180	2663866180	1	32	32	0.01
L	2668672051	2668672051	1	32	32	0.01
L	2668687385	2668687385	1	32	32	0.01
L	2668952776	2668952776	1	32	32	0.01
L	2678975303	2678975303	1	32	32	0.01
L	2670573314	2670573314	1	32	32	0.01
L	2675671011	2675671011	1	32	32	0.01
L	2676155800	2676155800	1	32	32	0.01
L	2675911909	2675911909	1	32	32	0.01
L	2676047914	2676047914	1	32	32	0.01
L	2675681287	2675681287	1	32	32	0.01
L	2678785190	2678785190	1	32	32	0.01
L	2673743214	2673743214	1	32	32	0.01
L	2673843092	2673843092	1	32	32	0.01
L	2676544863	2676544863	1	32	32	0.01
L	2677923948	2677923948	1	32	32	0.01
L	2679715481	2679715481	1	32	32	0.01
L	2675361303	2675361303	1	32	32	0.01
L	2673985447	2673985447	1	32	32	0.01
L	2674225153	2674225153	1	32	32	0.01
L	2674534647	2674534647	1	32	32	0.01
L	2674475335	2674475335	1	32	32	0.01
L	2571999779	2571999779	1	33	33	0.01
L	2581572701	2581572701	1	33	33	0.01
L	2576456682	2576456682	1	33	33	0.01
L	2576634903	2576634903	1	33	33	0.01
L	2575999205	2575999205	1	33	33	0.01
L	2575813021	2575813021	1	33	33	0.01
L	235791065	235791065	1	33	33	0.01
L	2583420906	2583420906	1	33	33	0.01
L	2581818413	2581818413	1	33	33	0.01
L	2576445693	2576445693	1	33	33	0.01
L	2576044234	2576044234	1	33	33	0.01
L	2577153734	2577153734	1	33	33	0.01
L	2576899380	2576899380	1	33	33	0.01
L	2577249692	2577249692	1	33	33	0.01
L	2578037682	2578037682	1	33	33	0.01
L	2573305662	2573305662	1	33	33	0.01
L	2575641514	2575641514	1	33	33	0.01
L	2572686723	2572686723	1	33	33	0.01
L	2572712585	2572712585	1	33	33	0.01
L	2571215113	2571215113	1	33	33	0.01
L	2572935652	2572935652	1	33	33	0.01
L	2571985455	2571985455	1	33	33	0.01
L	2571908485	2571908485	1	33	33	0.01
L	2572603434	2572603434	1	33	33	0.01
L	2572649381	2572649381	1	33	33	0.01
L	2566396852	2566396852	1	33	33	0.01
L	2566120870	2566120870	1	33	33	0.01
L	2563830633	2563830633	1	33	33	0.01
L	2566138159	2566138159	1	33	33	0.01
L	2566174372	2566174372	1	33	33	0.01
L	2566175716	2566175716	1	33	33	0.01
L	2565503532	2565503532	1	33	33	0.01
L	2564460029	2564460029	1	33	33	0.01
L	2568685922	2568685922	1	33	33	0.01
L	2569184670	2569184670	1	33	33	0.01
L	2568925625	2568925625	1	33	33	0.01
L	2568846068	2568846068	1	33	33	0.01
L	2568298543	2568298543	1	33	33	0.01
L	2568289086	2568289086	1	33	33	0.01
L	2569236601	2569236601	1	33	33	0.01
L	2569323755	2569323755	1	33	33	0.01
L	2557116623	2557116623	1	33	33	0.01
L	2557073382	2557073382	1	33	33	0.01
L	2556844039	2556844039	1	33	33	0.01
L	2556647009	2556647009	1	33	33	0.01
L	2558147810	2558147810	1	33	33	0.01
L	2556703613	2556703613	1	33	33	0.01
L	2558574950	2558574950	1	33	33	0.01
L	550237438	550237438	1	33	33	0.01
L	2579969678	2579969678	1	33	33	0.01
L	2580042010	2580042010	1	33	33	0.01
L	2570967651	2570967651	1	33	33	0.01
L	2570852387	2570852387	1	33	33	0.01
L	2570665065	2570665065	1	33	33	0.01
L	2579542614	2579542614	1	33	33	0.01
L	2571794133	2571794133	1	33	33	0.01
L	2571782711	2571782711	1	33	33	0.01
L	2584905124	2584905124	1	33	33	0.01
L	2584913876	2584913876	1	33	33	0.01
L	2580164861	2580164861	1	33	33	0.01
L	2580778474	2580778474	1	33	33	0.01
L	2574383613	2574383613	1	33	33	0.01
L	2574269931	2574269931	1	33	33	0.01
L	1417512410	1417512410	1	33	33	0.01
L	2573163501	2573163501	1	33	33	0.01
L	2757729823	2757729823	1	34	34	0.01
L	2763113436	2763113436	1	34	34	0.01
L	2763124434	2763124434	1	34	34	0.01
L	2761738951	2761738951	1	34	34	0.01
L	2762609685	2762609685	1	34	34	0.01
L	2352755231	2352755231	1	34	34	0.01
L	2757824137	2757824137	1	34	34	0.01
L	2768101380	2768101380	1	34	34	0.01
L	2766545293	2766545293	1	34	34	0.01
L	2766510056	2766510056	1	34	34	0.01
L	2766484518	2766484518	1	34	34	0.01
L	2764285622	2764285622	1	34	34	0.01
L	2763763335	2763763335	1	34	34	0.01
L	2764305831	2764305831	1	34	34	0.01
L	2764555030	2764555030	1	34	34	0.01
L	2759705267	2759705267	1	34	34	0.01
L	2759720374	2759720374	1	34	34	0.01
L	2759735446	2759735446	1	34	34	0.01
L	2759764498	2759764498	1	34	34	0.01
L	2766163523	2766163523	1	34	34	0.01
L	2766031126	2766031126	1	34	34	0.01
L	2765739297	2765739297	1	34	34	0.01
L	2765130374	2765130374	1	34	34	0.01
L	2765240304	2765240304	1	34	34	0.01
L	2766344731	2766344731	1	34	34	0.01
L	2761629847	2761629847	1	34	34	0.01
L	2762244445	2762244445	1	34	34	0.01
L	2764148002	2764148002	1	34	34	0.01
L	2755784496	2755784496	1	34	34	0.01
L	2758912466	2758912466	1	34	34	0.01
L	1142583904	1142583904	1	34	34	0.01
L	2756684391	2756684391	1	34	34	0.01
L	2768312776	2768312776	1	34	34	0.01
L	2761171058	2761171058	1	34	34	0.01
L	2506305737	2506305737	1	35	35	0.01
L	2506294606	2506294606	1	35	35	0.01
L	2495880302	2495880302	1	35	35	0.01
L	2496876829	2496876829	1	35	35	0.01
L	2495897585	2495897585	1	35	35	0.01
L	2495904337	2495904337	1	35	35	0.01
L	2495924743	2495924743	1	35	35	0.01
L	2495948696	2495948696	1	35	35	0.01
L	2495985259	2495985259	1	35	35	0.01
L	2495862307	2495862307	1	35	35	0.01
L	2496259058	2496259058	1	35	35	0.01
L	2511890491	2511890491	1	35	35	0.01
L	2512050032	2512050032	1	35	35	0.01
L	2512088994	2512088994	1	35	35	0.01
L	2511630431	2511630431	1	35	35	0.01
L	2511827526	2511827526	1	35	35	0.01
L	2511798630	2511798630	1	35	35	0.01
L	2511741608	2511741608	1	35	35	0.01
L	2511724834	2511724834	1	35	35	0.01
L	2511640271	2511640271	1	35	35	0.01
L	2514513787	2514513787	1	35	35	0.01
L	2514636186	2514636186	1	35	35	0.01
L	2508035308	2508035308	1	35	35	0.01
L	2507624951	2507624951	1	35	35	0.01
L	2511368501	2511368501	1	35	35	0.01
L	2507166944	2507166944	1	35	35	0.01
L	2506723076	2506723076	1	35	35	0.01
L	2506643307	2506643307	1	35	35	0.01
L	2508965155	2508965155	1	35	35	0.01
L	2509710104	2509710104	1	35	35	0.01
L	2505949049	2505949049	1	35	35	0.01
L	2515407013	2515407013	1	35	35	0.01
L	2506198807	2506198807	1	35	35	0.01
L	2515754902	2515754902	1	35	35	0.01
L	2506045157	2506045157	1	35	35	0.01
L	2507285599	2507285599	1	35	35	0.01
L	2507307984	2507307984	1	35	35	0.01
L	2507315721	2507315721	1	35	35	0.01
L	2510943502	2510943502	1	35	35	0.01
L	2493134578	2493134578	1	35	35	0.01
L	2494732657	2494732657	1	35	35	0.01
L	2517120545	2517120545	1	35	35	0.01
L	2517031074	2517031074	1	35	35	0.01
L	2517025545	2517025545	1	35	35	0.01
L	2519552231	2519552231	1	35	35	0.01
L	2519624307	2519624307	1	35	35	0.01
L	2519778536	2519778536	1	35	35	0.01
L	2521939047	2521939047	1	35	35	0.01
L	2497212819	2497212819	1	35	35	0.01
L	2011601814	2011601814	1	35	35	0.01
L	2638137539	2638137539	1	36	36	0.01
L	2637875206	2637875206	1	36	36	0.01
L	2637855711	2637855711	1	36	36	0.01
L	2637824286	2637824286	1	36	36	0.01
L	2637460314	2637460314	1	36	36	0.01
L	2637401642	2637401642	1	36	36	0.01
L	2636947529	2636947529	1	36	36	0.01
L	2636559113	2636559113	1	36	36	0.01
L	2636456903	2636456903	1	36	36	0.01
L	2634670763	2634670763	1	36	36	0.01
L	2629625653	2629625653	1	36	36	0.01
L	2632318887	2632318887	1	36	36	0.01
L	2646076118	2646076118	1	36	36	0.01
L	2638998480	2638998480	1	36	36	0.01
L	2639147117	2639147117	1	36	36	0.01
L	2639223512	2639223512	1	36	36	0.01
L	2646728717	2646728717	1	36	36	0.01
L	2629586681	2629586681	1	36	36	0.01
L	2629579300	2629579300	1	36	36	0.01
L	2628911112	2628911112	1	36	36	0.01
L	2631463959	2631463959	1	36	36	0.01
L	2631442785	2631442785	1	36	36	0.01
L	2631099578	2631099578	1	36	36	0.01
L	2628518735	2628518735	1	36	36	0.01
L	2628733415	2628733415	1	36	36	0.01
L	2627635202	2627635202	1	36	36	0.01
L	2627491715	2627491715	1	36	36	0.01
L	2627506589	2627506589	1	36	36	0.01
L	2628589584	2628589584	1	36	36	0.01
L	2642990895	2642990895	1	36	36	0.01
L	2643359990	2643359990	1	36	36	0.01
L	2643440336	2643440336	1	36	36	0.01
L	2640587299	2640587299	1	36	36	0.01
L	2640386661	2640386661	1	36	36	0.01
L	2640257346	2640257346	1	36	36	0.01
L	2633429242	2633429242	1	36	36	0.01
L	2633807245	2633807245	1	36	36	0.01
L	2634322606	2634322606	1	36	36	0.01
L	2633382922	2633382922	1	36	36	0.01
L	2641028482	2641028482	1	36	36	0.01
L	2640954627	2640954627	1	36	36	0.01
L	2640938147	2640938147	1	36	36	0.01
L	2641317761	2641317761	1	36	36	0.01
L	2641352439	2641352439	1	36	36	0.01
L	2646784016	2646784016	1	36	36	0.01
L	2639612484	2639612484	1	36	36	0.01
L	2639243216	2639243216	1	36	36	0.01
L	2639873482	2639873482	1	36	36	0.01
L	1494364931	1494364931	1	36	36	0.01
L	2645824375	2645824375	1	36	36	0.01
L	2645614424	2645614424	1	36	36	0.01
L	2697256693	2697256693	1	37	37	0.01
L	2697182415	2697182415	1	37	37	0.01
L	2693997399	2693997399	1	37	37	0.01
L	2694161280	2694161280	1	37	37	0.01
L	2693771926	2693771926	1	37	37	0.01
L	2691445014	2691445014	1	37	37	0.01
L	2535674575	2535674575	1	37	37	0.01
L	2681360957	2681360957	1	37	37	0.01
L	2697353207	2697353207	1	37	37	0.01
L	2697783776	2697783776	1	37	37	0.01
L	2697801451	2697801451	1	37	37	0.01
L	2688635381	2688635381	1	37	37	0.01
L	2685997642	2685997642	1	37	37	0.01
L	2711522260	2711522260	1	37	37	0.01
L	2699324369	2699324369	1	37	37	0.01
L	1671966692	1671966692	1	37	37	0.01
L	2699519505	2699519505	1	37	37	0.01
L	2699539847	2699539847	1	37	37	0.01
L	2681258865	2681258865	1	37	37	0.01
L	2681315475	2681315475	1	37	37	0.01
L	2693549097	2693549097	1	37	37	0.01
L	2696223054	2696223054	1	37	37	0.01
L	2694655497	2694655497	1	37	37	0.01
L	2690337702	2690337702	1	37	37	0.01
L	2682013664	2682013664	1	37	37	0.01
L	2681883852	2681883852	1	37	37	0.01
L	1116464170	1116464170	1	37	37	0.01
L	2682400981	2682400981	1	37	37	0.01
L	2682392617	2682392617	1	37	37	0.01
L	2682464672	2682464672	1	37	37	0.01
L	2682123470	2682123470	1	37	37	0.01
L	2685662187	2685662187	1	37	37	0.01
L	2685754683	2685754683	1	37	37	0.01
L	2206644776	2206644776	1	38	38	0.01
L	2206572686	2206572686	1	38	38	0.01
L	2205991581	2205991581	1	38	38	0.01
L	2205964449	2205964449	1	38	38	0.01
L	2205654884	2205654884	1	38	38	0.01
L	2224205892	2224205892	1	38	38	0.01
L	2223578213	2223578213	1	38	38	0.01
L	2223345791	2223345791	1	38	38	0.01
L	2225924382	2225924382	1	38	38	0.01
L	2222328876	2222328876	1	38	38	0.01
L	2222179225	2222179225	1	38	38	0.01
L	2197468152	2197468152	1	38	38	0.01
L	2220194630	2220194630	1	38	38	0.01
L	2199978251	2199978251	1	38	38	0.01
L	2200597175	2200597175	1	38	38	0.01
L	2220994006	2220994006	1	38	38	0.01
L	2198355511	2198355511	1	38	38	0.01
L	2191499587	2191499587	1	38	38	0.01
L	2191290424	2191290424	1	38	38	0.01
L	2190467745	2190467745	1	38	38	0.01
L	2190434049	2190434049	1	38	38	0.01
L	2188455335	2188455335	1	38	38	0.01
L	2203885095	2203885095	1	38	38	0.01
L	2204858287	2204858287	1	38	38	0.01
L	2205078025	2205078025	1	38	38	0.01
L	2220287114	2220287114	1	38	38	0.01
L	2194768104	2194768104	1	38	38	0.01
L	2194683877	2194683877	1	38	38	0.01
L	2199016302	2199016302	1	38	38	0.01
L	2198674418	2198674418	1	38	38	0.01
L	2217615919	2217615919	1	38	38	0.01
L	2202234090	2202234090	1	38	38	0.01
L	2203660116	2203660116	1	38	38	0.01
L	2220001244	2220001244	1	38	38	0.01
L	2218854407	2218854407	1	38	38	0.01
L	2218919155	2218919155	1	38	38	0.01
L	2219692023	2219692023	1	38	38	0.01
L	1821189097	1821189097	1	39	39	0.01
L	1821261252	1821261252	1	39	39	0.01
L	1821273871	1821273871	1	39	39	0.01
L	1821295233	1821295233	1	39	39	0.01
L	1850391046	1850391046	1	39	39	0.01
L	1841015721	1841015721	1	39	39	0.01
L	1840989560	1840989560	1	39	39	0.01
L	1809048913	1809048913	1	39	39	0.01
L	1826829035	1826829035	1	39	39	0.01
L	1827483174	1827483174	1	39	39	0.01
L	1827598603	1827598603	1	39	39	0.01
L	1828463844	1828463844	1	39	39	0.01
L	1827865927	1827865927	1	39	39	0.01
L	1843732820	1843732820	1	39	39	0.01
L	1845320236	1845320236	1	39	39	0.01
L	1844065664	1844065664	1	39	39	0.01
L	1844074851	1844074851	1	39	39	0.01
L	1801738353	1801738353	1	39	39	0.01
L	1801429044	1801429044	1	39	39	0.01
L	1846365318	1846365318	1	39	39	0.01
L	1843184828	1843184828	1	39	39	0.01
L	1845990635	1845990635	1	39	39	0.01
L	1808660188	1808660188	1	39	39	0.01
L	2654435645	2654435645	1	40	40	0.01
L	2651118406	2651118406	1	40	40	0.01
L	2657779531	2657779531	1	40	40	0.01
L	2657778499	2657778499	1	40	40	0.01
L	2658682756	2658682756	1	40	40	0.01
L	2662667954	2662667954	1	40	40	0.01
L	2662479537	2662479537	1	40	40	0.01
L	2662450415	2662450415	1	40	40	0.01
L	2652633681	2652633681	1	40	40	0.01
L	2662331851	2662331851	1	40	40	0.01
L	2647053853	2647053853	1	40	40	0.01
L	1593947466	1593947466	1	40	40	0.01
L	2655215045	2655215045	1	40	40	0.01
L	2654561149	2654561149	1	40	40	0.01
L	2651486913	2651486913	1	40	40	0.01
L	2648289925	2648289925	1	40	40	0.01
L	2651723137	2651723137	1	40	40	0.01
L	2230473710	2230473710	1	40	40	0.01
L	2657965027	2657965027	1	40	40	0.01
L	2184791465	2184791465	1	41	41	0.01
L	2184950044	2184950044	1	41	41	0.01
L	2184901900	2184901900	1	41	41	0.01
L	2186249919	2186249919	1	41	41	0.01
L	2173016650	2173016650	1	41	41	0.01
L	2172903174	2172903174	1	41	41	0.01
L	2172553726	2172553726	1	41	41	0.01
L	2227059775	2227059775	1	41	41	0.01
L	2175700779	2175700779	1	41	41	0.01
L	2174840393	2174840393	1	41	41	0.01
L	2174886155	2174886155	1	41	41	0.01
L	2174326244	2174326244	1	41	41	0.01
L	2171858744	2171858744	1	41	41	0.01
L	2175001216	2175001216	1	41	41	0.01
L	2178180186	2178180186	1	41	41	0.01
L	2177297835	2177297835	1	41	41	0.01
L	2176926611	2176926611	1	41	41	0.01
L	2227562091	2227562091	1	41	41	0.01
L	2226849891	2226849891	1	41	41	0.01
L	2226933624	2226933624	1	41	41	0.01
L	2170786342	2170786342	1	41	41	0.01
L	2079024290	2079024290	1	41	41	0.01
L	2175714477	2175714477	1	41	41	0.01
L	2175852647	2175852647	1	41	41	0.01
L	2171432592	2171432592	1	41	41	0.01
L	2179787287	2179787287	1	41	41	0.01
L	2182770336	2182770336	1	41	41	0.01
L	2180138167	2180138167	1	41	41	0.01
L	1629783032	1629783032	1	42	42	0.01
L	149920401	149920401	1	42	42	0.01
L	148778005	148778005	1	42	42	0.01
L	150266276	150266276	1	42	42	0.01
L	150294822	150294822	1	42	42	0.01
L	416025836	416025836	1	42	42	0.01
L	150426922	150426922	1	42	42	0.01
L	150345009	150345009	1	42	42	0.01
L	145948807	145948807	1	42	42	0.01
L	2444283832	2444283832	1	42	42	0.01
L	145867171	145867171	1	42	42	0.01
L	152066211	152066211	1	42	42	0.01
L	152116886	152116886	1	42	42	0.01
L	152088414	152088414	1	42	42	0.01
L	153197361	153197361	1	42	42	0.01
L	2012078592	2012078592	1	42	42	0.01
L	144638298	144638298	1	42	42	0.01
L	144689089	144689089	1	42	42	0.01
L	147307359	147307359	1	42	42	0.01
L	148982219	148982219	1	42	42	0.01
L	2772104390	2772104390	1	43	43	0.01
L	2772689054	2772689054	1	43	43	0.01
L	2771529102	2771529102	1	43	43	0.01
L	2226969314	2226969314	1	43	43	0.01
L	2048846858	2048846858	1	43	43	0.01
L	2771772511	2771772511	1	43	43	0.01
L	2771812964	2771812964	1	43	43	0.01
L	2780697188	2780697188	1	43	43	0.01
L	2108983946	2108983946	1	43	43	0.01
L	2499030311	2499030311	1	44	44	0.01
L	1048113212	1048113212	1	45	45	0.01
L	2793612028	2793612028	1	45	45	0.01
L	2792793960	2792793960	1	45	45	0.01
L	2792522955	2792522955	1	45	45	0.01
L	2441298022	2441298022	1	45	45	0.01
L	2815639205	2815639205	1	46	46	0.01
L	1981090337	1981090337	1	46	46	0.01
L	2815020742	2815020742	1	46	46	0.01
L	2814951296	2814951296	1	46	46	0.01
L	2810205687	2810205687	1	46	46	0.01
L	2810119286	2810119286	1	46	46	0.01
L	2814808729	2814808729	1	46	46	0.01
L	2814551137	2814551137	1	46	46	0.01
L	2814500229	2814500229	1	46	46	0.01
L	2467666984	2467666984	1	47	47	0.01
L	1030179110	1030179110	1	47	47	0.01
L	2452399591	2452399591	1	48	48	0.01
L	222423191	222423191	1	48	48	0.01
1	1	581124084	1	1		1
2	581124085	1021307040	1	1		1
3	1021307041	1347259169	1	1		1
4	1347259170	1615797813	1	1		1
5	1615797814	1791683604	1	1		1
6	1791683605	1898653835	1	1		1
7	1898653836	2006705120	1	1		1
8	2006705121	2095574060	1	1		1
9	2095574061	2166603130	1	1		1
10	2166603131	2228712071	1	1		1
11	2228712072	2288116082	1	1		1
12	2288116083	2348070714	1	1		1
13	2348070715	2404435928	1	1		1
14	2404435929	2452133450	1	1		1
15	2452133451	2490546545	1	1		1
17	2490546546	2522196795	1	1		1
18	2522196796	2555642772	1	1		1
19	2555642773	2586001135	1	1		1
20	2586001136	2626870089	1	1		1
21	2626870090	2646999711	1	1		1
22	2646999712	2663054823	1	1		1
23	2663054824	2681139425	1	1		1
24	2681139426	2700228723	1	1		1
25	2700228724	2711934847	1	1		1
26	2711934848	2729743397	1	1		1
27	2729743398	2753506222	1	1		1
28	2753506223	2768553879	1	1		1
30	2768553880	2773901772	1	1		1
31	2773901773	2791996531	1	1		1
32	2791996532	2794131045	1	1		1
33	2794131046	2817132895	1	1		1
Z	2817132896	3059835776	1	1		1
16	3059835777	3068201140	1	1		1
MT	3068201141	3068250471	1	1		1
W	3068250472	3088286385	1	1		1
