name	start	end	strand	col	fill	lwd
1	1	268411862	1	4	4	0.1
2	268411863	475523801	1	4	4	0.1
3	475523802	651059095	1	4	4	0.1
4	651059096	819298639	1	4	4	0.1
5	819298640	977254738	1	4	4	0.1
6	977254739	1114487618	1	4	4	0.1
7	1114487619	1237690818	1	4	4	0.1
8	1237690819	1351418731	1	4	4	0.1
9	1351418732	1456382835	1	4	4	0.1
10	1456382836	1548783241	1	4	4	0.1
11	1548783242	1639705773	1	4	4	0.1
12	1639705774	1725125326	1	4	4	0.1
13	1725125327	1808294631	1	4	4	0.1
14	1808294632	1891106602	1	4	4	0.1
15	1891106603	1963447696	1	4	4	0.1
16	1963447697	2031691244	1	4	4	0.1
17	2031691245	2099760229	1	4	4	0.1
18	2099760230	2163286411	1	4	4	0.1
19	2163286412	2226244101	1	4	4	0.1
20	2226244102	2283718234	1	4	4	0.1
21	2283718235	2340869630	1	4	4	0.1
22	2340869631	2394884651	1	4	4	0.1
23	2394884652	2446698349	1	4	4	0.1
24	2446698350	2497883467	1	4	4	0.1
25	2497883468	2547914418	1	4	4	0.1
26	2547914419	2597135817	1	4	4	0.1
27	2597135818	2645601343	1	4	4	0.1
28	2645601344	2693315306	1	4	4	0.1
29	2693315307	2740845112	1	4	4	0.1
30	2740845113	2783841543	1	4	4	0.1
31	2783841544	2825469153	1	4	4	0.1
32	2825469154	2865313544	1	4	4	0.1
33	2865313545	2900733651	1	4	4	0.1
34	2900733652	2930979694	1	4	4	0.1
35	2930979695	2952258414	1	4	4	0.1
36	2952258415	2972968782	1	4	4	0.1
37	2972968783	2993427820	1	4	4	0.1
38	2993427821	3013489023	1	4	4	0.1
39	3013489024	3031655286	1	4	4	0.1
40	3031655287	3046810963	1	4	4	0.1
41	3046810964	3056438797	1	4	4	0.1
42	3056438798	3064493361	1	4	4	0.1
43	3064493362	3071005138	1	4	4	0.1
44	3071005139	3076166645	1	4	4	0.1
45	3076166646	3080146383	1	4	4	0.1
46	3080146384	3083658683	1	4	4	0.1
47	3083658684	3086215691	1	4	4	0.1
48	3086215692	3087615485	1	4	4	0.1
49	3087615486	3088286378	1	4	4	0.1
1	1	268411862	1	1	5	0.1
2	268411863	475523801	1	1	7	0.1
3	475523802	651059095	1	1	8	0.1
4	651059096	819298639	1	1	9	0.1
5	819298640	977254738	1	1	10	0.1
6	977254739	1114487618	1	1	11	0.1
7	1114487619	1237690818	1	1	12	0.1
8	1237690819	1351418731	1	1	13	0.1
9	1351418732	1456382835	1	1	14	0.1
10	1456382836	1548783241	1	1	15	0.1
11	1548783242	1639705773	1	1	16	0.1
12	1639705774	1725125326	1	1	17	0.1
13	1725125327	1808294631	1	1	18	0.1
14	1808294632	1891106602	1	1	19	0.1
15	1891106603	1963447696	1	1	20	0.1
16	1963447697	2031691244	1	1	21	0.1
17	2031691245	2099760229	1	1	22	0.1
18	2099760230	2163286411	1	1	23	0.1
19	2163286412	2226244101	1	1	24	0.1
20	2226244102	2283718234	1	1	25	0.1
21	2283718235	2340869630	1	1	26	0.1
22	2340869631	2394884651	1	1	27	0.1
23	2394884652	2446698349	1	1	28	0.1
24	2446698350	2497883467	1	1	29	0.1
25	2497883468	2547914418	1	1	30	0.1
26	2547914419	2597135817	1	1	31	0.1
27	2597135818	2645601343	1	1	32	0.1
28	2645601344	2693315306	1	1	33	0.1
29	2693315307	2740845112	1	1	34	0.1
30	2740845113	2783841543	1	1	35	0.1
31	2783841544	2825469153	1	1	36	0.1
32	2825469154	2865313544	1	1	37	0.1
33	2865313545	2900733651	1	1	38	0.1
34	2900733652	2930979694	1	1	39	0.1
35	2930979695	2952258414	1	1	40	0.1
36	2952258415	2972968782	1	1	41	0.1
37	2972968783	2993427820	1	1	42	0.1
38	2993427821	3013489023	1	1	43	0.1
39	3013489024	3031655286	1	1	44	0.1
40	3031655287	3046810963	1	1	45	0.1
41	3046810964	3056438797	1	1	46	0.1
42	3056438798	3064493361	1	1	47	0.1
43	3064493362	3071005138	1	1	48	0.1
44	3071005139	3076166645	1	1	49	0.1
45	3076166646	3080146383	1	1	50	0.1
46	3080146384	3083658683	1	1	51	0.1
47	3083658684	3086215691	1	1	52	0.1
48	3086215692	3087615485	1	1	53	0.1
49	3087615486	3088286378	1	1	54	0.1
L	1879484	1879484	1	5	5	0.01
L	3557319	3557319	1	5	5	0.01
L	3862024	3862024	1	5	5	0.01
L	3951237	3951237	1	5	5	0.01
L	4356207	4356207	1	5	5	0.01
L	9873214	9873214	1	5	5	0.01
L	10076162	10076162	1	5	5	0.01
L	10590425	10590425	1	5	5	0.01
L	11382022	11382022	1	5	5	0.01
L	11545848	11545848	1	5	5	0.01
L	12116705	12116705	1	5	5	0.01
L	12342435	12342435	1	5	5	0.01
L	13912940	13912940	1	5	5	0.01
L	18167980	18167980	1	5	5	0.01
L	20334557	20334557	1	5	5	0.01
L	22898069	22898069	1	5	5	0.01
L	27106011	27106011	1	5	5	0.01
L	27288851	27288851	1	5	5	0.01
L	29188212	29188212	1	5	5	0.01
L	29369275	29369275	1	5	5	0.01
L	29520569	29520569	1	5	5	0.01
L	29849655	29849655	1	5	5	0.01
L	30087059	30087059	1	5	5	0.01
L	32110791	32110791	1	5	5	0.01
L	32776527	32776527	1	5	5	0.01
L	33029073	33029073	1	5	5	0.01
L	33353603	33353603	1	5	5	0.01
L	39902579	39902579	1	5	5	0.01
L	40146751	40146751	1	5	5	0.01
L	41341942	41341942	1	5	5	0.01
L	44035096	44035096	1	5	5	0.01
L	44213271	44213271	1	5	5	0.01
L	44455431	44455431	1	5	5	0.01
L	45155791	45155791	1	5	5	0.01
L	45297760	45297760	1	5	5	0.01
L	45573044	45573044	1	5	5	0.01
L	45949537	45949537	1	5	5	0.01
L	48923921	48923921	1	5	5	0.01
L	49419472	49419472	1	5	5	0.01
L	50031341	50031341	1	5	5	0.01
L	50760648	50760648	1	5	5	0.01
L	64578973	64578973	1	5	5	0.01
L	68213531	68213531	1	5	5	0.01
L	68469111	68469111	1	5	5	0.01
L	68726146	68726146	1	5	5	0.01
L	71739734	71739734	1	5	5	0.01
L	71930815	71930815	1	5	5	0.01
L	71959023	71959023	1	5	5	0.01
L	79578909	79578909	1	5	5	0.01
L	88749048	88749048	1	5	5	0.01
L	89371810	89371810	1	5	5	0.01
L	95422831	95422831	1	5	5	0.01
L	96335762	96335762	1	5	5	0.01
L	98851120	98851120	1	5	5	0.01
L	101614421	101614421	1	5	5	0.01
L	108041435	108041435	1	5	5	0.01
L	110100518	110100518	1	5	5	0.01
L	117446685	117446685	1	5	5	0.01
L	119406862	119406862	1	5	5	0.01
L	119459987	119459987	1	5	5	0.01
L	119949832	119949832	1	5	5	0.01
L	127233857	127233857	1	5	5	0.01
L	127706022	127706022	1	5	5	0.01
L	127860920	127860920	1	5	5	0.01
L	128827914	128827914	1	5	5	0.01
L	140781069	140781069	1	5	5	0.01
L	142727896	142727896	1	5	5	0.01
L	143062589	143062589	1	5	5	0.01
L	143740892	143740892	1	5	5	0.01
L	146091617	146091617	1	5	5	0.01
L	146271793	146271793	1	5	5	0.01
L	146416129	146416129	1	5	5	0.01
L	151907660	151907660	1	5	5	0.01
L	152488484	152488484	1	5	5	0.01
L	153242924	153242924	1	5	5	0.01
L	153355324	153355324	1	5	5	0.01
L	154155771	154155771	1	5	5	0.01
L	154221164	154221164	1	5	5	0.01
L	157104424	157104424	1	5	5	0.01
L	157181078	157181078	1	5	5	0.01
L	157932558	157932558	1	5	5	0.01
L	158270802	158270802	1	5	5	0.01
L	164710332	164710332	1	5	5	0.01
L	166085662	166085662	1	5	5	0.01
L	170562933	170562933	1	5	5	0.01
L	174587231	174587231	1	5	5	0.01
L	177234347	177234347	1	5	5	0.01
L	179814391	179814391	1	5	5	0.01
L	179915160	179915160	1	5	5	0.01
L	180308889	180308889	1	5	5	0.01
L	181508409	181508409	1	5	5	0.01
L	183137367	183137367	1	5	5	0.01
L	188054443	188054443	1	5	5	0.01
L	190654052	190654052	1	5	5	0.01
L	190705340	190705340	1	5	5	0.01
L	190809143	190809143	1	5	5	0.01
L	191208622	191208622	1	5	5	0.01
L	192785705	192785705	1	5	5	0.01
L	198359730	198359730	1	5	5	0.01
L	198540488	198540488	1	5	5	0.01
L	201391895	201391895	1	5	5	0.01
L	201571880	201571880	1	5	5	0.01
L	202418009	202418009	1	5	5	0.01
L	211026420	211026420	1	5	5	0.01
L	213424187	213424187	1	5	5	0.01
L	213521637	213521637	1	5	5	0.01
L	215725126	215725126	1	5	5	0.01
L	218126142	218126142	1	5	5	0.01
L	227465020	227465020	1	5	5	0.01
L	231849351	231849351	1	5	5	0.01
L	231976545	231976545	1	5	5	0.01
L	234211340	234211340	1	5	5	0.01
L	236735939	236735939	1	5	5	0.01
L	240435841	240435841	1	5	5	0.01
L	240521303	240521303	1	5	5	0.01
L	240620000	240620000	1	5	5	0.01
L	241071667	241071667	1	5	5	0.01
L	242464348	242464348	1	5	5	0.01
L	246433739	246433739	1	5	5	0.01
L	250081235	250081235	1	5	5	0.01
L	261409702	261409702	1	5	5	0.01
L	264305810	264305810	1	5	5	0.01
L	272645094	272645094	1	7	7	0.01
L	275023261	275023261	1	7	7	0.01
L	287765170	287765170	1	7	7	0.01
L	288673063	288673063	1	7	7	0.01
L	290376747	290376747	1	7	7	0.01
L	290459957	290459957	1	7	7	0.01
L	291271791	291271791	1	7	7	0.01
L	292650828	292650828	1	7	7	0.01
L	294996697	294996697	1	7	7	0.01
L	295041932	295041932	1	7	7	0.01
L	296253492	296253492	1	7	7	0.01
L	296588404	296588404	1	7	7	0.01
L	296661733	296661733	1	7	7	0.01
L	297227208	297227208	1	7	7	0.01
L	298759799	298759799	1	7	7	0.01
L	299213352	299213352	1	7	7	0.01
L	303592276	303592276	1	7	7	0.01
L	306081092	306081092	1	7	7	0.01
L	308387940	308387940	1	7	7	0.01
L	308697673	308697673	1	7	7	0.01
L	308874368	308874368	1	7	7	0.01
L	310459207	310459207	1	7	7	0.01
L	317236670	317236670	1	7	7	0.01
L	317314467	317314467	1	7	7	0.01
L	331010785	331010785	1	7	7	0.01
L	331655746	331655746	1	7	7	0.01
L	333668562	333668562	1	7	7	0.01
L	334101009	334101009	1	7	7	0.01
L	334321203	334321203	1	7	7	0.01
L	336756917	336756917	1	7	7	0.01
L	336992280	336992280	1	7	7	0.01
L	337028018	337028018	1	7	7	0.01
L	337117333	337117333	1	7	7	0.01
L	337488798	337488798	1	7	7	0.01
L	343133656	343133656	1	7	7	0.01
L	343424797	343424797	1	7	7	0.01
L	344903009	344903009	1	7	7	0.01
L	353876935	353876935	1	7	7	0.01
L	355353824	355353824	1	7	7	0.01
L	355559592	355559592	1	7	7	0.01
L	360784221	360784221	1	7	7	0.01
L	364006141	364006141	1	7	7	0.01
L	365818270	365818270	1	7	7	0.01
L	366091637	366091637	1	7	7	0.01
L	367037069	367037069	1	7	7	0.01
L	367069851	367069851	1	7	7	0.01
L	380902054	380902054	1	7	7	0.01
L	381818820	381818820	1	7	7	0.01
L	381919367	381919367	1	7	7	0.01
L	385176418	385176418	1	7	7	0.01
L	391609816	391609816	1	7	7	0.01
L	396875187	396875187	1	7	7	0.01
L	397849899	397849899	1	7	7	0.01
L	398884865	398884865	1	7	7	0.01
L	402768445	402768445	1	7	7	0.01
L	403092368	403092368	1	7	7	0.01
L	403536437	403536437	1	7	7	0.01
L	403710604	403710604	1	7	7	0.01
L	406564731	406564731	1	7	7	0.01
L	406698980	406698980	1	7	7	0.01
L	409231255	409231255	1	7	7	0.01
L	412709080	412709080	1	7	7	0.01
L	412913568	412913568	1	7	7	0.01
L	413020743	413020743	1	7	7	0.01
L	414451140	414451140	1	7	7	0.01
L	415565981	415565981	1	7	7	0.01
L	416457162	416457162	1	7	7	0.01
L	418855052	418855052	1	7	7	0.01
L	418902680	418902680	1	7	7	0.01
L	419134182	419134182	1	7	7	0.01
L	419477777	419477777	1	7	7	0.01
L	425963943	425963943	1	7	7	0.01
L	431190790	431190790	1	7	7	0.01
L	432274572	432274572	1	7	7	0.01
L	433760734	433760734	1	7	7	0.01
L	434717555	434717555	1	7	7	0.01
L	435114805	435114805	1	7	7	0.01
L	436213041	436213041	1	7	7	0.01
L	436696869	436696869	1	7	7	0.01
L	438822917	438822917	1	7	7	0.01
L	443631405	443631405	1	7	7	0.01
L	445226298	445226298	1	7	7	0.01
L	445473575	445473575	1	7	7	0.01
L	450440705	450440705	1	7	7	0.01
L	454565917	454565917	1	7	7	0.01
L	457301235	457301235	1	7	7	0.01
L	465405637	465405637	1	7	7	0.01
L	466750518	466750518	1	7	7	0.01
L	466829490	466829490	1	7	7	0.01
L	466875073	466875073	1	7	7	0.01
L	468257749	468257749	1	7	7	0.01
L	468418866	468418866	1	7	7	0.01
L	474622247	474622247	1	7	7	0.01
L	477083296	477083296	1	8	8	0.01
L	486386859	486386859	1	8	8	0.01
L	492758293	492758293	1	8	8	0.01
L	492950287	492950287	1	8	8	0.01
L	493107099	493107099	1	8	8	0.01
L	494848993	494848993	1	8	8	0.01
L	496123940	496123940	1	8	8	0.01
L	499487491	499487491	1	8	8	0.01
L	504648994	504648994	1	8	8	0.01
L	506228233	506228233	1	8	8	0.01
L	508123579	508123579	1	8	8	0.01
L	508202292	508202292	1	8	8	0.01
L	514135313	514135313	1	8	8	0.01
L	516305608	516305608	1	8	8	0.01
L	517485423	517485423	1	8	8	0.01
L	520810141	520810141	1	8	8	0.01
L	532051480	532051480	1	8	8	0.01
L	532229795	532229795	1	8	8	0.01
L	534217931	534217931	1	8	8	0.01
L	536017019	536017019	1	8	8	0.01
L	537651106	537651106	1	8	8	0.01
L	537717113	537717113	1	8	8	0.01
L	537955598	537955598	1	8	8	0.01
L	538330646	538330646	1	8	8	0.01
L	542278580	542278580	1	8	8	0.01
L	543538591	543538591	1	8	8	0.01
L	548191582	548191582	1	8	8	0.01
L	549301977	549301977	1	8	8	0.01
L	549408482	549408482	1	8	8	0.01
L	550767474	550767474	1	8	8	0.01
L	550869980	550869980	1	8	8	0.01
L	552739212	552739212	1	8	8	0.01
L	552794747	552794747	1	8	8	0.01
L	557447135	557447135	1	8	8	0.01
L	557941731	557941731	1	8	8	0.01
L	559929269	559929269	1	8	8	0.01
L	562249799	562249799	1	8	8	0.01
L	563474369	563474369	1	8	8	0.01
L	563669925	563669925	1	8	8	0.01
L	564824220	564824220	1	8	8	0.01
L	566057978	566057978	1	8	8	0.01
L	568708716	568708716	1	8	8	0.01
L	575997576	575997576	1	8	8	0.01
L	578158062	578158062	1	8	8	0.01
L	580359130	580359130	1	8	8	0.01
L	581247463	581247463	1	8	8	0.01
L	582506212	582506212	1	8	8	0.01
L	582879782	582879782	1	8	8	0.01
L	584203515	584203515	1	8	8	0.01
L	584768737	584768737	1	8	8	0.01
L	585092181	585092181	1	8	8	0.01
L	585831982	585831982	1	8	8	0.01
L	586484370	586484370	1	8	8	0.01
L	586650746	586650746	1	8	8	0.01
L	586720623	586720623	1	8	8	0.01
L	586982279	586982279	1	8	8	0.01
L	593027436	593027436	1	8	8	0.01
L	598349024	598349024	1	8	8	0.01
L	601448098	601448098	1	8	8	0.01
L	602634746	602634746	1	8	8	0.01
L	605170288	605170288	1	8	8	0.01
L	606355535	606355535	1	8	8	0.01
L	606466851	606466851	1	8	8	0.01
L	608689541	608689541	1	8	8	0.01
L	608731477	608731477	1	8	8	0.01
L	609121389	609121389	1	8	8	0.01
L	610904856	610904856	1	8	8	0.01
L	617908577	617908577	1	8	8	0.01
L	619473088	619473088	1	8	8	0.01
L	619741891	619741891	1	8	8	0.01
L	621678192	621678192	1	8	8	0.01
L	621742096	621742096	1	8	8	0.01
L	622853516	622853516	1	8	8	0.01
L	623092001	623092001	1	8	8	0.01
L	624548401	624548401	1	8	8	0.01
L	624587558	624587558	1	8	8	0.01
L	625256889	625256889	1	8	8	0.01
L	625573557	625573557	1	8	8	0.01
L	626040541	626040541	1	8	8	0.01
L	626478547	626478547	1	8	8	0.01
L	627666501	627666501	1	8	8	0.01
L	630083540	630083540	1	8	8	0.01
L	630308984	630308984	1	8	8	0.01
L	631136948	631136948	1	8	8	0.01
L	633429040	633429040	1	8	8	0.01
L	636180886	636180886	1	8	8	0.01
L	638511692	638511692	1	8	8	0.01
L	640163859	640163859	1	8	8	0.01
L	640839677	640839677	1	8	8	0.01
L	662471451	662471451	1	9	9	0.01
L	673612750	673612750	1	9	9	0.01
L	673820733	673820733	1	9	9	0.01
L	673966048	673966048	1	9	9	0.01
L	674594086	674594086	1	9	9	0.01
L	674968115	674968115	1	9	9	0.01
L	675268841	675268841	1	9	9	0.01
L	675899745	675899745	1	9	9	0.01
L	676002769	676002769	1	9	9	0.01
L	676036705	676036705	1	9	9	0.01
L	676350074	676350074	1	9	9	0.01
L	679261295	679261295	1	9	9	0.01
L	684145658	684145658	1	9	9	0.01
L	685442765	685442765	1	9	9	0.01
L	685766766	685766766	1	9	9	0.01
L	685978717	685978717	1	9	9	0.01
L	686024462	686024462	1	9	9	0.01
L	686098147	686098147	1	9	9	0.01
L	687714776	687714776	1	9	9	0.01
L	687815277	687815277	1	9	9	0.01
L	688535746	688535746	1	9	9	0.01
L	688687413	688687413	1	9	9	0.01
L	689066765	689066765	1	9	9	0.01
L	689122234	689122234	1	9	9	0.01
L	689165148	689165148	1	9	9	0.01
L	689838145	689838145	1	9	9	0.01
L	690919862	690919862	1	9	9	0.01
L	692961125	692961125	1	9	9	0.01
L	693523488	693523488	1	9	9	0.01
L	693554641	693554641	1	9	9	0.01
L	693704968	693704968	1	9	9	0.01
L	695279518	695279518	1	9	9	0.01
L	695360735	695360735	1	9	9	0.01
L	695935505	695935505	1	9	9	0.01
L	697648772	697648772	1	9	9	0.01
L	708021828	708021828	1	9	9	0.01
L	708718929	708718929	1	9	9	0.01
L	709156098	709156098	1	9	9	0.01
L	711496689	711496689	1	9	9	0.01
L	719707921	719707921	1	9	9	0.01
L	721765332	721765332	1	9	9	0.01
L	721831208	721831208	1	9	9	0.01
L	721967340	721967340	1	9	9	0.01
L	722227919	722227919	1	9	9	0.01
L	723991911	723991911	1	9	9	0.01
L	724777310	724777310	1	9	9	0.01
L	725174200	725174200	1	9	9	0.01
L	725616522	725616522	1	9	9	0.01
L	731196055	731196055	1	9	9	0.01
L	733828910	733828910	1	9	9	0.01
L	734684712	734684712	1	9	9	0.01
L	734746060	734746060	1	9	9	0.01
L	734833454	734833454	1	9	9	0.01
L	734884009	734884009	1	9	9	0.01
L	740440316	740440316	1	9	9	0.01
L	741532475	741532475	1	9	9	0.01
L	741614184	741614184	1	9	9	0.01
L	743490222	743490222	1	9	9	0.01
L	743595941	743595941	1	9	9	0.01
L	745525580	745525580	1	9	9	0.01
L	754317352	754317352	1	9	9	0.01
L	755005581	755005581	1	9	9	0.01
L	757250899	757250899	1	9	9	0.01
L	757358558	757358558	1	9	9	0.01
L	761659925	761659925	1	9	9	0.01
L	762944755	762944755	1	9	9	0.01
L	763067268	763067268	1	9	9	0.01
L	765519113	765519113	1	9	9	0.01
L	765532524	765532524	1	9	9	0.01
L	770456399	770456399	1	9	9	0.01
L	784686832	784686832	1	9	9	0.01
L	785804188	785804188	1	9	9	0.01
L	786660407	786660407	1	9	9	0.01
L	786898814	786898814	1	9	9	0.01
L	789576680	789576680	1	9	9	0.01
L	790644402	790644402	1	9	9	0.01
L	793792486	793792486	1	9	9	0.01
L	793997161	793997161	1	9	9	0.01
L	795150176	795150176	1	9	9	0.01
L	798668098	798668098	1	9	9	0.01
L	799455574	799455574	1	9	9	0.01
L	799728692	799728692	1	9	9	0.01
L	801461194	801461194	1	9	9	0.01
L	804281202	804281202	1	9	9	0.01
L	806532046	806532046	1	9	9	0.01
L	806910338	806910338	1	9	9	0.01
L	812256700	812256700	1	9	9	0.01
L	815362233	815362233	1	9	9	0.01
L	821663390	821663390	1	10	10	0.01
L	823359638	823359638	1	10	10	0.01
L	824396665	824396665	1	10	10	0.01
L	824756414	824756414	1	10	10	0.01
L	826953116	826953116	1	10	10	0.01
L	828446326	828446326	1	10	10	0.01
L	831721296	831721296	1	10	10	0.01
L	831759204	831759204	1	10	10	0.01
L	832581530	832581530	1	10	10	0.01
L	833728941	833728941	1	10	10	0.01
L	834971772	834971772	1	10	10	0.01
L	835151953	835151953	1	10	10	0.01
L	836675103	836675103	1	10	10	0.01
L	837016986	837016986	1	10	10	0.01
L	843460468	843460468	1	10	10	0.01
L	843880984	843880984	1	10	10	0.01
L	844172109	844172109	1	10	10	0.01
L	846589006	846589006	1	10	10	0.01
L	846666177	846666177	1	10	10	0.01
L	846838113	846838113	1	10	10	0.01
L	847051657	847051657	1	10	10	0.01
L	847107848	847107848	1	10	10	0.01
L	847353254	847353254	1	10	10	0.01
L	848188684	848188684	1	10	10	0.01
L	848266221	848266221	1	10	10	0.01
L	849643728	849643728	1	10	10	0.01
L	850274711	850274711	1	10	10	0.01
L	850626863	850626863	1	10	10	0.01
L	853093235	853093235	1	10	10	0.01
L	854083736	854083736	1	10	10	0.01
L	854140404	854140404	1	10	10	0.01
L	854166047	854166047	1	10	10	0.01
L	855687731	855687731	1	10	10	0.01
L	856321344	856321344	1	10	10	0.01
L	858109682	858109682	1	10	10	0.01
L	858160733	858160733	1	10	10	0.01
L	860977776	860977776	1	10	10	0.01
L	861771469	861771469	1	10	10	0.01
L	862609366	862609366	1	10	10	0.01
L	863020422	863020422	1	10	10	0.01
L	867138013	867138013	1	10	10	0.01
L	867407347	867407347	1	10	10	0.01
L	870296390	870296390	1	10	10	0.01
L	870710036	870710036	1	10	10	0.01
L	874595381	874595381	1	10	10	0.01
L	875822052	875822052	1	10	10	0.01
L	876150062	876150062	1	10	10	0.01
L	877325889	877325889	1	10	10	0.01
L	882231845	882231845	1	10	10	0.01
L	882512335	882512335	1	10	10	0.01
L	882882094	882882094	1	10	10	0.01
L	883003629	883003629	1	10	10	0.01
L	885914190	885914190	1	10	10	0.01
L	888683089	888683089	1	10	10	0.01
L	888858248	888858248	1	10	10	0.01
L	889476323	889476323	1	10	10	0.01
L	890836034	890836034	1	10	10	0.01
L	892826890	892826890	1	10	10	0.01
L	897584010	897584010	1	10	10	0.01
L	899752151	899752151	1	10	10	0.01
L	900392986	900392986	1	10	10	0.01
L	901898777	901898777	1	10	10	0.01
L	904279656	904279656	1	10	10	0.01
L	905424349	905424349	1	10	10	0.01
L	907740631	907740631	1	10	10	0.01
L	909805048	909805048	1	10	10	0.01
L	909888869	909888869	1	10	10	0.01
L	914027906	914027906	1	10	10	0.01
L	914200863	914200863	1	10	10	0.01
L	920491316	920491316	1	10	10	0.01
L	920825484	920825484	1	10	10	0.01
L	924810020	924810020	1	10	10	0.01
L	929596752	929596752	1	10	10	0.01
L	930422507	930422507	1	10	10	0.01
L	930829112	930829112	1	10	10	0.01
L	933228709	933228709	1	10	10	0.01
L	933259801	933259801	1	10	10	0.01
L	936293396	936293396	1	10	10	0.01
L	939681883	939681883	1	10	10	0.01
L	940364473	940364473	1	10	10	0.01
L	943192964	943192964	1	10	10	0.01
L	943287666	943287666	1	10	10	0.01
L	943534169	943534169	1	10	10	0.01
L	943988419	943988419	1	10	10	0.01
L	944386337	944386337	1	10	10	0.01
L	944456143	944456143	1	10	10	0.01
L	945486036	945486036	1	10	10	0.01
L	946403644	946403644	1	10	10	0.01
L	946441585	946441585	1	10	10	0.01
L	946816099	946816099	1	10	10	0.01
L	947512534	947512534	1	10	10	0.01
L	947785834	947785834	1	10	10	0.01
L	948256473	948256473	1	10	10	0.01
L	948352387	948352387	1	10	10	0.01
L	948365781	948365781	1	10	10	0.01
L	948440736	948440736	1	10	10	0.01
L	948695833	948695833	1	10	10	0.01
L	948766231	948766231	1	10	10	0.01
L	949045077	949045077	1	10	10	0.01
L	949149147	949149147	1	10	10	0.01
L	949151904	949151904	1	10	10	0.01
L	949393582	949393582	1	10	10	0.01
L	949710287	949710287	1	10	10	0.01
L	950794760	950794760	1	10	10	0.01
L	950838569	950838569	1	10	10	0.01
L	952722963	952722963	1	10	10	0.01
L	953031698	953031698	1	10	10	0.01
L	958702104	958702104	1	10	10	0.01
L	960128402	960128402	1	10	10	0.01
L	965535448	965535448	1	10	10	0.01
L	967775968	967775968	1	10	10	0.01
L	969293812	969293812	1	10	10	0.01
L	969499800	969499800	1	10	10	0.01
L	970209889	970209889	1	10	10	0.01
L	970693507	970693507	1	10	10	0.01
L	971251122	971251122	1	10	10	0.01
L	973277426	973277426	1	10	10	0.01
L	974573605	974573605	1	10	10	0.01
L	975848920	975848920	1	10	10	0.01
L	980394608	980394608	1	11	11	0.01
L	980452224	980452224	1	11	11	0.01
L	981683485	981683485	1	11	11	0.01
L	988094460	988094460	1	11	11	0.01
L	988135588	988135588	1	11	11	0.01
L	990378238	990378238	1	11	11	0.01
L	990416847	990416847	1	11	11	0.01
L	992112366	992112366	1	11	11	0.01
L	992761092	992761092	1	11	11	0.01
L	993094933	993094933	1	11	11	0.01
L	995680801	995680801	1	11	11	0.01
L	1001112895	1001112895	1	11	11	0.01
L	1001667855	1001667855	1	11	11	0.01
L	1001953026	1001953026	1	11	11	0.01
L	1001967532	1001967532	1	11	11	0.01
L	1002986984	1002986984	1	11	11	0.01
L	1005231956	1005231956	1	11	11	0.01
L	1007454542	1007454542	1	11	11	0.01
L	1008364085	1008364085	1	11	11	0.01
L	1012976031	1012976031	1	11	11	0.01
L	1014704414	1014704414	1	11	11	0.01
L	1015299144	1015299144	1	11	11	0.01
L	1016602709	1016602709	1	11	11	0.01
L	1021069732	1021069732	1	11	11	0.01
L	1021130836	1021130836	1	11	11	0.01
L	1021295921	1021295921	1	11	11	0.01
L	1021557655	1021557655	1	11	11	0.01
L	1022091282	1022091282	1	11	11	0.01
L	1023547180	1023547180	1	11	11	0.01
L	1026148294	1026148294	1	11	11	0.01
L	1026338064	1026338064	1	11	11	0.01
L	1026406186	1026406186	1	11	11	0.01
L	1026837949	1026837949	1	11	11	0.01
L	1027974021	1027974021	1	11	11	0.01
L	1031185685	1031185685	1	11	11	0.01
L	1031758571	1031758571	1	11	11	0.01
L	1031842423	1031842423	1	11	11	0.01
L	1031951619	1031951619	1	11	11	0.01
L	1032342437	1032342437	1	11	11	0.01
L	1035252832	1035252832	1	11	11	0.01
L	1035332836	1035332836	1	11	11	0.01
L	1035441563	1035441563	1	11	11	0.01
L	1035754505	1035754505	1	11	11	0.01
L	1037668863	1037668863	1	11	11	0.01
L	1038469952	1038469952	1	11	11	0.01
L	1038566224	1038566224	1	11	11	0.01
L	1040014778	1040014778	1	11	11	0.01
L	1040705518	1040705518	1	11	11	0.01
L	1042432752	1042432752	1	11	11	0.01
L	1043408357	1043408357	1	11	11	0.01
L	1044750475	1044750475	1	11	11	0.01
L	1047344850	1047344850	1	11	11	0.01
L	1062389576	1062389576	1	11	11	0.01
L	1069673234	1069673234	1	11	11	0.01
L	1072108963	1072108963	1	11	11	0.01
L	1074991125	1074991125	1	11	11	0.01
L	1085372569	1085372569	1	11	11	0.01
L	1087084781	1087084781	1	11	11	0.01
L	1087712661	1087712661	1	11	11	0.01
L	1089961059	1089961059	1	11	11	0.01
L	1090223981	1090223981	1	11	11	0.01
L	1090256569	1090256569	1	11	11	0.01
L	1091903543	1091903543	1	11	11	0.01
L	1093019140	1093019140	1	11	11	0.01
L	1095547580	1095547580	1	11	11	0.01
L	1096635328	1096635328	1	11	11	0.01
L	1096886137	1096886137	1	11	11	0.01
L	1097050108	1097050108	1	11	11	0.01
L	1097068201	1097068201	1	11	11	0.01
L	1098079714	1098079714	1	11	11	0.01
L	1098107862	1098107862	1	11	11	0.01
L	1104131341	1104131341	1	11	11	0.01
L	1104820235	1104820235	1	11	11	0.01
L	1105214783	1105214783	1	11	11	0.01
L	1110091867	1110091867	1	11	11	0.01
L	1117577074	1117577074	1	12	12	0.01
L	1117767773	1117767773	1	12	12	0.01
L	1117982005	1117982005	1	12	12	0.01
L	1118135857	1118135857	1	12	12	0.01
L	1120737843	1120737843	1	12	12	0.01
L	1125799722	1125799722	1	12	12	0.01
L	1126697608	1126697608	1	12	12	0.01
L	1127167399	1127167399	1	12	12	0.01
L	1130099587	1130099587	1	12	12	0.01
L	1130473583	1130473583	1	12	12	0.01
L	1131717455	1131717455	1	12	12	0.01
L	1137310839	1137310839	1	12	12	0.01
L	1137475209	1137475209	1	12	12	0.01
L	1137660487	1137660487	1	12	12	0.01
L	1137844058	1137844058	1	12	12	0.01
L	1143517221	1143517221	1	12	12	0.01
L	1144849635	1144849635	1	12	12	0.01
L	1146523639	1146523639	1	12	12	0.01
L	1146918353	1146918353	1	12	12	0.01
L	1147376021	1147376021	1	12	12	0.01
L	1148190922	1148190922	1	12	12	0.01
L	1148379878	1148379878	1	12	12	0.01
L	1149275954	1149275954	1	12	12	0.01
L	1154144052	1154144052	1	12	12	0.01
L	1154199134	1154199134	1	12	12	0.01
L	1154465665	1154465665	1	12	12	0.01
L	1154501901	1154501901	1	12	12	0.01
L	1156181270	1156181270	1	12	12	0.01
L	1157433757	1157433757	1	12	12	0.01
L	1161013094	1161013094	1	12	12	0.01
L	1167499331	1167499331	1	12	12	0.01
L	1167530986	1167530986	1	12	12	0.01
L	1168041380	1168041380	1	12	12	0.01
L	1169152865	1169152865	1	12	12	0.01
L	1174635202	1174635202	1	12	12	0.01
L	1179859064	1179859064	1	12	12	0.01
L	1180174235	1180174235	1	12	12	0.01
L	1180458377	1180458377	1	12	12	0.01
L	1182665712	1182665712	1	12	12	0.01
L	1184379906	1184379906	1	12	12	0.01
L	1184718039	1184718039	1	12	12	0.01
L	1186459344	1186459344	1	12	12	0.01
L	1187098379	1187098379	1	12	12	0.01
L	1187690743	1187690743	1	12	12	0.01
L	1189452600	1189452600	1	12	12	0.01
L	1191761686	1191761686	1	12	12	0.01
L	1192695550	1192695550	1	12	12	0.01
L	1195602397	1195602397	1	12	12	0.01
L	1200419216	1200419216	1	12	12	0.01
L	1214665897	1214665897	1	12	12	0.01
L	1218059663	1218059663	1	12	12	0.01
L	1218124222	1218124222	1	12	12	0.01
L	1222450531	1222450531	1	12	12	0.01
L	1230293721	1230293721	1	12	12	0.01
L	1231156243	1231156243	1	12	12	0.01
L	1232404577	1232404577	1	12	12	0.01
L	1232882134	1232882134	1	12	12	0.01
L	1233037227	1233037227	1	12	12	0.01
L	1233869471	1233869471	1	12	12	0.01
L	1234103609	1234103609	1	12	12	0.01
L	1236154329	1236154329	1	12	12	0.01
L	1237415385	1237415385	1	12	12	0.01
L	1237877508	1237877508	1	13	13	0.01
L	1246176181	1246176181	1	13	13	0.01
L	1246885049	1246885049	1	13	13	0.01
L	1247260102	1247260102	1	13	13	0.01
L	1248203019	1248203019	1	13	13	0.01
L	1249267296	1249267296	1	13	13	0.01
L	1249407870	1249407870	1	13	13	0.01
L	1252985138	1252985138	1	13	13	0.01
L	1255579365	1255579365	1	13	13	0.01
L	1257023224	1257023224	1	13	13	0.01
L	1257109227	1257109227	1	13	13	0.01
L	1261986641	1261986641	1	13	13	0.01
L	1262680157	1262680157	1	13	13	0.01
L	1263882255	1263882255	1	13	13	0.01
L	1264152013	1264152013	1	13	13	0.01
L	1264385103	1264385103	1	13	13	0.01
L	1264435128	1264435128	1	13	13	0.01
L	1264563156	1264563156	1	13	13	0.01
L	1272295559	1272295559	1	13	13	0.01
L	1272385826	1272385826	1	13	13	0.01
L	1272809105	1272809105	1	13	13	0.01
L	1273416128	1273416128	1	13	13	0.01
L	1273470494	1273470494	1	13	13	0.01
L	1273682325	1273682325	1	13	13	0.01
L	1273763732	1273763732	1	13	13	0.01
L	1274148476	1274148476	1	13	13	0.01
L	1274185691	1274185691	1	13	13	0.01
L	1274846367	1274846367	1	13	13	0.01
L	1275095933	1275095933	1	13	13	0.01
L	1276939323	1276939323	1	13	13	0.01
L	1278190979	1278190979	1	13	13	0.01
L	1278247225	1278247225	1	13	13	0.01
L	1280542071	1280542071	1	13	13	0.01
L	1281712165	1281712165	1	13	13	0.01
L	1282115882	1282115882	1	13	13	0.01
L	1283059741	1283059741	1	13	13	0.01
L	1283100750	1283100750	1	13	13	0.01
L	1283142240	1283142240	1	13	13	0.01
L	1283241318	1283241318	1	13	13	0.01
L	1284060717	1284060717	1	13	13	0.01
L	1284107608	1284107608	1	13	13	0.01
L	1287221437	1287221437	1	13	13	0.01
L	1287329274	1287329274	1	13	13	0.01
L	1288083954	1288083954	1	13	13	0.01
L	1290425008	1290425008	1	13	13	0.01
L	1292817644	1292817644	1	13	13	0.01
L	1292940053	1292940053	1	13	13	0.01
L	1293515637	1293515637	1	13	13	0.01
L	1293531972	1293531972	1	13	13	0.01
L	1293940270	1293940270	1	13	13	0.01
L	1294804308	1294804308	1	13	13	0.01
L	1294848279	1294848279	1	13	13	0.01
L	1294880054	1294880054	1	13	13	0.01
L	1298794327	1298794327	1	13	13	0.01
L	1301403079	1301403079	1	13	13	0.01
L	1301442423	1301442423	1	13	13	0.01
L	1301521361	1301521361	1	13	13	0.01
L	1301629000	1301629000	1	13	13	0.01
L	1302863992	1302863992	1	13	13	0.01
L	1303022490	1303022490	1	13	13	0.01
L	1303533016	1303533016	1	13	13	0.01
L	1309710281	1309710281	1	13	13	0.01
L	1311312075	1311312075	1	13	13	0.01
L	1311849993	1311849993	1	13	13	0.01
L	1311866565	1311866565	1	13	13	0.01
L	1311946638	1311946638	1	13	13	0.01
L	1312138912	1312138912	1	13	13	0.01
L	1313317371	1313317371	1	13	13	0.01
L	1314588030	1314588030	1	13	13	0.01
L	1315396245	1315396245	1	13	13	0.01
L	1315495068	1315495068	1	13	13	0.01
L	1317633618	1317633618	1	13	13	0.01
L	1317918535	1317918535	1	13	13	0.01
L	1318715977	1318715977	1	13	13	0.01
L	1320358499	1320358499	1	13	13	0.01
L	1321924616	1321924616	1	13	13	0.01
L	1321965514	1321965514	1	13	13	0.01
L	1325107898	1325107898	1	13	13	0.01
L	1326151920	1326151920	1	13	13	0.01
L	1327944943	1327944943	1	13	13	0.01
L	1327966035	1327966035	1	13	13	0.01
L	1330754726	1330754726	1	13	13	0.01
L	1330854475	1330854475	1	13	13	0.01
L	1330931659	1330931659	1	13	13	0.01
L	1332037886	1332037886	1	13	13	0.01
L	1332062149	1332062149	1	13	13	0.01
L	1332168082	1332168082	1	13	13	0.01
L	1332196125	1332196125	1	13	13	0.01
L	1332237351	1332237351	1	13	13	0.01
L	1334613456	1334613456	1	13	13	0.01
L	1337330746	1337330746	1	13	13	0.01
L	1337574233	1337574233	1	13	13	0.01
L	1337664545	1337664545	1	13	13	0.01
L	1341865550	1341865550	1	13	13	0.01
L	1344060783	1344060783	1	13	13	0.01
L	1344135898	1344135898	1	13	13	0.01
L	1344466264	1344466264	1	13	13	0.01
L	1346173876	1346173876	1	13	13	0.01
L	1346205012	1346205012	1	13	13	0.01
L	1346333310	1346333310	1	13	13	0.01
L	1347341725	1347341725	1	13	13	0.01
L	1347592046	1347592046	1	13	13	0.01
L	1349977805	1349977805	1	13	13	0.01
L	1350201398	1350201398	1	13	13	0.01
L	1350266428	1350266428	1	13	13	0.01
L	1353698782	1353698782	1	14	14	0.01
L	1357298257	1357298257	1	14	14	0.01
L	1357635425	1357635425	1	14	14	0.01
L	1358133441	1358133441	1	14	14	0.01
L	1358150976	1358150976	1	14	14	0.01
L	1358382938	1358382938	1	14	14	0.01
L	1359174969	1359174969	1	14	14	0.01
L	1359327210	1359327210	1	14	14	0.01
L	1360849578	1360849578	1	14	14	0.01
L	1360876896	1360876896	1	14	14	0.01
L	1360912136	1360912136	1	14	14	0.01
L	1361200129	1361200129	1	14	14	0.01
L	1362258303	1362258303	1	14	14	0.01
L	1364782509	1364782509	1	14	14	0.01
L	1364813858	1364813858	1	14	14	0.01
L	1366692775	1366692775	1	14	14	0.01
L	1367529557	1367529557	1	14	14	0.01
L	1367725857	1367725857	1	14	14	0.01
L	1369125412	1369125412	1	14	14	0.01
L	1369421290	1369421290	1	14	14	0.01
L	1369749436	1369749436	1	14	14	0.01
L	1369760035	1369760035	1	14	14	0.01
L	1369778866	1369778866	1	14	14	0.01
L	1371301518	1371301518	1	14	14	0.01
L	1372264071	1372264071	1	14	14	0.01
L	1373481099	1373481099	1	14	14	0.01
L	1374786742	1374786742	1	14	14	0.01
L	1379628556	1379628556	1	14	14	0.01
L	1386017275	1386017275	1	14	14	0.01
L	1386077347	1386077347	1	14	14	0.01
L	1386341079	1386341079	1	14	14	0.01
L	1386461038	1386461038	1	14	14	0.01
L	1395399148	1395399148	1	14	14	0.01
L	1395675465	1395675465	1	14	14	0.01
L	1398672261	1398672261	1	14	14	0.01
L	1398722313	1398722313	1	14	14	0.01
L	1398885044	1398885044	1	14	14	0.01
L	1399002113	1399002113	1	14	14	0.01
L	1399513966	1399513966	1	14	14	0.01
L	1399677313	1399677313	1	14	14	0.01
L	1400211467	1400211467	1	14	14	0.01
L	1402037567	1402037567	1	14	14	0.01
L	1402172866	1402172866	1	14	14	0.01
L	1402869203	1402869203	1	14	14	0.01
L	1403439582	1403439582	1	14	14	0.01
L	1403889614	1403889614	1	14	14	0.01
L	1404950793	1404950793	1	14	14	0.01
L	1405165696	1405165696	1	14	14	0.01
L	1410048801	1410048801	1	14	14	0.01
L	1412280807	1412280807	1	14	14	0.01
L	1412317928	1412317928	1	14	14	0.01
L	1413476667	1413476667	1	14	14	0.01
L	1413703779	1413703779	1	14	14	0.01
L	1413928911	1413928911	1	14	14	0.01
L	1414263996	1414263996	1	14	14	0.01
L	1415571839	1415571839	1	14	14	0.01
L	1415826778	1415826778	1	14	14	0.01
L	1416406439	1416406439	1	14	14	0.01
L	1422034252	1422034252	1	14	14	0.01
L	1423245975	1423245975	1	14	14	0.01
L	1423484901	1423484901	1	14	14	0.01
L	1423524590	1423524590	1	14	14	0.01
L	1424207920	1424207920	1	14	14	0.01
L	1424309028	1424309028	1	14	14	0.01
L	1426643037	1426643037	1	14	14	0.01
L	1426808907	1426808907	1	14	14	0.01
L	1426812843	1426812843	1	14	14	0.01
L	1426834329	1426834329	1	14	14	0.01
L	1426899432	1426899432	1	14	14	0.01
L	1427536032	1427536032	1	14	14	0.01
L	1427732934	1427732934	1	14	14	0.01
L	1427812858	1427812858	1	14	14	0.01
L	1428431875	1428431875	1	14	14	0.01
L	1429131153	1429131153	1	14	14	0.01
L	1430366093	1430366093	1	14	14	0.01
L	1430597555	1430597555	1	14	14	0.01
L	1433446610	1433446610	1	14	14	0.01
L	1437430335	1437430335	1	14	14	0.01
L	1437483969	1437483969	1	14	14	0.01
L	1438132925	1438132925	1	14	14	0.01
L	1438497919	1438497919	1	14	14	0.01
L	1438968435	1438968435	1	14	14	0.01
L	1439049762	1439049762	1	14	14	0.01
L	1441138557	1441138557	1	14	14	0.01
L	1442140325	1442140325	1	14	14	0.01
L	1442478834	1442478834	1	14	14	0.01
L	1452835029	1452835029	1	14	14	0.01
L	1453136277	1453136277	1	14	14	0.01
L	1454365448	1454365448	1	14	14	0.01
L	1454518004	1454518004	1	14	14	0.01
L	1455527128	1455527128	1	14	14	0.01
L	1455805390	1455805390	1	14	14	0.01
L	1461863714	1461863714	1	15	15	0.01
L	1463829636	1463829636	1	15	15	0.01
L	1463967882	1463967882	1	15	15	0.01
L	1464390853	1464390853	1	15	15	0.01
L	1464532838	1464532838	1	15	15	0.01
L	1466498496	1466498496	1	15	15	0.01
L	1466566236	1466566236	1	15	15	0.01
L	1468535389	1468535389	1	15	15	0.01
L	1468777673	1468777673	1	15	15	0.01
L	1468801423	1468801423	1	15	15	0.01
L	1471113289	1471113289	1	15	15	0.01
L	1471583640	1471583640	1	15	15	0.01
L	1471726748	1471726748	1	15	15	0.01
L	1471850637	1471850637	1	15	15	0.01
L	1471887241	1471887241	1	15	15	0.01
L	1472004087	1472004087	1	15	15	0.01
L	1472082109	1472082109	1	15	15	0.01
L	1472112796	1472112796	1	15	15	0.01
L	1472188770	1472188770	1	15	15	0.01
L	1472217872	1472217872	1	15	15	0.01
L	1472250835	1472250835	1	15	15	0.01
L	1474056047	1474056047	1	15	15	0.01
L	1474518914	1474518914	1	15	15	0.01
L	1474918315	1474918315	1	15	15	0.01
L	1475022837	1475022837	1	15	15	0.01
L	1476300558	1476300558	1	15	15	0.01
L	1477639535	1477639535	1	15	15	0.01
L	1478479864	1478479864	1	15	15	0.01
L	1479939160	1479939160	1	15	15	0.01
L	1479991652	1479991652	1	15	15	0.01
L	1480057266	1480057266	1	15	15	0.01
L	1480284094	1480284094	1	15	15	0.01
L	1480813054	1480813054	1	15	15	0.01
L	1480924819	1480924819	1	15	15	0.01
L	1482652400	1482652400	1	15	15	0.01
L	1484918863	1484918863	1	15	15	0.01
L	1488356073	1488356073	1	15	15	0.01
L	1488462140	1488462140	1	15	15	0.01
L	1488513910	1488513910	1	15	15	0.01
L	1488542521	1488542521	1	15	15	0.01
L	1488591252	1488591252	1	15	15	0.01
L	1499490591	1499490591	1	15	15	0.01
L	1499516977	1499516977	1	15	15	0.01
L	1500885971	1500885971	1	15	15	0.01
L	1500976155	1500976155	1	15	15	0.01
L	1504098100	1504098100	1	15	15	0.01
L	1508999828	1508999828	1	15	15	0.01
L	1509406747	1509406747	1	15	15	0.01
L	1509735797	1509735797	1	15	15	0.01
L	1509845899	1509845899	1	15	15	0.01
L	1510205722	1510205722	1	15	15	0.01
L	1513284602	1513284602	1	15	15	0.01
L	1514855863	1514855863	1	15	15	0.01
L	1514891896	1514891896	1	15	15	0.01
L	1515279737	1515279737	1	15	15	0.01
L	1515360294	1515360294	1	15	15	0.01
L	1517718294	1517718294	1	15	15	0.01
L	1518430755	1518430755	1	15	15	0.01
L	1519157405	1519157405	1	15	15	0.01
L	1519695489	1519695489	1	15	15	0.01
L	1520416048	1520416048	1	15	15	0.01
L	1521382330	1521382330	1	15	15	0.01
L	1521425651	1521425651	1	15	15	0.01
L	1521803015	1521803015	1	15	15	0.01
L	1521918828	1521918828	1	15	15	0.01
L	1521937588	1521937588	1	15	15	0.01
L	1521954348	1521954348	1	15	15	0.01
L	1523075903	1523075903	1	15	15	0.01
L	1526812373	1526812373	1	15	15	0.01
L	1527128107	1527128107	1	15	15	0.01
L	1527341642	1527341642	1	15	15	0.01
L	1532847585	1532847585	1	15	15	0.01
L	1534261424	1534261424	1	15	15	0.01
L	1534403117	1534403117	1	15	15	0.01
L	1535089580	1535089580	1	15	15	0.01
L	1535185495	1535185495	1	15	15	0.01
L	1537056177	1537056177	1	15	15	0.01
L	1537268002	1537268002	1	15	15	0.01
L	1540617925	1540617925	1	15	15	0.01
L	1541920716	1541920716	1	15	15	0.01
L	1544323646	1544323646	1	15	15	0.01
L	1544403872	1544403872	1	15	15	0.01
L	1546920921	1546920921	1	15	15	0.01
L	1547421705	1547421705	1	15	15	0.01
L	1547998589	1547998589	1	15	15	0.01
L	1548135869	1548135869	1	15	15	0.01
L	1548415997	1548415997	1	15	15	0.01
L	1549754189	1549754189	1	16	16	0.01
L	1550022998	1550022998	1	16	16	0.01
L	1553460267	1553460267	1	16	16	0.01
L	1557438803	1557438803	1	16	16	0.01
L	1562695453	1562695453	1	16	16	0.01
L	1563007718	1563007718	1	16	16	0.01
L	1563882837	1563882837	1	16	16	0.01
L	1564489288	1564489288	1	16	16	0.01
L	1568999702	1568999702	1	16	16	0.01
L	1577671016	1577671016	1	16	16	0.01
L	1578966948	1578966948	1	16	16	0.01
L	1579037913	1579037913	1	16	16	0.01
L	1580869330	1580869330	1	16	16	0.01
L	1580966637	1580966637	1	16	16	0.01
L	1581190254	1581190254	1	16	16	0.01
L	1583248271	1583248271	1	16	16	0.01
L	1583857939	1583857939	1	16	16	0.01
L	1584354899	1584354899	1	16	16	0.01
L	1585377706	1585377706	1	16	16	0.01
L	1593795964	1593795964	1	16	16	0.01
L	1593888803	1593888803	1	16	16	0.01
L	1594386830	1594386830	1	16	16	0.01
L	1594433032	1594433032	1	16	16	0.01
L	1600644923	1600644923	1	16	16	0.01
L	1600797966	1600797966	1	16	16	0.01
L	1601480502	1601480502	1	16	16	0.01
L	1601695077	1601695077	1	16	16	0.01
L	1602215361	1602215361	1	16	16	0.01
L	1602359864	1602359864	1	16	16	0.01
L	1602772038	1602772038	1	16	16	0.01
L	1603785515	1603785515	1	16	16	0.01
L	1604029536	1604029536	1	16	16	0.01
L	1604178105	1604178105	1	16	16	0.01
L	1604225577	1604225577	1	16	16	0.01
L	1604297428	1604297428	1	16	16	0.01
L	1604550771	1604550771	1	16	16	0.01
L	1615898135	1615898135	1	16	16	0.01
L	1617003925	1617003925	1	16	16	0.01
L	1621023599	1621023599	1	16	16	0.01
L	1627209154	1627209154	1	16	16	0.01
L	1627692605	1627692605	1	16	16	0.01
L	1627720732	1627720732	1	16	16	0.01
L	1637335999	1637335999	1	16	16	0.01
L	1647882683	1647882683	1	17	17	0.01
L	1653864473	1653864473	1	17	17	0.01
L	1654034417	1654034417	1	17	17	0.01
L	1654811964	1654811964	1	17	17	0.01
L	1655010249	1655010249	1	17	17	0.01
L	1655434071	1655434071	1	17	17	0.01
L	1655733910	1655733910	1	17	17	0.01
L	1661370635	1661370635	1	17	17	0.01
L	1661765057	1661765057	1	17	17	0.01
L	1664166592	1664166592	1	17	17	0.01
L	1665369706	1665369706	1	17	17	0.01
L	1667863542	1667863542	1	17	17	0.01
L	1669682843	1669682843	1	17	17	0.01
L	1670921809	1670921809	1	17	17	0.01
L	1687784770	1687784770	1	17	17	0.01
L	1687909730	1687909730	1	17	17	0.01
L	1688143862	1688143862	1	17	17	0.01
L	1689776718	1689776718	1	17	17	0.01
L	1689876531	1689876531	1	17	17	0.01
L	1692480300	1692480300	1	17	17	0.01
L	1694321993	1694321993	1	17	17	0.01
L	1696774186	1696774186	1	17	17	0.01
L	1698119221	1698119221	1	17	17	0.01
L	1698407089	1698407089	1	17	17	0.01
L	1698575665	1698575665	1	17	17	0.01
L	1704029691	1704029691	1	17	17	0.01
L	1704171331	1704171331	1	17	17	0.01
L	1706063211	1706063211	1	17	17	0.01
L	1707072994	1707072994	1	17	17	0.01
L	1713921279	1713921279	1	17	17	0.01
L	1724287013	1724287013	1	17	17	0.01
L	1725256164	1725256164	1	18	18	0.01
L	1726829045	1726829045	1	18	18	0.01
L	1728183944	1728183944	1	18	18	0.01
L	1730583947	1730583947	1	18	18	0.01
L	1730736883	1730736883	1	18	18	0.01
L	1734433680	1734433680	1	18	18	0.01
L	1734506192	1734506192	1	18	18	0.01
L	1734635205	1734635205	1	18	18	0.01
L	1736342185	1736342185	1	18	18	0.01
L	1737814161	1737814161	1	18	18	0.01
L	1740271681	1740271681	1	18	18	0.01
L	1742247954	1742247954	1	18	18	0.01
L	1743467746	1743467746	1	18	18	0.01
L	1743706814	1743706814	1	18	18	0.01
L	1743839469	1743839469	1	18	18	0.01
L	1746528190	1746528190	1	18	18	0.01
L	1746565116	1746565116	1	18	18	0.01
L	1746816522	1746816522	1	18	18	0.01
L	1746935515	1746935515	1	18	18	0.01
L	1747402926	1747402926	1	18	18	0.01
L	1748247576	1748247576	1	18	18	0.01
L	1749458660	1749458660	1	18	18	0.01
L	1749510353	1749510353	1	18	18	0.01
L	1749567447	1749567447	1	18	18	0.01
L	1750232857	1750232857	1	18	18	0.01
L	1756669725	1756669725	1	18	18	0.01
L	1756808146	1756808146	1	18	18	0.01
L	1758569412	1758569412	1	18	18	0.01
L	1758761399	1758761399	1	18	18	0.01
L	1759060568	1759060568	1	18	18	0.01
L	1759108658	1759108658	1	18	18	0.01
L	1759401224	1759401224	1	18	18	0.01
L	1759552452	1759552452	1	18	18	0.01
L	1759673994	1759673994	1	18	18	0.01
L	1760379686	1760379686	1	18	18	0.01
L	1761761595	1761761595	1	18	18	0.01
L	1763245445	1763245445	1	18	18	0.01
L	1763640684	1763640684	1	18	18	0.01
L	1764626368	1764626368	1	18	18	0.01
L	1764936963	1764936963	1	18	18	0.01
L	1765890858	1765890858	1	18	18	0.01
L	1766088511	1766088511	1	18	18	0.01
L	1767587758	1767587758	1	18	18	0.01
L	1768559721	1768559721	1	18	18	0.01
L	1771359743	1771359743	1	18	18	0.01
L	1772234954	1772234954	1	18	18	0.01
L	1772928381	1772928381	1	18	18	0.01
L	1781386716	1781386716	1	18	18	0.01
L	1790839905	1790839905	1	18	18	0.01
L	1790851774	1790851774	1	18	18	0.01
L	1791040994	1791040994	1	18	18	0.01
L	1791808617	1791808617	1	18	18	0.01
L	1792036027	1792036027	1	18	18	0.01
L	1792082388	1792082388	1	18	18	0.01
L	1792185098	1792185098	1	18	18	0.01
L	1792233800	1792233800	1	18	18	0.01
L	1792275271	1792275271	1	18	18	0.01
L	1795880749	1795880749	1	18	18	0.01
L	1796018455	1796018455	1	18	18	0.01
L	1796427079	1796427079	1	18	18	0.01
L	1797565719	1797565719	1	18	18	0.01
L	1799962355	1799962355	1	18	18	0.01
L	1800807733	1800807733	1	18	18	0.01
L	1802214021	1802214021	1	18	18	0.01
L	1802998466	1802998466	1	18	18	0.01
L	1803392974	1803392974	1	18	18	0.01
L	1804120373	1804120373	1	18	18	0.01
L	1804165628	1804165628	1	18	18	0.01
L	1804461009	1804461009	1	18	18	0.01
L	1804596344	1804596344	1	18	18	0.01
L	1804893798	1804893798	1	18	18	0.01
L	1805915082	1805915082	1	18	18	0.01
L	1806674090	1806674090	1	18	18	0.01
L	1808305453	1808305453	1	19	19	0.01
L	1809650581	1809650581	1	19	19	0.01
L	1812231033	1812231033	1	19	19	0.01
L	1814185848	1814185848	1	19	19	0.01
L	1816579955	1816579955	1	19	19	0.01
L	1817167598	1817167598	1	19	19	0.01
L	1818673931	1818673931	1	19	19	0.01
L	1820533280	1820533280	1	19	19	0.01
L	1820609863	1820609863	1	19	19	0.01
L	1820918960	1820918960	1	19	19	0.01
L	1824286875	1824286875	1	19	19	0.01
L	1825316730	1825316730	1	19	19	0.01
L	1825466731	1825466731	1	19	19	0.01
L	1825827738	1825827738	1	19	19	0.01
L	1825877701	1825877701	1	19	19	0.01
L	1825898978	1825898978	1	19	19	0.01
L	1828681966	1828681966	1	19	19	0.01
L	1828948662	1828948662	1	19	19	0.01
L	1829286380	1829286380	1	19	19	0.01
L	1832771550	1832771550	1	19	19	0.01
L	1833707014	1833707014	1	19	19	0.01
L	1834068875	1834068875	1	19	19	0.01
L	1835363482	1835363482	1	19	19	0.01
L	1841587042	1841587042	1	19	19	0.01
L	1842557667	1842557667	1	19	19	0.01
L	1843024279	1843024279	1	19	19	0.01
L	1843987935	1843987935	1	19	19	0.01
L	1845109250	1845109250	1	19	19	0.01
L	1848299116	1848299116	1	19	19	0.01
L	1848677595	1848677595	1	19	19	0.01
L	1848974947	1848974947	1	19	19	0.01
L	1849076321	1849076321	1	19	19	0.01
L	1849417639	1849417639	1	19	19	0.01
L	1849460677	1849460677	1	19	19	0.01
L	1849700261	1849700261	1	19	19	0.01
L	1849774539	1849774539	1	19	19	0.01
L	1849817250	1849817250	1	19	19	0.01
L	1856324478	1856324478	1	19	19	0.01
L	1856529915	1856529915	1	19	19	0.01
L	1857021219	1857021219	1	19	19	0.01
L	1858613743	1858613743	1	19	19	0.01
L	1862131333	1862131333	1	19	19	0.01
L	1862648797	1862648797	1	19	19	0.01
L	1868983766	1868983766	1	19	19	0.01
L	1869573208	1869573208	1	19	19	0.01
L	1870577314	1870577314	1	19	19	0.01
L	1871444257	1871444257	1	19	19	0.01
L	1872056948	1872056948	1	19	19	0.01
L	1875984280	1875984280	1	19	19	0.01
L	1882499136	1882499136	1	19	19	0.01
L	1882696573	1882696573	1	19	19	0.01
L	1883155916	1883155916	1	19	19	0.01
L	1883520056	1883520056	1	19	19	0.01
L	1890328569	1890328569	1	19	19	0.01
L	1896948728	1896948728	1	20	20	0.01
L	1897300016	1897300016	1	20	20	0.01
L	1897995881	1897995881	1	20	20	0.01
L	1899663621	1899663621	1	20	20	0.01
L	1900128579	1900128579	1	20	20	0.01
L	1902809561	1902809561	1	20	20	0.01
L	1908176355	1908176355	1	20	20	0.01
L	1910294283	1910294283	1	20	20	0.01
L	1915537519	1915537519	1	20	20	0.01
L	1915556093	1915556093	1	20	20	0.01
L	1915606629	1915606629	1	20	20	0.01
L	1916785127	1916785127	1	20	20	0.01
L	1919442705	1919442705	1	20	20	0.01
L	1919815648	1919815648	1	20	20	0.01
L	1921691086	1921691086	1	20	20	0.01
L	1922214023	1922214023	1	20	20	0.01
L	1923273443	1923273443	1	20	20	0.01
L	1924241887	1924241887	1	20	20	0.01
L	1925896724	1925896724	1	20	20	0.01
L	1926309496	1926309496	1	20	20	0.01
L	1926390623	1926390623	1	20	20	0.01
L	1926541453	1926541453	1	20	20	0.01
L	1926579410	1926579410	1	20	20	0.01
L	1926854705	1926854705	1	20	20	0.01
L	1927689810	1927689810	1	20	20	0.01
L	1930240689	1930240689	1	20	20	0.01
L	1930621663	1930621663	1	20	20	0.01
L	1931434662	1931434662	1	20	20	0.01
L	1932640200	1932640200	1	20	20	0.01
L	1933027854	1933027854	1	20	20	0.01
L	1934086100	1934086100	1	20	20	0.01
L	1934704497	1934704497	1	20	20	0.01
L	1934954455	1934954455	1	20	20	0.01
L	1935557908	1935557908	1	20	20	0.01
L	1937351458	1937351458	1	20	20	0.01
L	1937754485	1937754485	1	20	20	0.01
L	1937978636	1937978636	1	20	20	0.01
L	1937996520	1937996520	1	20	20	0.01
L	1938498439	1938498439	1	20	20	0.01
L	1938602986	1938602986	1	20	20	0.01
L	1939314218	1939314218	1	20	20	0.01
L	1941365009	1941365009	1	20	20	0.01
L	1941615520	1941615520	1	20	20	0.01
L	1942164669	1942164669	1	20	20	0.01
L	1942402755	1942402755	1	20	20	0.01
L	1942765969	1942765969	1	20	20	0.01
L	1943742798	1943742798	1	20	20	0.01
L	1943957614	1943957614	1	20	20	0.01
L	1944023059	1944023059	1	20	20	0.01
L	1944036614	1944036614	1	20	20	0.01
L	1944945868	1944945868	1	20	20	0.01
L	1945145336	1945145336	1	20	20	0.01
L	1945397134	1945397134	1	20	20	0.01
L	1945642221	1945642221	1	20	20	0.01
L	1945810889	1945810889	1	20	20	0.01
L	1945859557	1945859557	1	20	20	0.01
L	1946334430	1946334430	1	20	20	0.01
L	1946625284	1946625284	1	20	20	0.01
L	1946653125	1946653125	1	20	20	0.01
L	1955368909	1955368909	1	20	20	0.01
L	1956526996	1956526996	1	20	20	0.01
L	1957445911	1957445911	1	20	20	0.01
L	1957580488	1957580488	1	20	20	0.01
L	1958038300	1958038300	1	20	20	0.01
L	1958170213	1958170213	1	20	20	0.01
L	1958358224	1958358224	1	20	20	0.01
L	1960199158	1960199158	1	20	20	0.01
L	1964950909	1964950909	1	21	21	0.01
L	1965088766	1965088766	1	21	21	0.01
L	1965118857	1965118857	1	21	21	0.01
L	1967009745	1967009745	1	21	21	0.01
L	1967434702	1967434702	1	21	21	0.01
L	1967777073	1967777073	1	21	21	0.01
L	1968668602	1968668602	1	21	21	0.01
L	1969113137	1969113137	1	21	21	0.01
L	1972525541	1972525541	1	21	21	0.01
L	1972690059	1972690059	1	21	21	0.01
L	1974615332	1974615332	1	21	21	0.01
L	1975071831	1975071831	1	21	21	0.01
L	1976993927	1976993927	1	21	21	0.01
L	1977030731	1977030731	1	21	21	0.01
L	1977201103	1977201103	1	21	21	0.01
L	1980955978	1980955978	1	21	21	0.01
L	1985057826	1985057826	1	21	21	0.01
L	1985083761	1985083761	1	21	21	0.01
L	1991620247	1991620247	1	21	21	0.01
L	1991854606	1991854606	1	21	21	0.01
L	1993310634	1993310634	1	21	21	0.01
L	1993797300	1993797300	1	21	21	0.01
L	1993943760	1993943760	1	21	21	0.01
L	1994010998	1994010998	1	21	21	0.01
L	1996405362	1996405362	1	21	21	0.01
L	1997235530	1997235530	1	21	21	0.01
L	1998115885	1998115885	1	21	21	0.01
L	1998184419	1998184419	1	21	21	0.01
L	1998670828	1998670828	1	21	21	0.01
L	1999212099	1999212099	1	21	21	0.01
L	1999935461	1999935461	1	21	21	0.01
L	2000011296	2000011296	1	21	21	0.01
L	2000836656	2000836656	1	21	21	0.01
L	2001972223	2001972223	1	21	21	0.01
L	2002071903	2002071903	1	21	21	0.01
L	2003716376	2003716376	1	21	21	0.01
L	2004401109	2004401109	1	21	21	0.01
L	2004455287	2004455287	1	21	21	0.01
L	2005408565	2005408565	1	21	21	0.01
L	2005538580	2005538580	1	21	21	0.01
L	2006925776	2006925776	1	21	21	0.01
L	2007377026	2007377026	1	21	21	0.01
L	2008000015	2008000015	1	21	21	0.01
L	2009019221	2009019221	1	21	21	0.01
L	2012472942	2012472942	1	21	21	0.01
L	2013098172	2013098172	1	21	21	0.01
L	2014010726	2014010726	1	21	21	0.01
L	2014087984	2014087984	1	21	21	0.01
L	2014983877	2014983877	1	21	21	0.01
L	2020745763	2020745763	1	21	21	0.01
L	2021101217	2021101217	1	21	21	0.01
L	2022196177	2022196177	1	21	21	0.01
L	2027381002	2027381002	1	21	21	0.01
L	2027901216	2027901216	1	21	21	0.01
L	2028595419	2028595419	1	21	21	0.01
L	2028723005	2028723005	1	21	21	0.01
L	2029481730	2029481730	1	21	21	0.01
L	2029736245	2029736245	1	21	21	0.01
L	2030316474	2030316474	1	21	21	0.01
L	2031965139	2031965139	1	22	22	0.01
L	2032354336	2032354336	1	22	22	0.01
L	2032447874	2032447874	1	22	22	0.01
L	2032471891	2032471891	1	22	22	0.01
L	2032585992	2032585992	1	22	22	0.01
L	2032713501	2032713501	1	22	22	0.01
L	2032849772	2032849772	1	22	22	0.01
L	2032952730	2032952730	1	22	22	0.01
L	2034318651	2034318651	1	22	22	0.01
L	2034801205	2034801205	1	22	22	0.01
L	2035403200	2035403200	1	22	22	0.01
L	2037500593	2037500593	1	22	22	0.01
L	2037902155	2037902155	1	22	22	0.01
L	2038280724	2038280724	1	22	22	0.01
L	2039982454	2039982454	1	22	22	0.01
L	2040919919	2040919919	1	22	22	0.01
L	2041097411	2041097411	1	22	22	0.01
L	2041610013	2041610013	1	22	22	0.01
L	2041638742	2041638742	1	22	22	0.01
L	2041675319	2041675319	1	22	22	0.01
L	2041727916	2041727916	1	22	22	0.01
L	2041801669	2041801669	1	22	22	0.01
L	2041960085	2041960085	1	22	22	0.01
L	2042623841	2042623841	1	22	22	0.01
L	2042777305	2042777305	1	22	22	0.01
L	2043707258	2043707258	1	22	22	0.01
L	2043737878	2043737878	1	22	22	0.01
L	2047408074	2047408074	1	22	22	0.01
L	2048075140	2048075140	1	22	22	0.01
L	2048408869	2048408869	1	22	22	0.01
L	2049273383	2049273383	1	22	22	0.01
L	2051275277	2051275277	1	22	22	0.01
L	2052257970	2052257970	1	22	22	0.01
L	2052726708	2052726708	1	22	22	0.01
L	2052794076	2052794076	1	22	22	0.01
L	2055220621	2055220621	1	22	22	0.01
L	2056262869	2056262869	1	22	22	0.01
L	2056641600	2056641600	1	22	22	0.01
L	2057782726	2057782726	1	22	22	0.01
L	2057824904	2057824904	1	22	22	0.01
L	2061666074	2061666074	1	22	22	0.01
L	2061746006	2061746006	1	22	22	0.01
L	2066739636	2066739636	1	22	22	0.01
L	2067303092	2067303092	1	22	22	0.01
L	2067470052	2067470052	1	22	22	0.01
L	2067690657	2067690657	1	22	22	0.01
L	2068525062	2068525062	1	22	22	0.01
L	2068824617	2068824617	1	22	22	0.01
L	2068845638	2068845638	1	22	22	0.01
L	2068969004	2068969004	1	22	22	0.01
L	2070151133	2070151133	1	22	22	0.01
L	2070814827	2070814827	1	22	22	0.01
L	2071819494	2071819494	1	22	22	0.01
L	2071899736	2071899736	1	22	22	0.01
L	2071981369	2071981369	1	22	22	0.01
L	2074442497	2074442497	1	22	22	0.01
L	2074724110	2074724110	1	22	22	0.01
L	2075383676	2075383676	1	22	22	0.01
L	2075816528	2075816528	1	22	22	0.01
L	2076088855	2076088855	1	22	22	0.01
L	2076564568	2076564568	1	22	22	0.01
L	2077105351	2077105351	1	22	22	0.01
L	2077524759	2077524759	1	22	22	0.01
L	2077970999	2077970999	1	22	22	0.01
L	2078030505	2078030505	1	22	22	0.01
L	2078063011	2078063011	1	22	22	0.01
L	2078788780	2078788780	1	22	22	0.01
L	2078986181	2078986181	1	22	22	0.01
L	2079516203	2079516203	1	22	22	0.01
L	2080448942	2080448942	1	22	22	0.01
L	2080781810	2080781810	1	22	22	0.01
L	2081366358	2081366358	1	22	22	0.01
L	2081532322	2081532322	1	22	22	0.01
L	2083167455	2083167455	1	22	22	0.01
L	2083377102	2083377102	1	22	22	0.01
L	2085972911	2085972911	1	22	22	0.01
L	2086080145	2086080145	1	22	22	0.01
L	2089057265	2089057265	1	22	22	0.01
L	2089457885	2089457885	1	22	22	0.01
L	2092879517	2092879517	1	22	22	0.01
L	2092965717	2092965717	1	22	22	0.01
L	2093037838	2093037838	1	22	22	0.01
L	2094378115	2094378115	1	22	22	0.01
L	2094560730	2094560730	1	22	22	0.01
L	2095654534	2095654534	1	22	22	0.01
L	2096218131	2096218131	1	22	22	0.01
L	2096830133	2096830133	1	22	22	0.01
L	2099014678	2099014678	1	22	22	0.01
L	2099847221	2099847221	1	23	23	0.01
L	2099876796	2099876796	1	23	23	0.01
L	2100139957	2100139957	1	23	23	0.01
L	2101686720	2101686720	1	23	23	0.01
L	2102113185	2102113185	1	23	23	0.01
L	2102146979	2102146979	1	23	23	0.01
L	2102253038	2102253038	1	23	23	0.01
L	2104270167	2104270167	1	23	23	0.01
L	2104448010	2104448010	1	23	23	0.01
L	2104779391	2104779391	1	23	23	0.01
L	2104905551	2104905551	1	23	23	0.01
L	2105087273	2105087273	1	23	23	0.01
L	2105199327	2105199327	1	23	23	0.01
L	2107582459	2107582459	1	23	23	0.01
L	2109140065	2109140065	1	23	23	0.01
L	2109741210	2109741210	1	23	23	0.01
L	2109825698	2109825698	1	23	23	0.01
L	2110587268	2110587268	1	23	23	0.01
L	2110762610	2110762610	1	23	23	0.01
L	2111204299	2111204299	1	23	23	0.01
L	2111792644	2111792644	1	23	23	0.01
L	2112618850	2112618850	1	23	23	0.01
L	2112752052	2112752052	1	23	23	0.01
L	2114967408	2114967408	1	23	23	0.01
L	2115215732	2115215732	1	23	23	0.01
L	2118542664	2118542664	1	23	23	0.01
L	2119094151	2119094151	1	23	23	0.01
L	2123515181	2123515181	1	23	23	0.01
L	2123853713	2123853713	1	23	23	0.01
L	2124629253	2124629253	1	23	23	0.01
L	2125739898	2125739898	1	23	23	0.01
L	2126545227	2126545227	1	23	23	0.01
L	2126737241	2126737241	1	23	23	0.01
L	2126829897	2126829897	1	23	23	0.01
L	2127391171	2127391171	1	23	23	0.01
L	2127754917	2127754917	1	23	23	0.01
L	2127962032	2127962032	1	23	23	0.01
L	2128119269	2128119269	1	23	23	0.01
L	2128560316	2128560316	1	23	23	0.01
L	2128621928	2128621928	1	23	23	0.01
L	2128907006	2128907006	1	23	23	0.01
L	2131008049	2131008049	1	23	23	0.01
L	2131371996	2131371996	1	23	23	0.01
L	2133184474	2133184474	1	23	23	0.01
L	2133374750	2133374750	1	23	23	0.01
L	2133581716	2133581716	1	23	23	0.01
L	2133973117	2133973117	1	23	23	0.01
L	2134281285	2134281285	1	23	23	0.01
L	2134684198	2134684198	1	23	23	0.01
L	2137812366	2137812366	1	23	23	0.01
L	2140827310	2140827310	1	23	23	0.01
L	2141060352	2141060352	1	23	23	0.01
L	2147354911	2147354911	1	23	23	0.01
L	2147470931	2147470931	1	23	23	0.01
L	2149077401	2149077401	1	23	23	0.01
L	2149407510	2149407510	1	23	23	0.01
L	2152174610	2152174610	1	23	23	0.01
L	2152437132	2152437132	1	23	23	0.01
L	2152499689	2152499689	1	23	23	0.01
L	2152670696	2152670696	1	23	23	0.01
L	2163655213	2163655213	1	24	24	0.01
L	2163684391	2163684391	1	24	24	0.01
L	2163865718	2163865718	1	24	24	0.01
L	2164667804	2164667804	1	24	24	0.01
L	2166234687	2166234687	1	24	24	0.01
L	2170007068	2170007068	1	24	24	0.01
L	2172588217	2172588217	1	24	24	0.01
L	2173393625	2173393625	1	24	24	0.01
L	2175594709	2175594709	1	24	24	0.01
L	2175759660	2175759660	1	24	24	0.01
L	2176384704	2176384704	1	24	24	0.01
L	2177336807	2177336807	1	24	24	0.01
L	2177581805	2177581805	1	24	24	0.01
L	2181830764	2181830764	1	24	24	0.01
L	2182140980	2182140980	1	24	24	0.01
L	2182353504	2182353504	1	24	24	0.01
L	2182473687	2182473687	1	24	24	0.01
L	2182648828	2182648828	1	24	24	0.01
L	2182928008	2182928008	1	24	24	0.01
L	2183141816	2183141816	1	24	24	0.01
L	2187962971	2187962971	1	24	24	0.01
L	2187982373	2187982373	1	24	24	0.01
L	2188050931	2188050931	1	24	24	0.01
L	2188072815	2188072815	1	24	24	0.01
L	2188413453	2188413453	1	24	24	0.01
L	2190302143	2190302143	1	24	24	0.01
L	2193586989	2193586989	1	24	24	0.01
L	2194885035	2194885035	1	24	24	0.01
L	2194946759	2194946759	1	24	24	0.01
L	2197478963	2197478963	1	24	24	0.01
L	2197508781	2197508781	1	24	24	0.01
L	2198353531	2198353531	1	24	24	0.01
L	2198590925	2198590925	1	24	24	0.01
L	2198637494	2198637494	1	24	24	0.01
L	2198669246	2198669246	1	24	24	0.01
L	2198724896	2198724896	1	24	24	0.01
L	2199263948	2199263948	1	24	24	0.01
L	2199312197	2199312197	1	24	24	0.01
L	2199392731	2199392731	1	24	24	0.01
L	2199960805	2199960805	1	24	24	0.01
L	2200379320	2200379320	1	24	24	0.01
L	2201411307	2201411307	1	24	24	0.01
L	2204377621	2204377621	1	24	24	0.01
L	2204386841	2204386841	1	24	24	0.01
L	2204836867	2204836867	1	24	24	0.01
L	2207714630	2207714630	1	24	24	0.01
L	2210111551	2210111551	1	24	24	0.01
L	2211292217	2211292217	1	24	24	0.01
L	2214525103	2214525103	1	24	24	0.01
L	2214851979	2214851979	1	24	24	0.01
L	2215082566	2215082566	1	24	24	0.01
L	2215105543	2215105543	1	24	24	0.01
L	2216274612	2216274612	1	24	24	0.01
L	2222616043	2222616043	1	24	24	0.01
L	2222984313	2222984313	1	24	24	0.01
L	2226899577	2226899577	1	25	25	0.01
L	2228996204	2228996204	1	25	25	0.01
L	2229612186	2229612186	1	25	25	0.01
L	2231463243	2231463243	1	25	25	0.01
L	2233209726	2233209726	1	25	25	0.01
L	2233447717	2233447717	1	25	25	0.01
L	2234281807	2234281807	1	25	25	0.01
L	2234324316	2234324316	1	25	25	0.01
L	2236055521	2236055521	1	25	25	0.01
L	2236253235	2236253235	1	25	25	0.01
L	2236522092	2236522092	1	25	25	0.01
L	2237028206	2237028206	1	25	25	0.01
L	2239464678	2239464678	1	25	25	0.01
L	2239669894	2239669894	1	25	25	0.01
L	2242874824	2242874824	1	25	25	0.01
L	2243462471	2243462471	1	25	25	0.01
L	2247792511	2247792511	1	25	25	0.01
L	2248312013	2248312013	1	25	25	0.01
L	2249898540	2249898540	1	25	25	0.01
L	2251426141	2251426141	1	25	25	0.01
L	2251718517	2251718517	1	25	25	0.01
L	2252379257	2252379257	1	25	25	0.01
L	2252814744	2252814744	1	25	25	0.01
L	2254572640	2254572640	1	25	25	0.01
L	2256238208	2256238208	1	25	25	0.01
L	2259063076	2259063076	1	25	25	0.01
L	2259102010	2259102010	1	25	25	0.01
L	2259893776	2259893776	1	25	25	0.01
L	2259985863	2259985863	1	25	25	0.01
L	2260401978	2260401978	1	25	25	0.01
L	2260461774	2260461774	1	25	25	0.01
L	2260549091	2260549091	1	25	25	0.01
L	2265792759	2265792759	1	25	25	0.01
L	2265826886	2265826886	1	25	25	0.01
L	2266324843	2266324843	1	25	25	0.01
L	2269223698	2269223698	1	25	25	0.01
L	2269670944	2269670944	1	25	25	0.01
L	2270547092	2270547092	1	25	25	0.01
L	2270557081	2270557081	1	25	25	0.01
L	2270611560	2270611560	1	25	25	0.01
L	2270662031	2270662031	1	25	25	0.01
L	2271352577	2271352577	1	25	25	0.01
L	2271824069	2271824069	1	25	25	0.01
L	2273255993	2273255993	1	25	25	0.01
L	2274598267	2274598267	1	25	25	0.01
L	2274713596	2274713596	1	25	25	0.01
L	2274837636	2274837636	1	25	25	0.01
L	2280913794	2280913794	1	25	25	0.01
L	2281203004	2281203004	1	25	25	0.01
L	2287977024	2287977024	1	26	26	0.01
L	2288577813	2288577813	1	26	26	0.01
L	2289104818	2289104818	1	26	26	0.01
L	2289327697	2289327697	1	26	26	0.01
L	2290702563	2290702563	1	26	26	0.01
L	2292525759	2292525759	1	26	26	0.01
L	2292964677	2292964677	1	26	26	0.01
L	2293756574	2293756574	1	26	26	0.01
L	2295552694	2295552694	1	26	26	0.01
L	2296145349	2296145349	1	26	26	0.01
L	2296180793	2296180793	1	26	26	0.01
L	2297347659	2297347659	1	26	26	0.01
L	2297879933	2297879933	1	26	26	0.01
L	2300513093	2300513093	1	26	26	0.01
L	2300706408	2300706408	1	26	26	0.01
L	2301104791	2301104791	1	26	26	0.01
L	2304152091	2304152091	1	26	26	0.01
L	2305159410	2305159410	1	26	26	0.01
L	2310076588	2310076588	1	26	26	0.01
L	2310127460	2310127460	1	26	26	0.01
L	2310156446	2310156446	1	26	26	0.01
L	2310169961	2310169961	1	26	26	0.01
L	2310500326	2310500326	1	26	26	0.01
L	2310654117	2310654117	1	26	26	0.01
L	2310737423	2310737423	1	26	26	0.01
L	2310813987	2310813987	1	26	26	0.01
L	2312126183	2312126183	1	26	26	0.01
L	2312227731	2312227731	1	26	26	0.01
L	2312295807	2312295807	1	26	26	0.01
L	2312445189	2312445189	1	26	26	0.01
L	2312516405	2312516405	1	26	26	0.01
L	2313140992	2313140992	1	26	26	0.01
L	2313189904	2313189904	1	26	26	0.01
L	2313210502	2313210502	1	26	26	0.01
L	2313252361	2313252361	1	26	26	0.01
L	2313360239	2313360239	1	26	26	0.01
L	2313500850	2313500850	1	26	26	0.01
L	2314625991	2314625991	1	26	26	0.01
L	2314748133	2314748133	1	26	26	0.01
L	2315193203	2315193203	1	26	26	0.01
L	2315376511	2315376511	1	26	26	0.01
L	2315908278	2315908278	1	26	26	0.01
L	2316210553	2316210553	1	26	26	0.01
L	2316266728	2316266728	1	26	26	0.01
L	2316345014	2316345014	1	26	26	0.01
L	2318119522	2318119522	1	26	26	0.01
L	2318248581	2318248581	1	26	26	0.01
L	2321441775	2321441775	1	26	26	0.01
L	2321797930	2321797930	1	26	26	0.01
L	2321951580	2321951580	1	26	26	0.01
L	2322019471	2322019471	1	26	26	0.01
L	2322081521	2322081521	1	26	26	0.01
L	2323895440	2323895440	1	26	26	0.01
L	2323947643	2323947643	1	26	26	0.01
L	2324711609	2324711609	1	26	26	0.01
L	2324725926	2324725926	1	26	26	0.01
L	2324879214	2324879214	1	26	26	0.01
L	2324914577	2324914577	1	26	26	0.01
L	2325133923	2325133923	1	26	26	0.01
L	2325521901	2325521901	1	26	26	0.01
L	2326426924	2326426924	1	26	26	0.01
L	2328293179	2328293179	1	26	26	0.01
L	2329440248	2329440248	1	26	26	0.01
L	2329736519	2329736519	1	26	26	0.01
L	2330903379	2330903379	1	26	26	0.01
L	2330964689	2330964689	1	26	26	0.01
L	2331072244	2331072244	1	26	26	0.01
L	2331330734	2331330734	1	26	26	0.01
L	2331426395	2331426395	1	26	26	0.01
L	2331958124	2331958124	1	26	26	0.01
L	2332566894	2332566894	1	26	26	0.01
L	2332582111	2332582111	1	26	26	0.01
L	2332803717	2332803717	1	26	26	0.01
L	2333597430	2333597430	1	26	26	0.01
L	2334893143	2334893143	1	26	26	0.01
L	2336635042	2336635042	1	26	26	0.01
L	2339069391	2339069391	1	26	26	0.01
L	2339161200	2339161200	1	26	26	0.01
L	2339239909	2339239909	1	26	26	0.01
L	2339359132	2339359132	1	26	26	0.01
L	2339381628	2339381628	1	26	26	0.01
L	2339940016	2339940016	1	26	26	0.01
L	2340295083	2340295083	1	26	26	0.01
L	2340568943	2340568943	1	26	26	0.01
L	2343717024	2343717024	1	27	27	0.01
L	2345687951	2345687951	1	27	27	0.01
L	2347360106	2347360106	1	27	27	0.01
L	2347717821	2347717821	1	27	27	0.01
L	2347997744	2347997744	1	27	27	0.01
L	2348485910	2348485910	1	27	27	0.01
L	2349043403	2349043403	1	27	27	0.01
L	2350615477	2350615477	1	27	27	0.01
L	2351749577	2351749577	1	27	27	0.01
L	2354843491	2354843491	1	27	27	0.01
L	2354882045	2354882045	1	27	27	0.01
L	2354942230	2354942230	1	27	27	0.01
L	2356212279	2356212279	1	27	27	0.01
L	2356471207	2356471207	1	27	27	0.01
L	2357873780	2357873780	1	27	27	0.01
L	2361670156	2361670156	1	27	27	0.01
L	2363527801	2363527801	1	27	27	0.01
L	2363679003	2363679003	1	27	27	0.01
L	2364172513	2364172513	1	27	27	0.01
L	2364354291	2364354291	1	27	27	0.01
L	2364384778	2364384778	1	27	27	0.01
L	2371285415	2371285415	1	27	27	0.01
L	2371445575	2371445575	1	27	27	0.01
L	2371634620	2371634620	1	27	27	0.01
L	2375250086	2375250086	1	27	27	0.01
L	2375545949	2375545949	1	27	27	0.01
L	2375614872	2375614872	1	27	27	0.01
L	2376174014	2376174014	1	27	27	0.01
L	2376737557	2376737557	1	27	27	0.01
L	2376803893	2376803893	1	27	27	0.01
L	2377256828	2377256828	1	27	27	0.01
L	2377531572	2377531572	1	27	27	0.01
L	2377562329	2377562329	1	27	27	0.01
L	2377660923	2377660923	1	27	27	0.01
L	2380578172	2380578172	1	27	27	0.01
L	2382790321	2382790321	1	27	27	0.01
L	2383045377	2383045377	1	27	27	0.01
L	2383194157	2383194157	1	27	27	0.01
L	2383519635	2383519635	1	27	27	0.01
L	2383704359	2383704359	1	27	27	0.01
L	2383851467	2383851467	1	27	27	0.01
L	2384347744	2384347744	1	27	27	0.01
L	2387823559	2387823559	1	27	27	0.01
L	2391618819	2391618819	1	27	27	0.01
L	2391688974	2391688974	1	27	27	0.01
L	2392453562	2392453562	1	27	27	0.01
L	2392519923	2392519923	1	27	27	0.01
L	2392679752	2392679752	1	27	27	0.01
L	2392730537	2392730537	1	27	27	0.01
L	2392751968	2392751968	1	27	27	0.01
L	2393285767	2393285767	1	27	27	0.01
L	2393779125	2393779125	1	27	27	0.01
L	2394092295	2394092295	1	27	27	0.01
L	2394973389	2394973389	1	28	28	0.01
L	2395048030	2395048030	1	28	28	0.01
L	2395070213	2395070213	1	28	28	0.01
L	2395383268	2395383268	1	28	28	0.01
L	2395914848	2395914848	1	28	28	0.01
L	2396363731	2396363731	1	28	28	0.01
L	2398152243	2398152243	1	28	28	0.01
L	2400214003	2400214003	1	28	28	0.01
L	2400422198	2400422198	1	28	28	0.01
L	2400874646	2400874646	1	28	28	0.01
L	2400900170	2400900170	1	28	28	0.01
L	2402191822	2402191822	1	28	28	0.01
L	2402261576	2402261576	1	28	28	0.01
L	2402376807	2402376807	1	28	28	0.01
L	2403987185	2403987185	1	28	28	0.01
L	2404133478	2404133478	1	28	28	0.01
L	2404273766	2404273766	1	28	28	0.01
L	2405775238	2405775238	1	28	28	0.01
L	2407034812	2407034812	1	28	28	0.01
L	2410009180	2410009180	1	28	28	0.01
L	2412733533	2412733533	1	28	28	0.01
L	2412827787	2412827787	1	28	28	0.01
L	2413047689	2413047689	1	28	28	0.01
L	2413299569	2413299569	1	28	28	0.01
L	2416151644	2416151644	1	28	28	0.01
L	2416322203	2416322203	1	28	28	0.01
L	2416561071	2416561071	1	28	28	0.01
L	2416724538	2416724538	1	28	28	0.01
L	2418606176	2418606176	1	28	28	0.01
L	2421839735	2421839735	1	28	28	0.01
L	2422015367	2422015367	1	28	28	0.01
L	2422684671	2422684671	1	28	28	0.01
L	2423366854	2423366854	1	28	28	0.01
L	2429791735	2429791735	1	28	28	0.01
L	2433593525	2433593525	1	28	28	0.01
L	2439235771	2439235771	1	28	28	0.01
L	2446712929	2446712929	1	29	29	0.01
L	2446837499	2446837499	1	29	29	0.01
L	2448074166	2448074166	1	29	29	0.01
L	2449559950	2449559950	1	29	29	0.01
L	2453638837	2453638837	1	29	29	0.01
L	2454733016	2454733016	1	29	29	0.01
L	2459290081	2459290081	1	29	29	0.01
L	2459861270	2459861270	1	29	29	0.01
L	2459871888	2459871888	1	29	29	0.01
L	2460298253	2460298253	1	29	29	0.01
L	2460652430	2460652430	1	29	29	0.01
L	2462627345	2462627345	1	29	29	0.01
L	2462698496	2462698496	1	29	29	0.01
L	2462741879	2462741879	1	29	29	0.01
L	2463372874	2463372874	1	29	29	0.01
L	2464295475	2464295475	1	29	29	0.01
L	2470324706	2470324706	1	29	29	0.01
L	2470901646	2470901646	1	29	29	0.01
L	2471097236	2471097236	1	29	29	0.01
L	2471219599	2471219599	1	29	29	0.01
L	2472920488	2472920488	1	29	29	0.01
L	2473479028	2473479028	1	29	29	0.01
L	2474149412	2474149412	1	29	29	0.01
L	2474226936	2474226936	1	29	29	0.01
L	2474353032	2474353032	1	29	29	0.01
L	2474733088	2474733088	1	29	29	0.01
L	2474937095	2474937095	1	29	29	0.01
L	2474972620	2474972620	1	29	29	0.01
L	2475160981	2475160981	1	29	29	0.01
L	2475630012	2475630012	1	29	29	0.01
L	2475732407	2475732407	1	29	29	0.01
L	2475993882	2475993882	1	29	29	0.01
L	2476345085	2476345085	1	29	29	0.01
L	2478560006	2478560006	1	29	29	0.01
L	2480459703	2480459703	1	29	29	0.01
L	2482978105	2482978105	1	29	29	0.01
L	2483568698	2483568698	1	29	29	0.01
L	2486224406	2486224406	1	29	29	0.01
L	2486385279	2486385279	1	29	29	0.01
L	2486662305	2486662305	1	29	29	0.01
L	2487319366	2487319366	1	29	29	0.01
L	2490457745	2490457745	1	29	29	0.01
L	2490570261	2490570261	1	29	29	0.01
L	2495153365	2495153365	1	29	29	0.01
L	2495415209	2495415209	1	29	29	0.01
L	2495548747	2495548747	1	29	29	0.01
L	2497476621	2497476621	1	29	29	0.01
L	2499973023	2499973023	1	30	30	0.01
L	2502201058	2502201058	1	30	30	0.01
L	2508896266	2508896266	1	30	30	0.01
L	2508992018	2508992018	1	30	30	0.01
L	2509378458	2509378458	1	30	30	0.01
L	2510745403	2510745403	1	30	30	0.01
L	2512225063	2512225063	1	30	30	0.01
L	2513105683	2513105683	1	30	30	0.01
L	2521298514	2521298514	1	30	30	0.01
L	2526222268	2526222268	1	30	30	0.01
L	2527379726	2527379726	1	30	30	0.01
L	2528644955	2528644955	1	30	30	0.01
L	2528678084	2528678084	1	30	30	0.01
L	2530800717	2530800717	1	30	30	0.01
L	2530875719	2530875719	1	30	30	0.01
L	2531215383	2531215383	1	30	30	0.01
L	2533539408	2533539408	1	30	30	0.01
L	2534324150	2534324150	1	30	30	0.01
L	2535743895	2535743895	1	30	30	0.01
L	2537702520	2537702520	1	30	30	0.01
L	2538940662	2538940662	1	30	30	0.01
L	2539032145	2539032145	1	30	30	0.01
L	2539055538	2539055538	1	30	30	0.01
L	2544162427	2544162427	1	30	30	0.01
L	2544469752	2544469752	1	30	30	0.01
L	2545599986	2545599986	1	30	30	0.01
L	2545749639	2545749639	1	30	30	0.01
L	2545964590	2545964590	1	30	30	0.01
L	2546288658	2546288658	1	30	30	0.01
L	2546358240	2546358240	1	30	30	0.01
L	2554985022	2554985022	1	31	31	0.01
L	2561484357	2561484357	1	31	31	0.01
L	2561558098	2561558098	1	31	31	0.01
L	2561647210	2561647210	1	31	31	0.01
L	2561770935	2561770935	1	31	31	0.01
L	2562841344	2562841344	1	31	31	0.01
L	2563107287	2563107287	1	31	31	0.01
L	2563190634	2563190634	1	31	31	0.01
L	2563284684	2563284684	1	31	31	0.01
L	2563356135	2563356135	1	31	31	0.01
L	2565375260	2565375260	1	31	31	0.01
L	2566524671	2566524671	1	31	31	0.01
L	2566782371	2566782371	1	31	31	0.01
L	2567382561	2567382561	1	31	31	0.01
L	2567456399	2567456399	1	31	31	0.01
L	2567848876	2567848876	1	31	31	0.01
L	2568434143	2568434143	1	31	31	0.01
L	2568835303	2568835303	1	31	31	0.01
L	2569012325	2569012325	1	31	31	0.01
L	2569870587	2569870587	1	31	31	0.01
L	2570025743	2570025743	1	31	31	0.01
L	2570221338	2570221338	1	31	31	0.01
L	2570303497	2570303497	1	31	31	0.01
L	2572324260	2572324260	1	31	31	0.01
L	2575758306	2575758306	1	31	31	0.01
L	2575779862	2575779862	1	31	31	0.01
L	2576565793	2576565793	1	31	31	0.01
L	2576901280	2576901280	1	31	31	0.01
L	2577059767	2577059767	1	31	31	0.01
L	2577559267	2577559267	1	31	31	0.01
L	2577641985	2577641985	1	31	31	0.01
L	2578242311	2578242311	1	31	31	0.01
L	2578859942	2578859942	1	31	31	0.01
L	2579050793	2579050793	1	31	31	0.01
L	2579422950	2579422950	1	31	31	0.01
L	2579904625	2579904625	1	31	31	0.01
L	2579971425	2579971425	1	31	31	0.01
L	2580089009	2580089009	1	31	31	0.01
L	2580557454	2580557454	1	31	31	0.01
L	2580787453	2580787453	1	31	31	0.01
L	2581873628	2581873628	1	31	31	0.01
L	2581971914	2581971914	1	31	31	0.01
L	2582021300	2582021300	1	31	31	0.01
L	2582049516	2582049516	1	31	31	0.01
L	2582806270	2582806270	1	31	31	0.01
L	2582850397	2582850397	1	31	31	0.01
L	2583533309	2583533309	1	31	31	0.01
L	2583572960	2583572960	1	31	31	0.01
L	2584948301	2584948301	1	31	31	0.01
L	2585043477	2585043477	1	31	31	0.01
L	2585115460	2585115460	1	31	31	0.01
L	2587109047	2587109047	1	31	31	0.01
L	2587254367	2587254367	1	31	31	0.01
L	2589056113	2589056113	1	31	31	0.01
L	2589746312	2589746312	1	31	31	0.01
L	2589775816	2589775816	1	31	31	0.01
L	2589799334	2589799334	1	31	31	0.01
L	2590159610	2590159610	1	31	31	0.01
L	2590944713	2590944713	1	31	31	0.01
L	2591031182	2591031182	1	31	31	0.01
L	2591752398	2591752398	1	31	31	0.01
L	2592146416	2592146416	1	31	31	0.01
L	2592635583	2592635583	1	31	31	0.01
L	2593432993	2593432993	1	31	31	0.01
L	2593617034	2593617034	1	31	31	0.01
L	2593857346	2593857346	1	31	31	0.01
L	2593893014	2593893014	1	31	31	0.01
L	2593919484	2593919484	1	31	31	0.01
L	2594103056	2594103056	1	31	31	0.01
L	2594371911	2594371911	1	31	31	0.01
L	2594973864	2594973864	1	31	31	0.01
L	2596605578	2596605578	1	31	31	0.01
L	2596729668	2596729668	1	31	31	0.01
L	2597192190	2597192190	1	32	32	0.01
L	2597652408	2597652408	1	32	32	0.01
L	2598371164	2598371164	1	32	32	0.01
L	2598409686	2598409686	1	32	32	0.01
L	2599199946	2599199946	1	32	32	0.01
L	2600562505	2600562505	1	32	32	0.01
L	2601968485	2601968485	1	32	32	0.01
L	2602038861	2602038861	1	32	32	0.01
L	2602803289	2602803289	1	32	32	0.01
L	2602850333	2602850333	1	32	32	0.01
L	2602947695	2602947695	1	32	32	0.01
L	2603137339	2603137339	1	32	32	0.01
L	2603153204	2603153204	1	32	32	0.01
L	2603284964	2603284964	1	32	32	0.01
L	2603546893	2603546893	1	32	32	0.01
L	2607167281	2607167281	1	32	32	0.01
L	2609585270	2609585270	1	32	32	0.01
L	2611265916	2611265916	1	32	32	0.01
L	2612247557	2612247557	1	32	32	0.01
L	2612277694	2612277694	1	32	32	0.01
L	2612296423	2612296423	1	32	32	0.01
L	2612427705	2612427705	1	32	32	0.01
L	2614051949	2614051949	1	32	32	0.01
L	2614867185	2614867185	1	32	32	0.01
L	2617158618	2617158618	1	32	32	0.01
L	2617642855	2617642855	1	32	32	0.01
L	2617657638	2617657638	1	32	32	0.01
L	2618475085	2618475085	1	32	32	0.01
L	2619294340	2619294340	1	32	32	0.01
L	2620814542	2620814542	1	32	32	0.01
L	2622603995	2622603995	1	32	32	0.01
L	2622999401	2622999401	1	32	32	0.01
L	2623490567	2623490567	1	32	32	0.01
L	2631918322	2631918322	1	32	32	0.01
L	2632498621	2632498621	1	32	32	0.01
L	2634466545	2634466545	1	32	32	0.01
L	2634939308	2634939308	1	32	32	0.01
L	2637251510	2637251510	1	32	32	0.01
L	2643180848	2643180848	1	32	32	0.01
L	2643315857	2643315857	1	32	32	0.01
L	2648401608	2648401608	1	33	33	0.01
L	2650185992	2650185992	1	33	33	0.01
L	2650813707	2650813707	1	33	33	0.01
L	2651634104	2651634104	1	33	33	0.01
L	2652563533	2652563533	1	33	33	0.01
L	2653139760	2653139760	1	33	33	0.01
L	2653753917	2653753917	1	33	33	0.01
L	2654614670	2654614670	1	33	33	0.01
L	2657638112	2657638112	1	33	33	0.01
L	2657685164	2657685164	1	33	33	0.01
L	2658477361	2658477361	1	33	33	0.01
L	2660151258	2660151258	1	33	33	0.01
L	2660435583	2660435583	1	33	33	0.01
L	2660713014	2660713014	1	33	33	0.01
L	2661885489	2661885489	1	33	33	0.01
L	2664130668	2664130668	1	33	33	0.01
L	2664504114	2664504114	1	33	33	0.01
L	2664729073	2664729073	1	33	33	0.01
L	2664773124	2664773124	1	33	33	0.01
L	2665433309	2665433309	1	33	33	0.01
L	2665813515	2665813515	1	33	33	0.01
L	2666113845	2666113845	1	33	33	0.01
L	2666170666	2666170666	1	33	33	0.01
L	2666228848	2666228848	1	33	33	0.01
L	2666874367	2666874367	1	33	33	0.01
L	2666929066	2666929066	1	33	33	0.01
L	2666938129	2666938129	1	33	33	0.01
L	2666955915	2666955915	1	33	33	0.01
L	2667008443	2667008443	1	33	33	0.01
L	2667438484	2667438484	1	33	33	0.01
L	2667465051	2667465051	1	33	33	0.01
L	2668389998	2668389998	1	33	33	0.01
L	2669255466	2669255466	1	33	33	0.01
L	2669391467	2669391467	1	33	33	0.01
L	2670715567	2670715567	1	33	33	0.01
L	2671204437	2671204437	1	33	33	0.01
L	2671349702	2671349702	1	33	33	0.01
L	2672388825	2672388825	1	33	33	0.01
L	2672441725	2672441725	1	33	33	0.01
L	2673494978	2673494978	1	33	33	0.01
L	2673641470	2673641470	1	33	33	0.01
L	2673728703	2673728703	1	33	33	0.01
L	2675963560	2675963560	1	33	33	0.01
L	2676289637	2676289637	1	33	33	0.01
L	2676395588	2676395588	1	33	33	0.01
L	2677576550	2677576550	1	33	33	0.01
L	2679653951	2679653951	1	33	33	0.01
L	2679842933	2679842933	1	33	33	0.01
L	2683244934	2683244934	1	33	33	0.01
L	2684076626	2684076626	1	33	33	0.01
L	2684187437	2684187437	1	33	33	0.01
L	2685294246	2685294246	1	33	33	0.01
L	2685394342	2685394342	1	33	33	0.01
L	2685547615	2685547615	1	33	33	0.01
L	2685819116	2685819116	1	33	33	0.01
L	2686429257	2686429257	1	33	33	0.01
L	2686501883	2686501883	1	33	33	0.01
L	2686565960	2686565960	1	33	33	0.01
L	2686569555	2686569555	1	33	33	0.01
L	2688145568	2688145568	1	33	33	0.01
L	2688785786	2688785786	1	33	33	0.01
L	2690372089	2690372089	1	33	33	0.01
L	2690773909	2690773909	1	33	33	0.01
L	2692176784	2692176784	1	33	33	0.01
L	2692539983	2692539983	1	33	33	0.01
L	2697766340	2697766340	1	34	34	0.01
L	2701330826	2701330826	1	34	34	0.01
L	2701351426	2701351426	1	34	34	0.01
L	2706497020	2706497020	1	34	34	0.01
L	2709590703	2709590703	1	34	34	0.01
L	2710796929	2710796929	1	34	34	0.01
L	2711065151	2711065151	1	34	34	0.01
L	2715084424	2715084424	1	34	34	0.01
L	2718453866	2718453866	1	34	34	0.01
L	2718503894	2718503894	1	34	34	0.01
L	2718611397	2718611397	1	34	34	0.01
L	2720291779	2720291779	1	34	34	0.01
L	2720321378	2720321378	1	34	34	0.01
L	2720381629	2720381629	1	34	34	0.01
L	2720933822	2720933822	1	34	34	0.01
L	2726541110	2726541110	1	34	34	0.01
L	2726586784	2726586784	1	34	34	0.01
L	2726603852	2726603852	1	34	34	0.01
L	2726619278	2726619278	1	34	34	0.01
L	2728454045	2728454045	1	34	34	0.01
L	2729578261	2729578261	1	34	34	0.01
L	2730317719	2730317719	1	34	34	0.01
L	2730786138	2730786138	1	34	34	0.01
L	2731167040	2731167040	1	34	34	0.01
L	2731590575	2731590575	1	34	34	0.01
L	2731699254	2731699254	1	34	34	0.01
L	2731848383	2731848383	1	34	34	0.01
L	2732703765	2732703765	1	34	34	0.01
L	2734345543	2734345543	1	34	34	0.01
L	2736992322	2736992322	1	34	34	0.01
L	2737223860	2737223860	1	34	34	0.01
L	2738549231	2738549231	1	34	34	0.01
L	2739076147	2739076147	1	34	34	0.01
L	2740713095	2740713095	1	34	34	0.01
L	2741010319	2741010319	1	35	35	0.01
L	2741023872	2741023872	1	35	35	0.01
L	2741211869	2741211869	1	35	35	0.01
L	2741373512	2741373512	1	35	35	0.01
L	2741985955	2741985955	1	35	35	0.01
L	2741998589	2741998589	1	35	35	0.01
L	2742054258	2742054258	1	35	35	0.01
L	2742145321	2742145321	1	35	35	0.01
L	2742198695	2742198695	1	35	35	0.01
L	2742394001	2742394001	1	35	35	0.01
L	2742834039	2742834039	1	35	35	0.01
L	2749061365	2749061365	1	35	35	0.01
L	2749191016	2749191016	1	35	35	0.01
L	2749223427	2749223427	1	35	35	0.01
L	2750635784	2750635784	1	35	35	0.01
L	2750721593	2750721593	1	35	35	0.01
L	2750757471	2750757471	1	35	35	0.01
L	2750774661	2750774661	1	35	35	0.01
L	2750857450	2750857450	1	35	35	0.01
L	2750949004	2750949004	1	35	35	0.01
L	2751121821	2751121821	1	35	35	0.01
L	2751246548	2751246548	1	35	35	0.01
L	2751449206	2751449206	1	35	35	0.01
L	2751919978	2751919978	1	35	35	0.01
L	2752304378	2752304378	1	35	35	0.01
L	2752353544	2752353544	1	35	35	0.01
L	2752732254	2752732254	1	35	35	0.01
L	2752860121	2752860121	1	35	35	0.01
L	2752926085	2752926085	1	35	35	0.01
L	2753761379	2753761379	1	35	35	0.01
L	2754042107	2754042107	1	35	35	0.01
L	2756261833	2756261833	1	35	35	0.01
L	2757437015	2757437015	1	35	35	0.01
L	2757940010	2757940010	1	35	35	0.01
L	2759600623	2759600623	1	35	35	0.01
L	2759952263	2759952263	1	35	35	0.01
L	2759992515	2759992515	1	35	35	0.01
L	2760003028	2760003028	1	35	35	0.01
L	2761408883	2761408883	1	35	35	0.01
L	2761867371	2761867371	1	35	35	0.01
L	2766306429	2766306429	1	35	35	0.01
L	2767078281	2767078281	1	35	35	0.01
L	2767234703	2767234703	1	35	35	0.01
L	2767258277	2767258277	1	35	35	0.01
L	2771287399	2771287399	1	35	35	0.01
L	2771594842	2771594842	1	35	35	0.01
L	2771954265	2771954265	1	35	35	0.01
L	2775907671	2775907671	1	35	35	0.01
L	2780428061	2780428061	1	35	35	0.01
L	2780926234	2780926234	1	35	35	0.01
L	2792905796	2792905796	1	36	36	0.01
L	2793464145	2793464145	1	36	36	0.01
L	2793550697	2793550697	1	36	36	0.01
L	2793681983	2793681983	1	36	36	0.01
L	2794140420	2794140420	1	36	36	0.01
L	2794853683	2794853683	1	36	36	0.01
L	2795330663	2795330663	1	36	36	0.01
L	2795972541	2795972541	1	36	36	0.01
L	2796177055	2796177055	1	36	36	0.01
L	2799969987	2799969987	1	36	36	0.01
L	2801901442	2801901442	1	36	36	0.01
L	2802064406	2802064406	1	36	36	0.01
L	2804960226	2804960226	1	36	36	0.01
L	2806970098	2806970098	1	36	36	0.01
L	2807186032	2807186032	1	36	36	0.01
L	2807311807	2807311807	1	36	36	0.01
L	2809505007	2809505007	1	36	36	0.01
L	2809721414	2809721414	1	36	36	0.01
L	2809844448	2809844448	1	36	36	0.01
L	2809939143	2809939143	1	36	36	0.01
L	2813302623	2813302623	1	36	36	0.01
L	2813320526	2813320526	1	36	36	0.01
L	2813736304	2813736304	1	36	36	0.01
L	2815182774	2815182774	1	36	36	0.01
L	2815261442	2815261442	1	36	36	0.01
L	2815673434	2815673434	1	36	36	0.01
L	2816187167	2816187167	1	36	36	0.01
L	2816595848	2816595848	1	36	36	0.01
L	2817072924	2817072924	1	36	36	0.01
L	2817401350	2817401350	1	36	36	0.01
L	2817707656	2817707656	1	36	36	0.01
L	2817770972	2817770972	1	36	36	0.01
L	2817887066	2817887066	1	36	36	0.01
L	2817930171	2817930171	1	36	36	0.01
L	2818225614	2818225614	1	36	36	0.01
L	2818259456	2818259456	1	36	36	0.01
L	2818565857	2818565857	1	36	36	0.01
L	2818783484	2818783484	1	36	36	0.01
L	2819030612	2819030612	1	36	36	0.01
L	2819659197	2819659197	1	36	36	0.01
L	2819722426	2819722426	1	36	36	0.01
L	2819827966	2819827966	1	36	36	0.01
L	2820117290	2820117290	1	36	36	0.01
L	2820177647	2820177647	1	36	36	0.01
L	2820202095	2820202095	1	36	36	0.01
L	2820334238	2820334238	1	36	36	0.01
L	2820824965	2820824965	1	36	36	0.01
L	2821339053	2821339053	1	36	36	0.01
L	2821615271	2821615271	1	36	36	0.01
L	2821657657	2821657657	1	36	36	0.01
L	2825015575	2825015575	1	36	36	0.01
L	2825489681	2825489681	1	37	37	0.01
L	2826704064	2826704064	1	37	37	0.01
L	2827164961	2827164961	1	37	37	0.01
L	2827356912	2827356912	1	37	37	0.01
L	2827471500	2827471500	1	37	37	0.01
L	2828200576	2828200576	1	37	37	0.01
L	2829233466	2829233466	1	37	37	0.01
L	2830894674	2830894674	1	37	37	0.01
L	2830922832	2830922832	1	37	37	0.01
L	2832712417	2832712417	1	37	37	0.01
L	2832760245	2832760245	1	37	37	0.01
L	2832844165	2832844165	1	37	37	0.01
L	2834716014	2834716014	1	37	37	0.01
L	2835928942	2835928942	1	37	37	0.01
L	2838445522	2838445522	1	37	37	0.01
L	2838458029	2838458029	1	37	37	0.01
L	2838682001	2838682001	1	37	37	0.01
L	2838697492	2838697492	1	37	37	0.01
L	2840636110	2840636110	1	37	37	0.01
L	2840799014	2840799014	1	37	37	0.01
L	2841044504	2841044504	1	37	37	0.01
L	2841638800	2841638800	1	37	37	0.01
L	2843730083	2843730083	1	37	37	0.01
L	2846250186	2846250186	1	37	37	0.01
L	2852015718	2852015718	1	37	37	0.01
L	2854356819	2854356819	1	37	37	0.01
L	2854592672	2854592672	1	37	37	0.01
L	2856358006	2856358006	1	37	37	0.01
L	2856395477	2856395477	1	37	37	0.01
L	2861056809	2861056809	1	37	37	0.01
L	2862394137	2862394137	1	37	37	0.01
L	2863036554	2863036554	1	37	37	0.01
L	2863259680	2863259680	1	37	37	0.01
L	2870059590	2870059590	1	38	38	0.01
L	2870156982	2870156982	1	38	38	0.01
L	2870885871	2870885871	1	38	38	0.01
L	2871013615	2871013615	1	38	38	0.01
L	2871933128	2871933128	1	38	38	0.01
L	2877774677	2877774677	1	38	38	0.01
L	2878656019	2878656019	1	38	38	0.01
L	2878859909	2878859909	1	38	38	0.01
L	2881334288	2881334288	1	38	38	0.01
L	2882547461	2882547461	1	38	38	0.01
L	2882675507	2882675507	1	38	38	0.01
L	2883256001	2883256001	1	38	38	0.01
L	2883341349	2883341349	1	38	38	0.01
L	2884128282	2884128282	1	38	38	0.01
L	2884321865	2884321865	1	38	38	0.01
L	2884446927	2884446927	1	38	38	0.01
L	2884466471	2884466471	1	38	38	0.01
L	2885554783	2885554783	1	38	38	0.01
L	2885774531	2885774531	1	38	38	0.01
L	2886280222	2886280222	1	38	38	0.01
L	2886326303	2886326303	1	38	38	0.01
L	2887532056	2887532056	1	38	38	0.01
L	2888223872	2888223872	1	38	38	0.01
L	2888807213	2888807213	1	38	38	0.01
L	2888928411	2888928411	1	38	38	0.01
L	2889538331	2889538331	1	38	38	0.01
L	2891658987	2891658987	1	38	38	0.01
L	2891715898	2891715898	1	38	38	0.01
L	2893502132	2893502132	1	38	38	0.01
L	2893688642	2893688642	1	38	38	0.01
L	2893890987	2893890987	1	38	38	0.01
L	2899348660	2899348660	1	38	38	0.01
L	2900027636	2900027636	1	38	38	0.01
L	2900149097	2900149097	1	38	38	0.01
L	2900269372	2900269372	1	38	38	0.01
L	2900295769	2900295769	1	38	38	0.01
L	2900583238	2900583238	1	38	38	0.01
L	2901446009	2901446009	1	39	39	0.01
L	2901485577	2901485577	1	39	39	0.01
L	2901693592	2901693592	1	39	39	0.01
L	2901742947	2901742947	1	39	39	0.01
L	2901891242	2901891242	1	39	39	0.01
L	2902732798	2902732798	1	39	39	0.01
L	2902785906	2902785906	1	39	39	0.01
L	2909266304	2909266304	1	39	39	0.01
L	2909463495	2909463495	1	39	39	0.01
L	2909830919	2909830919	1	39	39	0.01
L	2910056375	2910056375	1	39	39	0.01
L	2911070754	2911070754	1	39	39	0.01
L	2912617149	2912617149	1	39	39	0.01
L	2912881950	2912881950	1	39	39	0.01
L	2920443044	2920443044	1	39	39	0.01
L	2920513011	2920513011	1	39	39	0.01
L	2920569423	2920569423	1	39	39	0.01
L	2920868358	2920868358	1	39	39	0.01
L	2921127502	2921127502	1	39	39	0.01
L	2921758213	2921758213	1	39	39	0.01
L	2925727679	2925727679	1	39	39	0.01
L	2926028105	2926028105	1	39	39	0.01
L	2930583163	2930583163	1	39	39	0.01
L	2931671764	2931671764	1	40	40	0.01
L	2931952966	2931952966	1	40	40	0.01
L	2932952689	2932952689	1	40	40	0.01
L	2932954924	2932954924	1	40	40	0.01
L	2932978740	2932978740	1	40	40	0.01
L	2934071221	2934071221	1	40	40	0.01
L	2934351915	2934351915	1	40	40	0.01
L	2934479357	2934479357	1	40	40	0.01
L	2934734428	2934734428	1	40	40	0.01
L	2935432727	2935432727	1	40	40	0.01
L	2935915264	2935915264	1	40	40	0.01
L	2936687052	2936687052	1	40	40	0.01
L	2937549502	2937549502	1	40	40	0.01
L	2939512526	2939512526	1	40	40	0.01
L	2940201828	2940201828	1	40	40	0.01
L	2941167432	2941167432	1	40	40	0.01
L	2948195935	2948195935	1	40	40	0.01
L	2949664525	2949664525	1	40	40	0.01
L	2950369650	2950369650	1	40	40	0.01
L	2952458225	2952458225	1	41	41	0.01
L	2952498308	2952498308	1	41	41	0.01
L	2952502247	2952502247	1	41	41	0.01
L	2952725631	2952725631	1	41	41	0.01
L	2952799428	2952799428	1	41	41	0.01
L	2953010420	2953010420	1	41	41	0.01
L	2954132715	2954132715	1	41	41	0.01
L	2954313290	2954313290	1	41	41	0.01
L	2954325707	2954325707	1	41	41	0.01
L	2954592340	2954592340	1	41	41	0.01
L	2954734481	2954734481	1	41	41	0.01
L	2955548718	2955548718	1	41	41	0.01
L	2958660091	2958660091	1	41	41	0.01
L	2959024022	2959024022	1	41	41	0.01
L	2959173821	2959173821	1	41	41	0.01
L	2959952000	2959952000	1	41	41	0.01
L	2960454490	2960454490	1	41	41	0.01
L	2961315000	2961315000	1	41	41	0.01
L	2962128913	2962128913	1	41	41	0.01
L	2962157003	2962157003	1	41	41	0.01
L	2964038342	2964038342	1	41	41	0.01
L	2964223583	2964223583	1	41	41	0.01
L	2965319964	2965319964	1	41	41	0.01
L	2965895698	2965895698	1	41	41	0.01
L	2965958283	2965958283	1	41	41	0.01
L	2969216518	2969216518	1	41	41	0.01
L	2970230274	2970230274	1	41	41	0.01
L	2972321424	2972321424	1	41	41	0.01
L	2973742212	2973742212	1	42	42	0.01
L	2976266297	2976266297	1	42	42	0.01
L	2977696771	2977696771	1	42	42	0.01
L	2977765942	2977765942	1	42	42	0.01
L	2977789695	2977789695	1	42	42	0.01
L	2978612332	2978612332	1	42	42	0.01
L	2979788520	2979788520	1	42	42	0.01
L	2980021401	2980021401	1	42	42	0.01
L	2981006580	2981006580	1	42	42	0.01
L	2981113678	2981113678	1	42	42	0.01
L	2981132699	2981132699	1	42	42	0.01
L	2984491957	2984491957	1	42	42	0.01
L	2986517637	2986517637	1	42	42	0.01
L	2986626171	2986626171	1	42	42	0.01
L	2986801255	2986801255	1	42	42	0.01
L	2987114969	2987114969	1	42	42	0.01
L	2987592662	2987592662	1	42	42	0.01
L	2987660324	2987660324	1	42	42	0.01
L	2987704500	2987704500	1	42	42	0.01
L	2988138764	2988138764	1	42	42	0.01
L	2997698001	2997698001	1	43	43	0.01
L	2997808038	2997808038	1	43	43	0.01
L	2998917647	2998917647	1	43	43	0.01
L	2999655267	2999655267	1	43	43	0.01
L	3003142613	3003142613	1	43	43	0.01
L	3006227083	3006227083	1	43	43	0.01
L	3006366395	3006366395	1	43	43	0.01
L	3006997496	3006997496	1	43	43	0.01
L	3007249949	3007249949	1	43	43	0.01
L	3013584879	3013584879	1	44	44	0.01
L	3039078861	3039078861	1	45	45	0.01
L	3039493600	3039493600	1	45	45	0.01
L	3041252079	3041252079	1	45	45	0.01
L	3044618533	3044618533	1	45	45	0.01
L	3044998613	3044998613	1	45	45	0.01
L	3048741637	3048741637	1	46	46	0.01
L	3050178098	3050178098	1	46	46	0.01
L	3051113729	3051113729	1	46	46	0.01
L	3052895225	3052895225	1	46	46	0.01
L	3053127080	3053127080	1	46	46	0.01
L	3053254295	3053254295	1	46	46	0.01
L	3053684243	3053684243	1	46	46	0.01
L	3055509413	3055509413	1	46	46	0.01
L	3056257210	3056257210	1	46	46	0.01
L	3062098785	3062098785	1	47	47	0.01
L	3063448037	3063448037	1	47	47	0.01
L	3064601547	3064601547	1	48	48	0.01
L	3068663436	3068663436	1	48	48	0.01
1	1	268411862	1	1		1
2	268411863	475523801	1	1		1
3	475523802	651059095	1	1		1
4	651059096	819298639	1	1		1
5	819298640	977254738	1	1		1
6	977254739	1114487618	1	1		1
7	1114487619	1237690818	1	1		1
8	1237690819	1351418731	1	1		1
9	1351418732	1456382835	1	1		1
10	1456382836	1548783241	1	1		1
11	1548783242	1639705773	1	1		1
12	1639705774	1725125326	1	1		1
13	1725125327	1808294631	1	1		1
14	1808294632	1891106602	1	1		1
15	1891106603	1963447696	1	1		1
16	1963447697	2031691244	1	1		1
17	2031691245	2099760229	1	1		1
18	2099760230	2163286411	1	1		1
19	2163286412	2226244101	1	1		1
20	2226244102	2283718234	1	1		1
21	2283718235	2340869630	1	1		1
22	2340869631	2394884651	1	1		1
23	2394884652	2446698349	1	1		1
24	2446698350	2497883467	1	1		1
25	2497883468	2547914418	1	1		1
26	2547914419	2597135817	1	1		1
27	2597135818	2645601343	1	1		1
28	2645601344	2693315306	1	1		1
29	2693315307	2740845112	1	1		1
30	2740845113	2783841543	1	1		1
31	2783841544	2825469153	1	1		1
32	2825469154	2865313544	1	1		1
33	2865313545	2900733651	1	1		1
34	2900733652	2930979694	1	1		1
35	2930979695	2952258414	1	1		1
36	2952258415	2972968782	1	1		1
37	2972968783	2993427820	1	1		1
38	2993427821	3013489023	1	1		1
39	3013489024	3031655286	1	1		1
40	3031655287	3046810963	1	1		1
41	3046810964	3056438797	1	1		1
42	3056438798	3064493361	1	1		1
43	3064493362	3071005138	1	1		1
44	3071005139	3076166645	1	1		1
45	3076166646	3080146383	1	1		1
46	3080146384	3083658683	1	1		1
47	3083658684	3086215691	1	1		1
48	3086215692	3087615485	1	1		1
49	3087615486	3088286378	1	1		1
