name	start	end	strand	col	fill	lwd
1	1	136787062	1	4	4	0.1
2	136787063	273717267	1	4	4	0.1
3	273717268	417507365	1	4	4	0.1
4	417507366	596804408	1	4	4	0.1
5	596804409	763259584	1	4	4	0.1
6	763259585	901634911	1	4	4	0.1
7	901634912	1072181472	1	4	4	0.1
8	1072181473	1196860736	1	4	4	0.1
9	1196860737	1326488113	1	4	4	0.1
10	1326488114	1430770860	1	4	4	0.1
11	1430770861	1535200477	1	4	4	0.1
12	1535200478	1648120681	1	4	4	0.1
13	1648120682	1767935705	1	4	4	0.1
14	1767935706	1888839466	1	4	4	0.1
15	1888839467	1999136864	1	4	4	0.1
16	1999136865	2126024376	1	4	4	0.1
17	2126024377	2248766868	1	4	4	0.1
18	2248766869	2365912771	1	4	4	0.1
19	2365912772	2477149644	1	4	4	0.1
20	2477149645	2603887572	1	4	4	0.1
21	2603887573	2709348584	1	4	4	0.1
22	2709348585	2799195066	1	4	4	0.1
23	2799195067	2905320789	1	4	4	0.1
24	2905320790	3002146519	1	4	4	0.1
25	3002146520	3088248286	1	4	4	0.1
MT	3088248287	3088286389	1	4	4	0.1
1	1	136787062	1	1	4	0.1
2	136787063	273717267	1	1	4	0.1
3	273717268	417507365	1	1	4	0.1
4	417507366	596804408	1	1	4	0.1
5	596804409	763259584	1	1	4	0.1
6	763259585	901634911	1	1	4	0.1
7	901634912	1072181472	1	1	4	0.1
8	1072181473	1196860736	1	1	4	0.1
9	1196860737	1326488113	1	1	4	0.1
10	1326488114	1430770860	1	1	4	0.1
11	1430770861	1535200477	1	1	4	0.1
12	1535200478	1648120681	1	1	4	0.1
13	1648120682	1767935705	1	1	4	0.1
14	1767935706	1888839466	1	1	4	0.1
15	1888839467	1999136864	1	1	4	0.1
16	1999136865	2126024376	1	1	4	0.1
17	2126024377	2248766868	1	1	4	0.1
18	2248766869	2365912771	1	1	4	0.1
19	2365912772	2477149644	1	1	4	0.1
20	2477149645	2603887572	1	1	4	0.1
21	2603887573	2709348584	1	1	4	0.1
22	2709348585	2799195066	1	1	4	0.1
23	2799195067	2905320789	1	1	4	0.1
24	2905320790	3002146519	1	1	4	0.1
25	3002146520	3088248286	1	1	4	0.1
MT	3088248287	3088286389	1	1	4	0.1
L	122297131	122297131	1	5	5	0.01
L	1769570979	1769570979	1	5	5	0.01
L	1882725838	1882725838	1	5	5	0.01
L	1587141321	1587141321	1	5	5	0.01
L	919340472	919340472	1	5	5	0.01
L	1769205349	1769205349	1	5	5	0.01
L	1771048646	1771048646	1	5	5	0.01
L	1770775675	1770775675	1	5	5	0.01
L	1874413705	1874413705	1	5	5	0.01
L	43814467	43814467	1	5	5	0.01
L	617576992	617576992	1	5	5	0.01
L	52475544	52475544	1	5	5	0.01
L	56298193	56298193	1	5	5	0.01
L	84366480	84366480	1	5	5	0.01
L	82559787	82559787	1	5	5	0.01
L	45369205	45369205	1	5	5	0.01
L	1878303618	1878303618	1	5	5	0.01
L	1850307150	1850307150	1	5	5	0.01
L	1852316628	1852316628	1	5	5	0.01
L	59234434	59234434	1	5	5	0.01
L	1038416752	1038416752	1	5	5	0.01
L	904190042	904190042	1	5	5	0.01
L	1778948675	1778948675	1	5	5	0.01
L	1676920417	1676920417	1	5	5	0.01
L	1851233653	1851233653	1	5	5	0.01
L	1676884006	1676884006	1	5	5	0.01
L	1038649560	1038649560	1	5	5	0.01
L	45113979	45113979	1	5	5	0.01
L	992871552	992871552	1	5	5	0.01
L	2944462164	2944462164	1	5	5	0.01
L	23111366	23111366	1	5	5	0.01
L	58892817	58892817	1	5	5	0.01
L	57814163	57814163	1	5	5	0.01
L	2648357235	2648357235	1	5	5	0.01
L	617806359	617806359	1	5	5	0.01
L	60766688	60766688	1	5	5	0.01
L	116034165	116034165	1	5	5	0.01
L	100364888	100364888	1	5	5	0.01
L	1770699094	1770699094	1	5	5	0.01
L	2564036579	2564036579	1	5	5	0.01
L	28259343	28259343	1	5	5	0.01
L	992711462	992711462	1	5	5	0.01
L	1767982424	1767982424	1	5	5	0.01
L	1776473920	1776473920	1	5	5	0.01
L	597796232	597796232	1	5	5	0.01
L	2648255076	2648255076	1	5	5	0.01
L	1776009650	1776009650	1	5	5	0.01
L	1670038406	1670038406	1	5	5	0.01
L	60701392	60701392	1	5	5	0.01
L	27799004	27799004	1	5	5	0.01
L	1676769339	1676769339	1	5	5	0.01
L	1881892483	1881892483	1	5	5	0.01
L	1033947754	1033947754	1	5	5	0.01
L	685937074	685937074	1	5	5	0.01
L	687578706	687578706	1	5	5	0.01
L	2604380540	2604380540	1	5	5	0.01
L	1352496895	1352496895	1	5	5	0.01
L	2804209168	2804209168	1	5	5	0.01
L	44584032	44584032	1	5	5	0.01
L	48924731	48924731	1	5	5	0.01
L	54086966	54086966	1	5	5	0.01
L	1065650287	1065650287	1	5	5	0.01
L	1587191684	1587191684	1	5	5	0.01
L	2531047612	2531047612	1	5	5	0.01
L	1044552905	1044552905	1	5	5	0.01
L	1041875062	1041875062	1	5	5	0.01
L	53365656	53365656	1	5	5	0.01
L	53492786	53492786	1	5	5	0.01
L	53720902	53720902	1	5	5	0.01
L	1874337429	1874337429	1	5	5	0.01
L	1870778889	1870778889	1	5	5	0.01
L	1871743164	1871743164	1	5	5	0.01
L	1676540525	1676540525	1	5	5	0.01
L	2899926613	2899926613	1	5	5	0.01
L	2530983992	2530983992	1	5	5	0.01
L	2530947019	2530947019	1	5	5	0.01
L	2530354714	2530354714	1	5	5	0.01
L	2530329604	2530329604	1	5	5	0.01
L	2528106165	2528106165	1	5	5	0.01
L	2528090029	2528090029	1	5	5	0.01
L	2536247707	2536247707	1	5	5	0.01
L	2536029902	2536029902	1	5	5	0.01
L	37798707	37798707	1	5	5	0.01
L	38285940	38285940	1	5	5	0.01
L	1361709909	1361709909	1	5	5	0.01
L	1110601613	1110601613	1	5	5	0.01
L	218530612	218530612	1	5	5	0.01
L	1342303061	1342303061	1	5	5	0.01
L	1342355796	1342355796	1	5	5	0.01
L	1345211064	1345211064	1	5	5	0.01
L	2626819339	2626819339	1	5	5	0.01
L	1347030522	1347030522	1	5	5	0.01
L	718422784	718422784	1	5	5	0.01
L	1365151659	1365151659	1	5	5	0.01
L	1367196172	1367196172	1	5	5	0.01
L	692077484	692077484	1	5	5	0.01
L	692274894	692274894	1	5	5	0.01
L	716426198	716426198	1	5	5	0.01
L	958221663	958221663	1	5	5	0.01
L	958187731	958187731	1	5	5	0.01
L	2631061022	2631061022	1	5	5	0.01
L	2631134880	2631134880	1	5	5	0.01
L	2631493553	2631493553	1	5	5	0.01
L	1359753084	1359753084	1	5	5	0.01
L	2648472001	2648472001	1	5	5	0.01
L	2648534172	2648534172	1	5	5	0.01
L	2628429678	2628429678	1	5	5	0.01
L	2607654449	2607654449	1	5	5	0.01
L	1146507517	1146507517	1	5	5	0.01
L	957871941	957871941	1	5	5	0.01
L	919306598	919306598	1	5	5	0.01
L	1789935014	1789935014	1	5	5	0.01
L	1802537137	1802537137	1	5	5	0.01
L	1804962429	1804962429	1	5	5	0.01
L	1804886491	1804886491	1	5	5	0.01
L	2225926799	2225926799	1	5	5	0.01
L	1804863846	1804863846	1	5	5	0.01
L	603059418	603059418	1	5	5	0.01
L	98212503	98212503	1	5	5	0.01
L	1680104075	1680104075	1	5	5	0.01
L	1781333077	1781333077	1	5	5	0.01
L	695698138	695698138	1	5	5	0.01
L	2952004007	2952004007	1	7	7	0.01
L	2372320961	2372320961	1	7	7	0.01
L	247191512	247191512	1	7	7	0.01
L	2424519823	2424519823	1	7	7	0.01
L	2460140837	2460140837	1	7	7	0.01
L	2460054479	2460054479	1	7	7	0.01
L	2459816440	2459816440	1	7	7	0.01
L	2458558573	2458558573	1	7	7	0.01
L	207740508	207740508	1	7	7	0.01
L	2944020856	2944020856	1	7	7	0.01
L	2062294169	2062294169	1	7	7	0.01
L	2062086367	2062086367	1	7	7	0.01
L	2062010623	2062010623	1	7	7	0.01
L	2061623813	2061623813	1	7	7	0.01
L	141803218	141803218	1	7	7	0.01
L	144631968	144631968	1	7	7	0.01
L	2922137378	2922137378	1	7	7	0.01
L	205442445	205442445	1	7	7	0.01
L	995115416	995115416	1	7	7	0.01
L	994944310	994944310	1	7	7	0.01
L	994816786	994816786	1	7	7	0.01
L	993937018	993937018	1	7	7	0.01
L	1589494087	1589494087	1	7	7	0.01
L	1589487663	1589487663	1	7	7	0.01
L	2107673430	2107673430	1	7	7	0.01
L	2370653376	2370653376	1	7	7	0.01
L	2371416859	2371416859	1	7	7	0.01
L	2044230313	2044230313	1	7	7	0.01
L	2371128135	2371128135	1	7	7	0.01
L	2371958997	2371958997	1	7	7	0.01
L	2367334646	2367334646	1	7	7	0.01
L	2412409452	2412409452	1	7	7	0.01
L	2124909102	2124909102	1	7	7	0.01
L	2412230139	2412230139	1	7	7	0.01
L	2413580258	2413580258	1	7	7	0.01
L	2369629043	2369629043	1	7	7	0.01
L	2125603724	2125603724	1	7	7	0.01
L	167151127	167151127	1	7	7	0.01
L	2429874404	2429874404	1	7	7	0.01
L	2430130801	2430130801	1	7	7	0.01
L	2430844405	2430844405	1	7	7	0.01
L	2409968837	2409968837	1	7	7	0.01
L	2959663858	2959663858	1	7	7	0.01
L	200774354	200774354	1	7	7	0.01
L	200976363	200976363	1	7	7	0.01
L	1565811147	1565811147	1	7	7	0.01
L	2367354460	2367354460	1	7	7	0.01
L	2060784982	2060784982	1	7	7	0.01
L	2061420463	2061420463	1	7	7	0.01
L	1684721961	1684721961	1	7	7	0.01
L	2945120419	2945120419	1	7	7	0.01
L	251226661	251226661	1	7	7	0.01
L	2045440759	2045440759	1	7	7	0.01
L	2412462266	2412462266	1	7	7	0.01
L	2113083239	2113083239	1	7	7	0.01
L	2476924143	2476924143	1	7	7	0.01
L	2445699918	2445699918	1	7	7	0.01
L	2445679468	2445679468	1	7	7	0.01
L	2466863484	2466863484	1	7	7	0.01
L	2471505174	2471505174	1	7	7	0.01
L	2366880775	2366880775	1	7	7	0.01
L	2064645757	2064645757	1	7	7	0.01
L	2064784502	2064784502	1	7	7	0.01
L	2064805836	2064805836	1	7	7	0.01
L	2053989981	2053989981	1	7	7	0.01
L	145061092	145061092	1	7	7	0.01
L	2979138634	2979138634	1	7	7	0.01
L	2438422515	2438422515	1	7	7	0.01
L	2438410897	2438410897	1	7	7	0.01
L	2022700189	2022700189	1	7	7	0.01
L	1999645980	1999645980	1	7	7	0.01
L	2471566002	2471566002	1	7	7	0.01
L	2374450646	2374450646	1	7	7	0.01
L	2927530707	2927530707	1	7	7	0.01
L	191001149	191001149	1	7	7	0.01
L	138866611	138866611	1	7	7	0.01
L	2927580170	2927580170	1	7	7	0.01
L	2988319085	2988319085	1	7	7	0.01
L	2598439788	2598439788	1	7	7	0.01
L	2372495210	2372495210	1	7	7	0.01
L	2944640828	2944640828	1	7	7	0.01
L	205000859	205000859	1	7	7	0.01
L	2926668722	2926668722	1	7	7	0.01
L	2919132235	2919132235	1	7	7	0.01
L	137647770	137647770	1	7	7	0.01
L	2538158412	2538158412	1	7	7	0.01
L	2120750713	2120750713	1	7	7	0.01
L	1769008139	1769008139	1	7	7	0.01
L	2934318900	2934318900	1	7	7	0.01
L	3001985039	3001985039	1	7	7	0.01
L	2091751205	2091751205	1	7	7	0.01
L	2082179795	2082179795	1	7	7	0.01
L	2098654144	2098654144	1	7	7	0.01
L	1424984596	1424984596	1	8	8	0.01
L	708523370	708523370	1	8	8	0.01
L	713477130	713477130	1	8	8	0.01
L	713665738	713665738	1	8	8	0.01
L	2630937086	2630937086	1	8	8	0.01
L	692406113	692406113	1	8	8	0.01
L	716787652	716787652	1	8	8	0.01
L	1339563742	1339563742	1	8	8	0.01
L	725195796	725195796	1	8	8	0.01
L	1341351803	1341351803	1	8	8	0.01
L	1073128636	1073128636	1	8	8	0.01
L	1072207078	1072207078	1	8	8	0.01
L	1072339876	1072339876	1	8	8	0.01
L	1072420546	1072420546	1	8	8	0.01
L	1072743862	1072743862	1	8	8	0.01
L	1363290215	1363290215	1	8	8	0.01
L	1186304140	1186304140	1	8	8	0.01
L	1186358167	1186358167	1	8	8	0.01
L	1186816305	1186816305	1	8	8	0.01
L	1141622925	1141622925	1	8	8	0.01
L	1074966631	1074966631	1	8	8	0.01
L	2650717557	2650717557	1	8	8	0.01
L	1075097645	1075097645	1	8	8	0.01
L	2734000100	2734000100	1	8	8	0.01
L	1338926458	1338926458	1	8	8	0.01
L	1337886275	1337886275	1	8	8	0.01
L	1142037502	1142037502	1	8	8	0.01
L	700122717	700122717	1	8	8	0.01
L	700140260	700140260	1	8	8	0.01
L	1361513098	1361513098	1	8	8	0.01
L	1361653255	1361653255	1	8	8	0.01
L	1043904312	1043904312	1	8	8	0.01
L	1071162760	1071162760	1	8	8	0.01
L	59948966	59948966	1	8	8	0.01
L	944990101	944990101	1	8	8	0.01
L	1888631215	1888631215	1	8	8	0.01
L	45069392	45069392	1	8	8	0.01
L	2649514028	2649514028	1	8	8	0.01
L	2649564690	2649564690	1	8	8	0.01
L	1888261884	1888261884	1	8	8	0.01
L	60534389	60534389	1	8	8	0.01
L	64441887	64441887	1	8	8	0.01
L	1319297083	1319297083	1	8	8	0.01
L	23641228	23641228	1	8	8	0.01
L	757307791	757307791	1	8	8	0.01
L	1363609780	1363609780	1	8	8	0.01
L	717562693	717562693	1	8	8	0.01
L	1362346656	1362346656	1	8	8	0.01
L	655830067	655830067	1	8	8	0.01
L	120889286	120889286	1	8	8	0.01
L	59922019	59922019	1	8	8	0.01
L	1356530186	1356530186	1	8	8	0.01
L	44916277	44916277	1	8	8	0.01
L	44858620	44858620	1	8	8	0.01
L	757405948	757405948	1	8	8	0.01
L	1351831287	1351831287	1	8	8	0.01
L	1870307093	1870307093	1	8	8	0.01
L	1037453902	1037453902	1	8	8	0.01
L	1677422198	1677422198	1	8	8	0.01
L	32178378	32178378	1	8	8	0.01
L	87573469	87573469	1	8	8	0.01
L	88040932	88040932	1	8	8	0.01
L	88077550	88077550	1	8	8	0.01
L	748844193	748844193	1	8	8	0.01
L	2608458533	2608458533	1	8	8	0.01
L	85667135	85667135	1	8	8	0.01
L	45582960	45582960	1	8	8	0.01
L	601014533	601014533	1	8	8	0.01
L	597854629	597854629	1	8	8	0.01
L	657006393	657006393	1	8	8	0.01
L	616690732	616690732	1	8	8	0.01
L	616745515	616745515	1	8	8	0.01
L	678127432	678127432	1	8	8	0.01
L	1144838214	1144838214	1	8	8	0.01
L	1042329776	1042329776	1	8	8	0.01
L	1784744679	1784744679	1	8	8	0.01
L	1777231177	1777231177	1	8	8	0.01
L	49510643	49510643	1	8	8	0.01
L	40393484	40393484	1	8	8	0.01
L	1777029659	1777029659	1	8	8	0.01
L	41047672	41047672	1	8	8	0.01
L	722417949	722417949	1	8	8	0.01
L	1111598390	1111598390	1	8	8	0.01
L	715787392	715787392	1	8	8	0.01
L	2621350854	2621350854	1	8	8	0.01
L	702177544	702177544	1	8	8	0.01
L	2264924551	2264924551	1	8	8	0.01
L	1074310227	1074310227	1	8	8	0.01
L	656933147	656933147	1	8	8	0.01
L	2940063208	2940063208	1	9	9	0.01
L	2058058465	2058058465	1	9	9	0.01
L	2098505999	2098505999	1	9	9	0.01
L	2098782830	2098782830	1	9	9	0.01
L	2013783240	2013783240	1	9	9	0.01
L	185147945	185147945	1	9	9	0.01
L	2084027833	2084027833	1	9	9	0.01
L	2923557932	2923557932	1	9	9	0.01
L	2923670746	2923670746	1	9	9	0.01
L	2924249158	2924249158	1	9	9	0.01
L	2924592286	2924592286	1	9	9	0.01
L	2392931804	2392931804	1	9	9	0.01
L	1008918928	1008918928	1	9	9	0.01
L	2441893027	2441893027	1	9	9	0.01
L	2446275717	2446275717	1	9	9	0.01
L	2101715147	2101715147	1	9	9	0.01
L	2057215903	2057215903	1	9	9	0.01
L	2058013104	2058013104	1	9	9	0.01
L	2033800352	2033800352	1	9	9	0.01
L	2033745055	2033745055	1	9	9	0.01
L	2017868672	2017868672	1	9	9	0.01
L	2017484229	2017484229	1	9	9	0.01
L	2017057597	2017057597	1	9	9	0.01
L	233570246	233570246	1	9	9	0.01
L	2016824469	2016824469	1	9	9	0.01
L	2087895979	2087895979	1	9	9	0.01
L	2418166478	2418166478	1	9	9	0.01
L	2463767200	2463767200	1	9	9	0.01
L	1567697540	1567697540	1	9	9	0.01
L	1567726793	1567726793	1	9	9	0.01
L	186426210	186426210	1	9	9	0.01
L	2032591164	2032591164	1	9	9	0.01
L	2021132892	2021132892	1	9	9	0.01
L	2021344270	2021344270	1	9	9	0.01
L	2471438370	2471438370	1	9	9	0.01
L	2439745057	2439745057	1	9	9	0.01
L	2439104236	2439104236	1	9	9	0.01
L	2769708869	2769708869	1	9	9	0.01
L	2958596473	2958596473	1	9	9	0.01
L	2954295128	2954295128	1	9	9	0.01
L	2959773505	2959773505	1	9	9	0.01
L	2959793674	2959793674	1	9	9	0.01
L	2959842463	2959842463	1	9	9	0.01
L	233382710	233382710	1	9	9	0.01
L	2925938368	2925938368	1	9	9	0.01
L	2394267845	2394267845	1	9	9	0.01
L	2022511836	2022511836	1	9	9	0.01
L	2394955845	2394955845	1	9	9	0.01
L	2491633612	2491633612	1	9	9	0.01
L	2716145646	2716145646	1	9	9	0.01
L	1165233740	1165233740	1	9	9	0.01
L	2982148964	2982148964	1	9	9	0.01
L	2988529777	2988529777	1	9	9	0.01
L	211349899	211349899	1	9	9	0.01
L	1065874157	1065874157	1	9	9	0.01
L	143195321	143195321	1	9	9	0.01
L	143152672	143152672	1	9	9	0.01
L	2366263321	2366263321	1	9	9	0.01
L	2366304879	2366304879	1	9	9	0.01
L	235738076	235738076	1	9	9	0.01
L	207472540	207472540	1	9	9	0.01
L	1036720906	1036720906	1	9	9	0.01
L	1928096306	1928096306	1	9	9	0.01
L	1036453362	1036453362	1	9	9	0.01
L	1035227315	1035227315	1	9	9	0.01
L	197967737	197967737	1	9	9	0.01
L	2961079748	2961079748	1	9	9	0.01
L	2960052340	2960052340	1	9	9	0.01
L	233436290	233436290	1	9	9	0.01
L	2461230909	2461230909	1	9	9	0.01
L	2057320799	2057320799	1	9	9	0.01
L	2928041754	2928041754	1	9	9	0.01
L	2928730342	2928730342	1	9	9	0.01
L	2928961640	2928961640	1	9	9	0.01
L	2464287086	2464287086	1	9	9	0.01
L	2988443145	2988443145	1	9	9	0.01
L	2091769628	2091769628	1	9	9	0.01
L	2092141992	2092141992	1	9	9	0.01
L	2060393224	2060393224	1	9	9	0.01
L	2438295663	2438295663	1	9	9	0.01
L	2053857119	2053857119	1	9	9	0.01
L	154115242	154115242	1	9	9	0.01
L	3002074518	3002074518	1	9	9	0.01
L	209539397	209539397	1	9	9	0.01
L	1745932185	1745932185	1	9	9	0.01
L	1758472623	1758472623	1	9	9	0.01
L	144569724	144569724	1	9	9	0.01
L	233712565	233712565	1	9	9	0.01
L	1657200396	1657200396	1	10	10	0.01
L	1744366571	1744366571	1	10	10	0.01
L	1744876013	1744876013	1	10	10	0.01
L	2183012900	2183012900	1	10	10	0.01
L	2219811541	2219811541	1	10	10	0.01
L	2220910770	2220910770	1	10	10	0.01
L	2594791475	2594791475	1	10	10	0.01
L	2595032303	2595032303	1	10	10	0.01
L	2004801341	2004801341	1	10	10	0.01
L	2769680996	2769680996	1	10	10	0.01
L	430462614	430462614	1	10	10	0.01
L	430468815	430468815	1	10	10	0.01
L	2595856505	2595856505	1	10	10	0.01
L	2595364998	2595364998	1	10	10	0.01
L	1653694515	1653694515	1	10	10	0.01
L	1653534374	1653534374	1	10	10	0.01
L	2565135233	2565135233	1	10	10	0.01
L	1767265829	1767265829	1	10	10	0.01
L	1649944671	1649944671	1	10	10	0.01
L	2595919516	2595919516	1	10	10	0.01
L	1713991570	1713991570	1	10	10	0.01
L	1657163641	1657163641	1	10	10	0.01
L	1194194336	1194194336	1	10	10	0.01
L	959068532	959068532	1	10	10	0.01
L	2086176545	2086176545	1	10	10	0.01
L	2870932106	2870932106	1	10	10	0.01
L	2871242723	2871242723	1	10	10	0.01
L	2010870563	2010870563	1	10	10	0.01
L	2010254095	2010254095	1	10	10	0.01
L	2483227627	2483227627	1	10	10	0.01
L	2483279681	2483279681	1	10	10	0.01
L	2483307369	2483307369	1	10	10	0.01
L	2479845133	2479845133	1	10	10	0.01
L	2532131386	2532131386	1	10	10	0.01
L	2871740516	2871740516	1	10	10	0.01
L	2871766187	2871766187	1	10	10	0.01
L	2872448291	2872448291	1	10	10	0.01
L	2567856534	2567856534	1	10	10	0.01
L	1650835050	1650835050	1	10	10	0.01
L	2521959484	2521959484	1	10	10	0.01
L	430746732	430746732	1	10	10	0.01
L	2074105030	2074105030	1	10	10	0.01
L	2073153370	2073153370	1	10	10	0.01
L	2478089626	2478089626	1	10	10	0.01
L	1384695732	1384695732	1	10	10	0.01
L	2567342872	2567342872	1	10	10	0.01
L	2567516544	2567516544	1	10	10	0.01
L	2478389129	2478389129	1	10	10	0.01
L	2477652903	2477652903	1	10	10	0.01
L	2574741550	2574741550	1	10	10	0.01
L	2574569177	2574569177	1	10	10	0.01
L	2574145706	2574145706	1	10	10	0.01
L	2570736333	2570736333	1	10	10	0.01
L	2568412463	2568412463	1	10	10	0.01
L	2568264659	2568264659	1	10	10	0.01
L	2091074062	2091074062	1	10	10	0.01
L	2011165679	2011165679	1	10	10	0.01
L	2481850908	2481850908	1	10	10	0.01
L	2535559966	2535559966	1	10	10	0.01
L	2137967789	2137967789	1	10	10	0.01
L	2579027156	2579027156	1	10	10	0.01
L	400066289	400066289	1	10	10	0.01
L	2566317171	2566317171	1	10	10	0.01
L	2565645625	2565645625	1	10	10	0.01
L	2211347860	2211347860	1	10	10	0.01
L	419262452	419262452	1	10	10	0.01
L	419222661	419222661	1	10	10	0.01
L	1722923251	1722923251	1	10	10	0.01
L	2577657843	2577657843	1	10	10	0.01
L	2558501810	2558501810	1	10	10	0.01
L	2141172186	2141172186	1	10	10	0.01
L	2552698855	2552698855	1	10	10	0.01
L	2244683516	2244683516	1	10	10	0.01
L	2544912600	2544912600	1	10	10	0.01
L	2206932513	2206932513	1	10	10	0.01
L	2207214786	2207214786	1	10	10	0.01
L	2207203536	2207203536	1	10	10	0.01
L	2243650420	2243650420	1	10	10	0.01
L	2881027280	2881027280	1	10	10	0.01
L	2196292143	2196292143	1	10	10	0.01
L	1710796449	1710796449	1	10	10	0.01
L	2556752743	2556752743	1	10	10	0.01
L	2558076023	2558076023	1	10	10	0.01
L	2591810788	2591810788	1	10	10	0.01
L	1760044035	1760044035	1	10	10	0.01
L	1760069014	1760069014	1	10	10	0.01
L	1760975127	1760975127	1	10	10	0.01
L	1762400341	1762400341	1	10	10	0.01
L	1533185763	1533185763	1	10	10	0.01
L	1533220881	1533220881	1	10	10	0.01
L	1763452053	1763452053	1	10	10	0.01
L	1648926930	1648926930	1	10	10	0.01
L	2486676687	2486676687	1	10	10	0.01
L	2486418857	2486418857	1	10	10	0.01
L	2486452399	2486452399	1	10	10	0.01
L	2802700185	2802700185	1	10	10	0.01
L	1703275781	1703275781	1	10	10	0.01
L	1703215148	1703215148	1	10	10	0.01
L	2483999574	2483999574	1	10	10	0.01
L	2143333487	2143333487	1	10	10	0.01
L	2480172915	2480172915	1	10	10	0.01
L	2143526089	2143526089	1	10	10	0.01
L	1980529152	1980529152	1	10	10	0.01
L	1651346547	1651346547	1	10	10	0.01
L	1651303404	1651303404	1	10	10	0.01
L	1456631174	1456631174	1	10	10	0.01
L	1734576029	1734576029	1	10	10	0.01
L	1736794117	1736794117	1	10	10	0.01
L	2006178988	2006178988	1	10	10	0.01
L	2004544808	2004544808	1	10	10	0.01
L	2184717362	2184717362	1	10	10	0.01
L	2551771330	2551771330	1	10	10	0.01
L	2551682542	2551682542	1	10	10	0.01
L	2551150387	2551150387	1	10	10	0.01
L	2554541970	2554541970	1	10	10	0.01
L	2599679894	2599679894	1	10	10	0.01
L	2182558308	2182558308	1	10	10	0.01
L	2176701056	2176701056	1	10	10	0.01
L	2183853338	2183853338	1	10	10	0.01
L	1900248364	1900248364	1	11	11	0.01
L	2653809488	2653809488	1	11	11	0.01
L	2747046725	2747046725	1	11	11	0.01
L	67158350	67158350	1	11	11	0.01
L	1209123810	1209123810	1	11	11	0.01
L	1406800622	1406800622	1	11	11	0.01
L	1406848751	1406848751	1	11	11	0.01
L	1327187441	1327187441	1	11	11	0.01
L	652225148	652225148	1	11	11	0.01
L	1383106055	1383106055	1	11	11	0.01
L	64231052	64231052	1	11	11	0.01
L	1529300510	1529300510	1	11	11	0.01
L	1088925	1088925	1	11	11	0.01
L	1259754166	1259754166	1	11	11	0.01
L	1259726709	1259726709	1	11	11	0.01
L	2656300416	2656300416	1	11	11	0.01
L	2154513226	2154513226	1	11	11	0.01
L	1895387801	1895387801	1	11	11	0.01
L	1889805465	1889805465	1	11	11	0.01
L	1988911826	1988911826	1	11	11	0.01
L	84602	84602	1	11	11	0.01
L	1393690081	1393690081	1	11	11	0.01
L	2656415995	2656415995	1	11	11	0.01
L	1213566547	1213566547	1	11	11	0.01
L	1246958963	1246958963	1	11	11	0.01
L	1246883246	1246883246	1	11	11	0.01
L	64358313	64358313	1	11	11	0.01
L	1325972957	1325972957	1	11	11	0.01
L	1212788570	1212788570	1	11	11	0.01
L	797642839	797642839	1	11	11	0.01
L	797783563	797783563	1	11	11	0.01
L	1212018155	1212018155	1	11	11	0.01
L	1211297575	1211297575	1	11	11	0.01
L	1325739161	1325739161	1	11	11	0.01
L	1990870757	1990870757	1	11	11	0.01
L	1990546690	1990546690	1	11	11	0.01
L	2095921726	2095921726	1	11	11	0.01
L	1998660810	1998660810	1	11	11	0.01
L	1947450764	1947450764	1	11	11	0.01
L	1245956121	1245956121	1	11	11	0.01
L	1245904547	1245904547	1	11	11	0.01
L	1245899850	1245899850	1	11	11	0.01
L	1245668540	1245668540	1	11	11	0.01
L	1910354519	1910354519	1	11	11	0.01
L	2962878975	2962878975	1	11	11	0.01
L	2962738976	2962738976	1	11	11	0.01
L	752867570	752867570	1	11	11	0.01
L	2955189527	2955189527	1	11	11	0.01
L	1410194258	1410194258	1	11	11	0.01
L	1962101843	1962101843	1	11	11	0.01
L	1404605259	1404605259	1	11	11	0.01
L	900982312	900982312	1	11	11	0.01
L	10437780	10437780	1	11	11	0.01
L	773657902	773657902	1	11	11	0.01
L	1235556475	1235556475	1	11	11	0.01
L	79534772	79534772	1	11	11	0.01
L	1720190544	1720190544	1	11	11	0.01
L	1268240131	1268240131	1	11	11	0.01
L	1268504440	1268504440	1	11	11	0.01
L	1210403594	1210403594	1	11	11	0.01
L	2953954078	2953954078	1	11	11	0.01
L	2953923565	2953923565	1	11	11	0.01
L	1217292240	1217292240	1	11	11	0.01
L	106543325	106543325	1	11	11	0.01
L	2254745158	2254745158	1	11	11	0.01
L	1923854864	1923854864	1	11	11	0.01
L	1922534686	1922534686	1	11	11	0.01
L	1915076617	1915076617	1	11	11	0.01
L	2656447860	2656447860	1	11	11	0.01
L	772409182	772409182	1	11	11	0.01
L	1213119837	1213119837	1	11	11	0.01
L	849921374	849921374	1	11	11	0.01
L	849392321	849392321	1	11	11	0.01
L	849223885	849223885	1	11	11	0.01
L	625653890	625653890	1	11	11	0.01
L	1260826614	1260826614	1	12	12	0.01
L	784130900	784130900	1	12	12	0.01
L	1260553121	1260553121	1	12	12	0.01
L	1260504760	1260504760	1	12	12	0.01
L	1270501164	1270501164	1	12	12	0.01
L	1308945971	1308945971	1	12	12	0.01
L	1307928267	1307928267	1	12	12	0.01
L	1285581454	1285581454	1	12	12	0.01
L	1270702773	1270702773	1	12	12	0.01
L	1252252651	1252252651	1	12	12	0.01
L	1254099532	1254099532	1	12	12	0.01
L	1290916188	1290916188	1	12	12	0.01
L	1291086302	1291086302	1	12	12	0.01
L	1291184772	1291184772	1	12	12	0.01
L	1291269799	1291269799	1	12	12	0.01
L	1299879833	1299879833	1	12	12	0.01
L	481607965	481607965	1	12	12	0.01
L	1295931558	1295931558	1	12	12	0.01
L	1114697893	1114697893	1	12	12	0.01
L	789461853	789461853	1	12	12	0.01
L	1200510693	1200510693	1	12	12	0.01
L	1200651148	1200651148	1	12	12	0.01
L	788221010	788221010	1	12	12	0.01
L	1307719131	1307719131	1	12	12	0.01
L	1307615273	1307615273	1	12	12	0.01
L	1307373528	1307373528	1	12	12	0.01
L	1307348700	1307348700	1	12	12	0.01
L	1204899271	1204899271	1	12	12	0.01
L	784540391	784540391	1	12	12	0.01
L	1208817782	1208817782	1	12	12	0.01
L	1252023348	1252023348	1	12	12	0.01
L	2738669582	2738669582	1	12	12	0.01
L	1285136500	1285136500	1	12	12	0.01
L	785448719	785448719	1	12	12	0.01
L	12595189	12595189	1	12	12	0.01
L	14277849	14277849	1	12	12	0.01
L	783125864	783125864	1	12	12	0.01
L	772868261	772868261	1	12	12	0.01
L	810661641	810661641	1	12	12	0.01
L	1290651629	1290651629	1	12	12	0.01
L	14294655	14294655	1	12	12	0.01
L	15264960	15264960	1	12	12	0.01
L	786110409	786110409	1	12	12	0.01
L	1301724393	1301724393	1	12	12	0.01
L	1251367431	1251367431	1	12	12	0.01
L	1317193722	1317193722	1	12	12	0.01
L	1285259882	1285259882	1	12	12	0.01
L	1284918017	1284918017	1	12	12	0.01
L	1250228886	1250228886	1	12	12	0.01
L	767274076	767274076	1	12	12	0.01
L	1249125778	1249125778	1	12	12	0.01
L	1249162322	1249162322	1	12	12	0.01
L	1263523511	1263523511	1	12	12	0.01
L	1282593723	1282593723	1	12	12	0.01
L	1283542891	1283542891	1	12	12	0.01
L	1214614420	1214614420	1	12	12	0.01
L	1229263028	1229263028	1	12	12	0.01
L	14147675	14147675	1	12	12	0.01
L	784442217	784442217	1	12	12	0.01
L	1249506006	1249506006	1	12	12	0.01
L	900791004	900791004	1	12	12	0.01
L	1317530883	1317530883	1	12	12	0.01
L	1658541960	1658541960	1	13	13	0.01
L	2202471478	2202471478	1	13	13	0.01
L	2155087191	2155087191	1	13	13	0.01
L	2177833792	2177833792	1	13	13	0.01
L	2005020195	2005020195	1	13	13	0.01
L	2180938877	2180938877	1	13	13	0.01
L	2180958735	2180958735	1	13	13	0.01
L	1709544150	1709544150	1	13	13	0.01
L	777667894	777667894	1	13	13	0.01
L	1730202755	1730202755	1	13	13	0.01
L	1590442978	1590442978	1	13	13	0.01
L	2596154350	2596154350	1	13	13	0.01
L	2596348165	2596348165	1	13	13	0.01
L	2508794854	2508794854	1	13	13	0.01
L	2507321375	2507321375	1	13	13	0.01
L	2230212123	2230212123	1	13	13	0.01
L	2230250180	2230250180	1	13	13	0.01
L	2563901157	2563901157	1	13	13	0.01
L	2184777564	2184777564	1	13	13	0.01
L	2184825294	2184825294	1	13	13	0.01
L	2187115714	2187115714	1	13	13	0.01
L	2548180658	2548180658	1	13	13	0.01
L	2548166981	2548166981	1	13	13	0.01
L	2177753991	2177753991	1	13	13	0.01
L	1456758825	1456758825	1	13	13	0.01
L	2484704263	2484704263	1	13	13	0.01
L	2484675066	2484675066	1	13	13	0.01
L	1643296557	1643296557	1	13	13	0.01
L	1557287804	1557287804	1	13	13	0.01
L	2171558913	2171558913	1	13	13	0.01
L	1644574974	1644574974	1	13	13	0.01
L	1745176283	1745176283	1	13	13	0.01
L	1654689921	1654689921	1	13	13	0.01
L	1759153628	1759153628	1	13	13	0.01
L	1592383408	1592383408	1	13	13	0.01
L	1673308673	1673308673	1	13	13	0.01
L	1673250717	1673250717	1	13	13	0.01
L	1673201238	1673201238	1	13	13	0.01
L	1672915426	1672915426	1	13	13	0.01
L	1672573776	1672573776	1	13	13	0.01
L	1672506671	1672506671	1	13	13	0.01
L	1592824544	1592824544	1	13	13	0.01
L	1592816596	1592816596	1	13	13	0.01
L	1668539399	1668539399	1	13	13	0.01
L	1668658688	1668658688	1	13	13	0.01
L	1615274800	1615274800	1	13	13	0.01
L	1615308917	1615308917	1	13	13	0.01
L	418253964	418253964	1	13	13	0.01
L	1721419462	1721419462	1	13	13	0.01
L	2185197550	2185197550	1	13	13	0.01
L	2536955879	2536955879	1	13	13	0.01
L	430791512	430791512	1	13	13	0.01
L	2075046587	2075046587	1	13	13	0.01
L	1730288540	1730288540	1	13	13	0.01
L	2766826959	2766826959	1	13	13	0.01
L	2766853498	2766853498	1	13	13	0.01
L	2766900311	2766900311	1	13	13	0.01
L	1725391291	1725391291	1	13	13	0.01
L	1667224764	1667224764	1	13	13	0.01
L	1667171519	1667171519	1	13	13	0.01
L	1664569684	1664569684	1	13	13	0.01
L	2153698959	2153698959	1	13	13	0.01
L	2152424480	2152424480	1	13	13	0.01
L	2486328012	2486328012	1	13	13	0.01
L	2486229997	2486229997	1	13	13	0.01
L	2486141460	2486141460	1	13	13	0.01
L	1738298000	1738298000	1	13	13	0.01
L	1650744558	1650744558	1	13	13	0.01
L	1662100568	1662100568	1	13	13	0.01
L	1661847598	1661847598	1	13	13	0.01
L	1729692360	1729692360	1	13	13	0.01
L	1662330605	1662330605	1	13	13	0.01
L	1653729252	1653729252	1	13	13	0.01
L	2561688008	2561688008	1	13	13	0.01
L	2562789382	2562789382	1	13	13	0.01
L	2563799946	2563799946	1	13	13	0.01
L	2563805488	2563805488	1	13	13	0.01
L	123672664	123672664	1	13	13	0.01
L	2522064252	2522064252	1	13	13	0.01
L	2890515743	2890515743	1	13	13	0.01
L	2480085510	2480085510	1	13	13	0.01
L	2143922728	2143922728	1	13	13	0.01
L	2537733462	2537733462	1	13	13	0.01
L	2143959451	2143959451	1	13	13	0.01
L	1664293680	1664293680	1	13	13	0.01
L	1892857551	1892857551	1	13	13	0.01
L	1703723759	1703723759	1	13	13	0.01
L	123777566	123777566	1	13	13	0.01
L	778877778	778877778	1	13	13	0.01
L	2589246051	2589246051	1	13	13	0.01
L	2582002537	2582002537	1	13	13	0.01
L	2582198251	2582198251	1	13	13	0.01
L	2136055296	2136055296	1	13	13	0.01
L	1729566748	1729566748	1	13	13	0.01
L	117558356	117558356	1	13	13	0.01
L	117600360	117600360	1	13	13	0.01
L	1725752828	1725752828	1	13	13	0.01
L	1704095783	1704095783	1	13	13	0.01
L	123794377	123794377	1	13	13	0.01
L	123295384	123295384	1	13	13	0.01
L	2181886576	2181886576	1	13	13	0.01
L	126300348	126300348	1	13	13	0.01
L	1650704403	1650704403	1	13	13	0.01
L	1650557216	1650557216	1	13	13	0.01
L	118494463	118494463	1	13	13	0.01
L	2198626182	2198626182	1	14	14	0.01
L	2126310250	2126310250	1	14	14	0.01
L	1732582678	1732582678	1	14	14	0.01
L	1732336319	1732336319	1	14	14	0.01
L	1732305163	1732305163	1	14	14	0.01
L	2230808736	2230808736	1	14	14	0.01
L	2197669258	2197669258	1	14	14	0.01
L	2248452375	2248452375	1	14	14	0.01
L	1724475981	1724475981	1	14	14	0.01
L	1724465116	1724465116	1	14	14	0.01
L	1724455942	1724455942	1	14	14	0.01
L	2542407113	2542407113	1	14	14	0.01
L	2236628975	2236628975	1	14	14	0.01
L	2542358513	2542358513	1	14	14	0.01
L	2213137843	2213137843	1	14	14	0.01
L	3033673526	3033673526	1	14	14	0.01
L	2128467438	2128467438	1	14	14	0.01
L	2130866437	2130866437	1	14	14	0.01
L	2240993038	2240993038	1	14	14	0.01
L	1724371594	1724371594	1	14	14	0.01
L	2155273514	2155273514	1	14	14	0.01
L	2198591247	2198591247	1	14	14	0.01
L	2542205655	2542205655	1	14	14	0.01
L	2211556286	2211556286	1	14	14	0.01
L	2198389394	2198389394	1	14	14	0.01
L	2244947834	2244947834	1	14	14	0.01
L	2236737318	2236737318	1	14	14	0.01
L	1731084871	1731084871	1	14	14	0.01
L	2594447959	2594447959	1	14	14	0.01
L	1724173971	1724173971	1	14	14	0.01
L	1723981139	1723981139	1	14	14	0.01
L	2543640427	2543640427	1	14	14	0.01
L	2192076962	2192076962	1	14	14	0.01
L	2192018407	2192018407	1	14	14	0.01
L	1748314603	1748314603	1	14	14	0.01
L	2525127344	2525127344	1	14	14	0.01
L	1684387129	1684387129	1	14	14	0.01
L	1684177555	1684177555	1	14	14	0.01
L	2198904206	2198904206	1	14	14	0.01
L	1944287874	1944287874	1	14	14	0.01
L	2147156605	2147156605	1	14	14	0.01
L	2149058558	2149058558	1	14	14	0.01
L	2149158499	2149158499	1	14	14	0.01
L	2149871941	2149871941	1	14	14	0.01
L	2213676106	2213676106	1	14	14	0.01
L	2213948744	2213948744	1	14	14	0.01
L	2155945450	2155945450	1	14	14	0.01
L	2156075436	2156075436	1	14	14	0.01
L	793305586	793305586	1	14	14	0.01
L	2228058009	2228058009	1	14	14	0.01
L	2227985288	2227985288	1	14	14	0.01
L	2226921720	2226921720	1	14	14	0.01
L	2150702527	2150702527	1	14	14	0.01
L	2160775922	2160775922	1	14	14	0.01
L	2499596031	2499596031	1	14	14	0.01
L	2160959235	2160959235	1	14	14	0.01
L	2160240754	2160240754	1	14	14	0.01
L	2159968150	2159968150	1	14	14	0.01
L	2127390593	2127390593	1	14	14	0.01
L	1720380690	1720380690	1	14	14	0.01
L	1720496827	1720496827	1	14	14	0.01
L	1720526846	1720526846	1	14	14	0.01
L	1720782929	1720782929	1	14	14	0.01
L	1720860288	1720860288	1	14	14	0.01
L	2198798495	2198798495	1	14	14	0.01
L	2228810844	2228810844	1	14	14	0.01
L	2583963149	2583963149	1	14	14	0.01
L	2855639861	2855639861	1	14	14	0.01
L	2245261916	2245261916	1	14	14	0.01
L	2224779322	2224779322	1	14	14	0.01
L	2229654425	2229654425	1	14	14	0.01
L	2229582507	2229582507	1	14	14	0.01
L	2540772488	2540772488	1	14	14	0.01
L	2526064011	2526064011	1	14	14	0.01
L	2170619906	2170619906	1	14	14	0.01
L	2246819814	2246819814	1	14	14	0.01
L	2514892658	2514892658	1	14	14	0.01
L	2489504069	2489504069	1	14	14	0.01
L	2166811397	2166811397	1	14	14	0.01
L	2519290740	2519290740	1	14	14	0.01
L	2229364333	2229364333	1	14	14	0.01
L	2987770337	2987770337	1	14	14	0.01
L	2540863724	2540863724	1	14	14	0.01
L	2239641769	2239641769	1	14	14	0.01
L	1724210914	1724210914	1	14	14	0.01
L	1724288475	1724288475	1	14	14	0.01
L	2248389280	2248389280	1	14	14	0.01
L	2248445074	2248445074	1	14	14	0.01
L	2539186316	2539186316	1	14	14	0.01
L	1724325683	1724325683	1	14	14	0.01
L	2592066558	2592066558	1	14	14	0.01
L	1734150078	1734150078	1	14	14	0.01
L	136987587	136987587	1	15	15	0.01
L	2746306889	2746306889	1	15	15	0.01
L	153142516	153142516	1	15	15	0.01
L	2746732829	2746732829	1	15	15	0.01
L	2746800241	2746800241	1	15	15	0.01
L	168317051	168317051	1	15	15	0.01
L	2763410660	2763410660	1	15	15	0.01
L	2764834329	2764834329	1	15	15	0.01
L	164144627	164144627	1	15	15	0.01
L	2764958134	2764958134	1	15	15	0.01
L	1120636827	1120636827	1	15	15	0.01
L	2511641870	2511641870	1	15	15	0.01
L	2511522050	2511522050	1	15	15	0.01
L	2511453632	2511453632	1	15	15	0.01
L	2511423537	2511423537	1	15	15	0.01
L	161845142	161845142	1	15	15	0.01
L	161769776	161769776	1	15	15	0.01
L	161763308	161763308	1	15	15	0.01
L	197869986	197869986	1	15	15	0.01
L	697382011	697382011	1	15	15	0.01
L	197857822	197857822	1	15	15	0.01
L	2748956778	2748956778	1	15	15	0.01
L	1110289077	1110289077	1	15	15	0.01
L	2556099218	2556099218	1	15	15	0.01
L	2556018500	2556018500	1	15	15	0.01
L	1116929405	1116929405	1	15	15	0.01
L	219546463	219546463	1	15	15	0.01
L	184699009	184699009	1	15	15	0.01
L	2555240936	2555240936	1	15	15	0.01
L	2555200126	2555200126	1	15	15	0.01
L	837660157	837660157	1	15	15	0.01
L	837422653	837422653	1	15	15	0.01
L	836879259	836879259	1	15	15	0.01
L	836797083	836797083	1	15	15	0.01
L	834816660	834816660	1	15	15	0.01
L	2746136734	2746136734	1	15	15	0.01
L	1444560481	1444560481	1	15	15	0.01
L	215107802	215107802	1	15	15	0.01
L	215145602	215145602	1	15	15	0.01
L	215166912	215166912	1	15	15	0.01
L	2513557610	2513557610	1	15	15	0.01
L	2895323807	2895323807	1	15	15	0.01
L	150561723	150561723	1	15	15	0.01
L	2497947710	2497947710	1	15	15	0.01
L	2498036510	2498036510	1	15	15	0.01
L	2745992736	2745992736	1	15	15	0.01
L	158814167	158814167	1	15	15	0.01
L	841168963	841168963	1	15	15	0.01
L	2514259175	2514259175	1	15	15	0.01
L	212200708	212200708	1	15	15	0.01
L	168194405	168194405	1	15	15	0.01
L	841058911	841058911	1	15	15	0.01
L	1113977222	1113977222	1	15	15	0.01
L	199649194	199649194	1	15	15	0.01
L	2480327036	2480327036	1	15	15	0.01
L	1114327134	1114327134	1	15	15	0.01
L	213451625	213451625	1	15	15	0.01
L	214119079	214119079	1	15	15	0.01
L	200053949	200053949	1	15	15	0.01
L	214850881	214850881	1	15	15	0.01
L	2746788147	2746788147	1	15	15	0.01
L	996508901	996508901	1	15	15	0.01
L	2494238702	2494238702	1	15	15	0.01
L	2493546704	2493546704	1	15	15	0.01
L	833709507	833709507	1	15	15	0.01
L	833693048	833693048	1	15	15	0.01
L	2253827832	2253827832	1	15	15	0.01
L	176041156	176041156	1	15	15	0.01
L	769275297	769275297	1	15	15	0.01
L	768822700	768822700	1	15	15	0.01
L	841205016	841205016	1	15	15	0.01
L	1107239069	1107239069	1	15	15	0.01
L	161563690	161563690	1	15	15	0.01
L	818712577	818712577	1	15	15	0.01
L	161724588	161724588	1	15	15	0.01
L	188500566	188500566	1	15	15	0.01
L	821072172	821072172	1	15	15	0.01
L	188400969	188400969	1	15	15	0.01
L	157591151	157591151	1	15	15	0.01
L	1447722727	1447722727	1	15	15	0.01
L	1449507779	1449507779	1	15	15	0.01
L	1467723882	1467723882	1	15	15	0.01
L	2904786523	2904786523	1	15	15	0.01
L	1896761770	1896761770	1	15	15	0.01
L	2226794063	2226794063	1	15	15	0.01
L	197545815	197545815	1	15	15	0.01
L	2971742472	2971742472	1	15	15	0.01
L	2683969061	2683969061	1	16	16	0.01
L	1774994637	1774994637	1	16	16	0.01
L	2684996632	2684996632	1	16	16	0.01
L	2704304809	2704304809	1	16	16	0.01
L	2708839505	2708839505	1	16	16	0.01
L	2709128504	2709128504	1	16	16	0.01
L	1823960746	1823960746	1	16	16	0.01
L	1828805207	1828805207	1	16	16	0.01
L	1783879075	1783879075	1	16	16	0.01
L	1885163972	1885163972	1	16	16	0.01
L	1401467619	1401467619	1	16	16	0.01
L	1402956025	1402956025	1	16	16	0.01
L	1885015396	1885015396	1	16	16	0.01
L	2687947427	2687947427	1	16	16	0.01
L	1826494300	1826494300	1	16	16	0.01
L	1856690345	1856690345	1	16	16	0.01
L	1824968508	1824968508	1	16	16	0.01
L	1825187895	1825187895	1	16	16	0.01
L	1804140266	1804140266	1	16	16	0.01
L	1873557268	1873557268	1	16	16	0.01
L	1873597270	1873597270	1	16	16	0.01
L	2672822687	2672822687	1	16	16	0.01
L	2672788301	2672788301	1	16	16	0.01
L	1828506875	1828506875	1	16	16	0.01
L	1881042407	1881042407	1	16	16	0.01
L	2677507566	2677507566	1	16	16	0.01
L	1846146353	1846146353	1	16	16	0.01
L	1806429405	1806429405	1	16	16	0.01
L	1805784754	1805784754	1	16	16	0.01
L	1769283224	1769283224	1	16	16	0.01
L	1881498576	1881498576	1	16	16	0.01
L	2687451916	2687451916	1	16	16	0.01
L	1774971662	1774971662	1	16	16	0.01
L	1787352416	1787352416	1	16	16	0.01
L	2704946937	2704946937	1	16	16	0.01
L	1784921745	1784921745	1	16	16	0.01
L	1321551572	1321551572	1	16	16	0.01
L	2706487331	2706487331	1	16	16	0.01
L	1857007802	1857007802	1	16	16	0.01
L	2684947805	2684947805	1	16	16	0.01
L	1782941182	1782941182	1	16	16	0.01
L	1849194887	1849194887	1	16	16	0.01
L	2709133553	2709133553	1	16	16	0.01
L	1793176315	1793176315	1	17	17	0.01
L	1840374955	1840374955	1	17	17	0.01
L	1840249368	1840249368	1	17	17	0.01
L	1844754255	1844754255	1	17	17	0.01
L	1844690780	1844690780	1	17	17	0.01
L	1843362399	1843362399	1	17	17	0.01
L	1843438137	1843438137	1	17	17	0.01
L	1791685388	1791685388	1	17	17	0.01
L	1815851229	1815851229	1	17	17	0.01
L	1812152174	1812152174	1	17	17	0.01
L	1810797901	1810797901	1	17	17	0.01
L	961892	961892	1	17	17	0.01
L	1791953964	1791953964	1	17	17	0.01
L	648534179	648534179	1	17	17	0.01
L	1849245094	1849245094	1	17	17	0.01
L	1989457475	1989457475	1	17	17	0.01
L	2706165022	2706165022	1	17	17	0.01
L	1788777224	1788777224	1	17	17	0.01
L	1801564074	1801564074	1	17	17	0.01
L	1794098860	1794098860	1	17	17	0.01
L	1822301451	1822301451	1	17	17	0.01
L	2691164614	2691164614	1	17	17	0.01
L	1862631214	1862631214	1	17	17	0.01
L	680724115	680724115	1	17	17	0.01
L	1801658873	1801658873	1	17	17	0.01
L	678869897	678869897	1	17	17	0.01
L	1428370977	1428370977	1	17	17	0.01
L	647580965	647580965	1	17	17	0.01
L	647311530	647311530	1	17	17	0.01
L	2955251558	2955251558	1	17	17	0.01
L	238728403	238728403	1	17	17	0.01
L	1241580220	1241580220	1	18	18	0.01
L	1235506199	1235506199	1	18	18	0.01
L	1406982861	1406982861	1	18	18	0.01
L	1277258678	1277258678	1	18	18	0.01
L	1333485	1333485	1	18	18	0.01
L	108119136	108119136	1	18	18	0.01
L	108153104	108153104	1	18	18	0.01
L	1272989341	1272989341	1	18	18	0.01
L	1326963885	1326963885	1	18	18	0.01
L	1326664664	1326664664	1	18	18	0.01
L	1401446094	1401446094	1	18	18	0.01
L	1279221882	1279221882	1	18	18	0.01
L	1114890801	1114890801	1	18	18	0.01
L	1901771625	1901771625	1	18	18	0.01
L	2179387	2179387	1	18	18	0.01
L	847815362	847815362	1	18	18	0.01
L	3049369430	3049369430	1	18	18	0.01
L	829717896	829717896	1	18	18	0.01
L	829642379	829642379	1	18	18	0.01
L	1265704022	1265704022	1	18	18	0.01
L	1266001738	1266001738	1	18	18	0.01
L	1168989	1168989	1	18	18	0.01
L	830174805	830174805	1	18	18	0.01
L	27498	27498	1	18	18	0.01
L	27498	27498	1	18	18	0.01
L	1251602770	1251602770	1	18	18	0.01
L	1264984434	1264984434	1	18	18	0.01
L	1792022257	1792022257	1	18	18	0.01
L	1254996082	1254996082	1	18	18	0.01
L	68325936	68325936	1	18	18	0.01
L	68330239	68330239	1	18	18	0.01
L	1320482210	1320482210	1	18	18	0.01
L	1240200124	1240200124	1	18	18	0.01
L	900887419	900887419	1	18	18	0.01
L	1239502818	1239502818	1	18	18	0.01
L	1238107311	1238107311	1	18	18	0.01
L	1254654396	1254654396	1	18	18	0.01
L	2893038182	2893038182	1	18	18	0.01
L	2963750456	2963750456	1	18	18	0.01
L	349705	349705	1	18	18	0.01
L	501713	501713	1	18	18	0.01
L	1219653984	1219653984	1	18	18	0.01
L	1139509	1139509	1	18	18	0.01
L	779584851	779584851	1	18	18	0.01
L	2734888257	2734888257	1	18	18	0.01
L	1266353972	1266353972	1	18	18	0.01
L	1326513251	1326513251	1	18	18	0.01
L	2960057744	2960057744	1	18	18	0.01
L	2538927610	2538927610	1	18	18	0.01
L	1379523779	1379523779	1	18	18	0.01
L	2944273178	2944273178	1	18	18	0.01
L	752324268	752324268	1	18	18	0.01
L	2953673611	2953673611	1	18	18	0.01
L	2953750818	2953750818	1	18	18	0.01
L	1259590699	1259590699	1	18	18	0.01
L	2963810157	2963810157	1	18	18	0.01
L	2963871580	2963871580	1	18	18	0.01
L	82537528	82537528	1	18	18	0.01
L	1322485801	1322485801	1	18	18	0.01
L	66716808	66716808	1	18	18	0.01
L	1323102113	1323102113	1	18	18	0.01
L	2963196248	2963196248	1	18	18	0.01
L	2955471088	2955471088	1	18	18	0.01
L	1245557762	1245557762	1	18	18	0.01
L	1218537872	1218537872	1	18	18	0.01
L	2846098835	2846098835	1	18	18	0.01
L	1271820471	1271820471	1	18	18	0.01
L	2960327749	2960327749	1	18	18	0.01
L	2953357795	2953357795	1	18	18	0.01
L	91428	91428	1	18	18	0.01
L	1102111890	1102111890	1	18	18	0.01
L	1245241520	1245241520	1	18	18	0.01
L	1244744655	1244744655	1	18	18	0.01
L	2965710870	2965710870	1	19	19	0.01
L	1980849417	1980849417	1	19	19	0.01
L	1904793758	1904793758	1	19	19	0.01
L	1984873766	1984873766	1	19	19	0.01
L	1987756518	1987756518	1	19	19	0.01
L	1892960358	1892960358	1	19	19	0.01
L	1894308879	1894308879	1	19	19	0.01
L	1892365461	1892365461	1	19	19	0.01
L	1892455677	1892455677	1	19	19	0.01
L	1892638010	1892638010	1	19	19	0.01
L	2260539258	2260539258	1	19	19	0.01
L	2328204185	2328204185	1	19	19	0.01
L	2328074220	2328074220	1	19	19	0.01
L	2327214622	2327214622	1	19	19	0.01
L	2327191480	2327191480	1	19	19	0.01
L	2327165673	2327165673	1	19	19	0.01
L	1510031963	1510031963	1	19	19	0.01
L	830766618	830766618	1	19	19	0.01
L	831433957	831433957	1	19	19	0.01
L	1509337917	1509337917	1	19	19	0.01
L	1996768623	1996768623	1	19	19	0.01
L	2793219142	2793219142	1	19	19	0.01
L	194435218	194435218	1	19	19	0.01
L	1995905598	1995905598	1	19	19	0.01
L	239221188	239221188	1	19	19	0.01
L	1894575897	1894575897	1	19	19	0.01
L	1888144969	1888144969	1	19	19	0.01
L	826287886	826287886	1	19	19	0.01
L	149206358	149206358	1	19	19	0.01
L	2554623636	2554623636	1	19	19	0.01
L	239072061	239072061	1	19	19	0.01
L	175119942	175119942	1	19	19	0.01
L	2716095537	2716095537	1	19	19	0.01
L	2716078970	2716078970	1	19	19	0.01
L	825490714	825490714	1	19	19	0.01
L	232174339	232174339	1	19	19	0.01
L	2970586149	2970586149	1	19	19	0.01
L	1992934271	1992934271	1	19	19	0.01
L	143454627	143454627	1	19	19	0.01
L	222299698	222299698	1	19	19	0.01
L	2365124399	2365124399	1	19	19	0.01
L	2796680005	2796680005	1	19	19	0.01
L	2797059213	2797059213	1	19	19	0.01
L	175020423	175020423	1	19	19	0.01
L	2355838189	2355838189	1	19	19	0.01
L	2343355527	2343355527	1	19	19	0.01
L	1969689985	1969689985	1	19	19	0.01
L	1971331551	1971331551	1	19	19	0.01
L	832329897	832329897	1	19	19	0.01
L	2312694296	2312694296	1	19	19	0.01
L	2795839388	2795839388	1	19	19	0.01
L	240424816	240424816	1	19	19	0.01
L	2795654934	2795654934	1	19	19	0.01
L	2965807850	2965807850	1	19	19	0.01
L	1547162157	1547162157	1	20	20	0.01
L	1547597842	1547597842	1	20	20	0.01
L	1547039851	1547039851	1	20	20	0.01
L	1745260887	1745260887	1	20	20	0.01
L	1745654810	1745654810	1	20	20	0.01
L	1764456734	1764456734	1	20	20	0.01
L	1630936385	1630936385	1	20	20	0.01
L	1632478540	1632478540	1	20	20	0.01
L	1638948079	1638948079	1	20	20	0.01
L	1646954047	1646954047	1	20	20	0.01
L	2146123851	2146123851	1	20	20	0.01
L	2199081819	2199081819	1	20	20	0.01
L	1648039729	1648039729	1	20	20	0.01
L	1648076976	1648076976	1	20	20	0.01
L	2482269225	2482269225	1	20	20	0.01
L	1654355210	1654355210	1	20	20	0.01
L	1706636264	1706636264	1	20	20	0.01
L	1607350879	1607350879	1	20	20	0.01
L	1605425503	1605425503	1	20	20	0.01
L	1605228968	1605228968	1	20	20	0.01
L	1605137133	1605137133	1	20	20	0.01
L	1605093756	1605093756	1	20	20	0.01
L	1604917244	1604917244	1	20	20	0.01
L	1604729919	1604729919	1	20	20	0.01
L	1604162446	1604162446	1	20	20	0.01
L	2174875899	2174875899	1	20	20	0.01
L	2180600546	2180600546	1	20	20	0.01
L	1693144993	1693144993	1	20	20	0.01
L	1763665661	1763665661	1	20	20	0.01
L	1692382069	1692382069	1	20	20	0.01
L	2777300161	2777300161	1	20	20	0.01
L	2778023379	2778023379	1	20	20	0.01
L	2172490609	2172490609	1	20	20	0.01
L	2771551174	2771551174	1	20	20	0.01
L	109792984	109792984	1	20	20	0.01
L	1163028622	1163028622	1	20	20	0.01
L	1612818359	1612818359	1	20	20	0.01
L	1612842765	1612842765	1	20	20	0.01
L	1613031992	1613031992	1	20	20	0.01
L	1675279704	1675279704	1	20	20	0.01
L	1713812325	1713812325	1	20	20	0.01
L	1607789524	1607789524	1	20	20	0.01
L	1649759130	1649759130	1	20	20	0.01
L	1541639510	1541639510	1	20	20	0.01
L	2789021913	2789021913	1	20	20	0.01
L	126030263	126030263	1	20	20	0.01
L	1740616587	1740616587	1	20	20	0.01
L	1675650199	1675650199	1	20	20	0.01
L	72684323	72684323	1	20	20	0.01
L	72676037	72676037	1	20	20	0.01
L	113504498	113504498	1	20	20	0.01
L	1704871051	1704871051	1	20	20	0.01
L	109056398	109056398	1	20	20	0.01
L	1713975299	1713975299	1	20	20	0.01
L	2018098223	2018098223	1	20	20	0.01
L	1720083123	1720083123	1	20	20	0.01
L	1706551324	1706551324	1	20	20	0.01
L	1763718947	1763718947	1	20	20	0.01
L	1763763370	1763763370	1	20	20	0.01
L	1549240177	1549240177	1	20	20	0.01
L	1574586802	1574586802	1	20	20	0.01
L	1700518223	1700518223	1	20	20	0.01
L	1689860011	1689860011	1	20	20	0.01
L	1701120133	1701120133	1	20	20	0.01
L	1690261669	1690261669	1	20	20	0.01
L	1667061246	1667061246	1	20	20	0.01
L	497573003	497573003	1	20	20	0.01
L	1194955512	1194955512	1	21	21	0.01
L	1195055192	1195055192	1	21	21	0.01
L	1195101555	1195101555	1	21	21	0.01
L	2798979054	2798979054	1	21	21	0.01
L	1528768837	1528768837	1	21	21	0.01
L	1528362059	1528362059	1	21	21	0.01
L	2732771222	2732771222	1	21	21	0.01
L	869466947	869466947	1	21	21	0.01
L	1475778469	1475778469	1	21	21	0.01
L	1475546987	1475546987	1	21	21	0.01
L	1468270158	1468270158	1	21	21	0.01
L	1468825176	1468825176	1	21	21	0.01
L	1471470560	1471470560	1	21	21	0.01
L	1471553457	1471553457	1	21	21	0.01
L	2830913534	2830913534	1	21	21	0.01
L	864497420	864497420	1	21	21	0.01
L	862503810	862503810	1	21	21	0.01
L	856147868	856147868	1	21	21	0.01
L	52097545	52097545	1	21	21	0.01
L	859249323	859249323	1	21	21	0.01
L	1196652533	1196652533	1	21	21	0.01
L	813755175	813755175	1	21	21	0.01
L	1132786187	1132786187	1	21	21	0.01
L	2785922201	2785922201	1	21	21	0.01
L	1513919780	1513919780	1	21	21	0.01
L	2799046944	2799046944	1	21	21	0.01
L	1131630951	1131630951	1	21	21	0.01
L	1196648019	1196648019	1	21	21	0.01
L	2709565989	2709565989	1	21	21	0.01
L	2709556052	2709556052	1	21	21	0.01
L	855201250	855201250	1	21	21	0.01
L	1131884028	1131884028	1	21	21	0.01
L	1439698507	1439698507	1	21	21	0.01
L	2722283982	2722283982	1	21	21	0.01
L	766785414	766785414	1	21	21	0.01
L	1467891847	1467891847	1	21	21	0.01
L	1132068207	1132068207	1	21	21	0.01
L	1132408173	1132408173	1	21	21	0.01
L	858574657	858574657	1	21	21	0.01
L	885761116	885761116	1	21	21	0.01
L	860358037	860358037	1	21	21	0.01
L	862029734	862029734	1	21	21	0.01
L	1511503270	1511503270	1	21	21	0.01
L	1511527017	1511527017	1	21	21	0.01
L	813081541	813081541	1	21	21	0.01
L	813305251	813305251	1	21	21	0.01
L	2722336919	2722336919	1	21	21	0.01
L	1178687424	1178687424	1	21	21	0.01
L	1467857411	1467857411	1	21	21	0.01
L	1431864260	1431864260	1	21	21	0.01
L	1432121371	1432121371	1	21	21	0.01
L	1432544209	1432544209	1	21	21	0.01
L	2891157988	2891157988	1	21	21	0.01
L	2733285049	2733285049	1	21	21	0.01
L	2733559506	2733559506	1	21	21	0.01
L	2733094212	2733094212	1	21	21	0.01
L	2844369501	2844369501	1	21	21	0.01
L	1439943872	1439943872	1	21	21	0.01
L	673201856	673201856	1	21	21	0.01
L	2288811652	2288811652	1	22	22	0.01
L	1029365083	1029365083	1	22	22	0.01
L	3052326584	3052326584	1	22	22	0.01
L	2287897661	2287897661	1	22	22	0.01
L	2282288353	2282288353	1	22	22	0.01
L	2282490876	2282490876	1	22	22	0.01
L	2278991042	2278991042	1	22	22	0.01
L	1943439132	1943439132	1	22	22	0.01
L	3031029026	3031029026	1	22	22	0.01
L	3031322435	3031322435	1	22	22	0.01
L	3072096035	3072096035	1	22	22	0.01
L	2288420739	2288420739	1	22	22	0.01
L	2320257778	2320257778	1	22	22	0.01
L	3088125895	3088125895	1	22	22	0.01
L	1031031869	1031031869	1	22	22	0.01
L	2320071958	2320071958	1	22	22	0.01
L	1028551390	1028551390	1	22	22	0.01
L	1029055453	1029055453	1	22	22	0.01
L	1029133501	1029133501	1	22	22	0.01
L	1060905000	1060905000	1	22	22	0.01
L	2262224997	2262224997	1	22	22	0.01
L	2262199953	2262199953	1	22	22	0.01
L	1031393541	1031393541	1	22	22	0.01
L	3082149095	3082149095	1	22	22	0.01
L	3082070292	3082070292	1	22	22	0.01
L	1056174355	1056174355	1	22	22	0.01
L	1057186186	1057186186	1	22	22	0.01
L	2282365439	2282365439	1	22	22	0.01
L	2278777575	2278777575	1	22	22	0.01
L	2279363980	2279363980	1	22	22	0.01
L	3084691205	3084691205	1	22	22	0.01
L	2281446618	2281446618	1	22	22	0.01
L	2282277737	2282277737	1	22	22	0.01
L	2279082418	2279082418	1	22	22	0.01
L	2279063470	2279063470	1	22	22	0.01
L	2319725641	2319725641	1	22	22	0.01
L	2318948685	2318948685	1	22	22	0.01
L	2318749477	2318749477	1	22	22	0.01
L	2317525643	2317525643	1	22	22	0.01
L	2317412755	2317412755	1	22	22	0.01
L	1051750197	1051750197	1	22	22	0.01
L	1051541566	1051541566	1	22	22	0.01
L	1004052484	1004052484	1	22	22	0.01
L	1004876281	1004876281	1	22	22	0.01
L	3072039980	3072039980	1	22	22	0.01
L	3031561459	3031561459	1	22	22	0.01
L	2287981178	2287981178	1	22	22	0.01
L	3035138670	3035138670	1	22	22	0.01
L	3035204731	3035204731	1	22	22	0.01
L	968244508	968244508	1	22	22	0.01
L	958379119	958379119	1	22	22	0.01
L	3041979490	3041979490	1	22	22	0.01
L	3019517284	3019517284	1	22	22	0.01
L	968272429	968272429	1	22	22	0.01
L	2291358738	2291358738	1	22	22	0.01
L	3042171689	3042171689	1	22	22	0.01
L	1021377352	1021377352	1	22	22	0.01
L	968435830	968435830	1	22	22	0.01
L	2288984287	2288984287	1	22	22	0.01
L	3032912191	3032912191	1	22	22	0.01
L	1021394075	1021394075	1	22	22	0.01
L	967327671	967327671	1	22	22	0.01
L	2365488964	2365488964	1	22	22	0.01
L	3035229035	3035229035	1	22	22	0.01
L	2288973496	2288973496	1	22	22	0.01
L	2288931396	2288931396	1	22	22	0.01
L	968484145	968484145	1	22	22	0.01
L	2298463899	2298463899	1	22	22	0.01
L	3033285434	3033285434	1	22	22	0.01
L	3033548898	3033548898	1	22	22	0.01
L	2289177052	2289177052	1	22	22	0.01
L	2289423701	2289423701	1	22	22	0.01
L	2292094129	2292094129	1	22	22	0.01
L	2298961953	2298961953	1	22	22	0.01
L	2618572217	2618572217	1	22	22	0.01
L	3085373801	3085373801	1	22	22	0.01
L	981909195	981909195	1	22	22	0.01
L	984830363	984830363	1	22	22	0.01
L	985367677	985367677	1	22	22	0.01
L	988565225	988565225	1	22	22	0.01
L	988647541	988647541	1	22	22	0.01
L	989477765	989477765	1	22	22	0.01
L	2291026197	2291026197	1	22	22	0.01
L	2291186480	2291186480	1	22	22	0.01
L	997508758	997508758	1	22	22	0.01
L	1007164054	1007164054	1	22	22	0.01
L	1010063239	1010063239	1	22	22	0.01
L	2282504266	2282504266	1	22	22	0.01
L	432763513	432763513	1	23	23	0.01
L	3052123113	3052123113	1	23	23	0.01
L	3052005412	3052005412	1	23	23	0.01
L	3007504529	3007504529	1	23	23	0.01
L	417803913	417803913	1	23	23	0.01
L	417787058	417787058	1	23	23	0.01
L	3043292036	3043292036	1	23	23	0.01
L	419083097	419083097	1	23	23	0.01
L	460777857	460777857	1	23	23	0.01
L	430839721	430839721	1	23	23	0.01
L	457776086	457776086	1	23	23	0.01
L	3008218444	3008218444	1	23	23	0.01
L	2295908423	2295908423	1	23	23	0.01
L	3050587559	3050587559	1	23	23	0.01
L	3007344276	3007344276	1	23	23	0.01
L	589633949	589633949	1	23	23	0.01
L	589576508	589576508	1	23	23	0.01
L	3013780635	3013780635	1	23	23	0.01
L	437705236	437705236	1	23	23	0.01
L	437557393	437557393	1	23	23	0.01
L	3067080426	3067080426	1	23	23	0.01
L	3066257864	3066257864	1	23	23	0.01
L	3066142660	3066142660	1	23	23	0.01
L	1501116746	1501116746	1	23	23	0.01
L	460206585	460206585	1	23	23	0.01
L	3068516730	3068516730	1	23	23	0.01
L	439936991	439936991	1	23	23	0.01
L	2263698031	2263698031	1	23	23	0.01
L	2607486837	2607486837	1	23	23	0.01
L	3010295747	3010295747	1	23	23	0.01
L	1387678674	1387678674	1	23	23	0.01
L	421698705	421698705	1	23	23	0.01
L	2283974411	2283974411	1	23	23	0.01
L	2284059030	2284059030	1	23	23	0.01
L	430979910	430979910	1	23	23	0.01
L	2284697732	2284697732	1	23	23	0.01
L	421542520	421542520	1	23	23	0.01
L	458393154	458393154	1	23	23	0.01
L	457352438	457352438	1	23	23	0.01
L	457250662	457250662	1	23	23	0.01
L	477331155	477331155	1	23	23	0.01
L	422693913	422693913	1	23	23	0.01
L	3043496782	3043496782	1	23	23	0.01
L	440108864	440108864	1	23	23	0.01
L	1857140222	1857140222	1	23	23	0.01
L	438410373	438410373	1	23	23	0.01
L	438949502	438949502	1	23	23	0.01
L	2278759324	2278759324	1	23	23	0.01
L	3005902079	3005902079	1	23	23	0.01
L	419709394	419709394	1	23	23	0.01
L	422236660	422236660	1	23	23	0.01
L	3067976525	3067976525	1	23	23	0.01
L	442844822	442844822	1	23	23	0.01
L	442885972	442885972	1	23	23	0.01
L	427804100	427804100	1	23	23	0.01
L	447165044	447165044	1	23	23	0.01
L	448620454	448620454	1	23	23	0.01
L	469695728	469695728	1	23	23	0.01
L	470583923	470583923	1	23	23	0.01
L	442044443	442044443	1	23	23	0.01
L	3019751684	3019751684	1	24	24	0.01
L	3012847956	3012847956	1	24	24	0.01
L	3060707132	3060707132	1	24	24	0.01
L	980382926	980382926	1	24	24	0.01
L	974888274	974888274	1	24	24	0.01
L	940878597	940878597	1	24	24	0.01
L	1027109816	1027109816	1	24	24	0.01
L	1026334421	1026334421	1	24	24	0.01
L	1067568832	1067568832	1	24	24	0.01
L	2353770030	2353770030	1	24	24	0.01
L	2353565240	2353565240	1	24	24	0.01
L	938244305	938244305	1	24	24	0.01
L	3036248473	3036248473	1	24	24	0.01
L	1051806389	1051806389	1	24	24	0.01
L	1054671888	1054671888	1	24	24	0.01
L	1054929786	1054929786	1	24	24	0.01
L	2287223971	2287223971	1	24	24	0.01
L	3060526578	3060526578	1	24	24	0.01
L	3071570682	3071570682	1	24	24	0.01
L	1017112703	1017112703	1	24	24	0.01
L	3022835867	3022835867	1	24	24	0.01
L	3022820417	3022820417	1	24	24	0.01
L	2295794024	2295794024	1	24	24	0.01
L	990207000	990207000	1	24	24	0.01
L	2336509936	2336509936	1	24	24	0.01
L	1067583455	1067583455	1	24	24	0.01
L	3054135408	3054135408	1	24	24	0.01
L	3010875006	3010875006	1	24	24	0.01
L	2365378000	2365378000	1	24	24	0.01
L	3057823571	3057823571	1	24	24	0.01
L	3057794670	3057794670	1	24	24	0.01
L	3012794364	3012794364	1	24	24	0.01
L	932265367	932265367	1	24	24	0.01
L	1825415398	1825415398	1	24	24	0.01
L	1596024092	1596024092	1	24	24	0.01
L	2365464542	2365464542	1	24	24	0.01
L	3009484222	3009484222	1	24	24	0.01
L	3009376442	3009376442	1	24	24	0.01
L	3020928833	3020928833	1	24	24	0.01
L	3052916753	3052916753	1	24	24	0.01
L	992411654	992411654	1	24	24	0.01
L	992633525	992633525	1	24	24	0.01
L	2295871994	2295871994	1	24	24	0.01
L	1068267991	1068267991	1	24	24	0.01
L	3019443114	3019443114	1	24	24	0.01
L	990704221	990704221	1	24	24	0.01
L	1013498920	1013498920	1	24	24	0.01
L	2182546938	2182546938	1	24	24	0.01
L	3081721511	3081721511	1	24	24	0.01
L	3010844546	3010844546	1	24	24	0.01
L	2295820597	2295820597	1	24	24	0.01
L	2351885370	2351885370	1	24	24	0.01
L	3067897389	3067897389	1	24	24	0.01
L	965203556	965203556	1	24	24	0.01
L	965469572	965469572	1	24	24	0.01
L	2808875568	2808875568	1	25	25	0.01
L	2838462292	2838462292	1	25	25	0.01
L	2816526810	2816526810	1	25	25	0.01
L	2830699302	2830699302	1	25	25	0.01
L	2815322144	2815322144	1	25	25	0.01
L	1431006605	1431006605	1	25	25	0.01
L	869869138	869869138	1	25	25	0.01
L	1443320785	1443320785	1	25	25	0.01
L	2858379097	2858379097	1	25	25	0.01
L	2858587365	2858587365	1	25	25	0.01
L	1460298404	1460298404	1	25	25	0.01
L	2895118990	2895118990	1	25	25	0.01
L	2808268970	2808268970	1	25	25	0.01
L	2807271406	2807271406	1	25	25	0.01
L	891497019	891497019	1	25	25	0.01
L	2887019116	2887019116	1	25	25	0.01
L	901116784	901116784	1	25	25	0.01
L	2898887205	2898887205	1	25	25	0.01
L	1466285779	1466285779	1	25	25	0.01
L	890514888	890514888	1	25	25	0.01
L	1577732749	1577732749	1	25	25	0.01
L	890222923	890222923	1	25	25	0.01
L	1465726727	1465726727	1	25	25	0.01
L	66204346	66204346	1	25	25	0.01
L	2474260730	2474260730	1	25	25	0.01
L	2898993722	2898993722	1	25	25	0.01
L	768237396	768237396	1	25	25	0.01
L	2815154156	2815154156	1	25	25	0.01
L	879652461	879652461	1	25	25	0.01
L	1138075465	1138075465	1	25	25	0.01
L	1137999298	1137999298	1	25	25	0.01
L	1197621845	1197621845	1	25	25	0.01
L	1434291736	1434291736	1	25	25	0.01
L	1434333657	1434333657	1	25	25	0.01
L	2800452112	2800452112	1	25	25	0.01
L	890288123	890288123	1	25	25	0.01
L	2148873256	2148873256	1	25	25	0.01
L	892007841	892007841	1	25	25	0.01
L	892059759	892059759	1	25	25	0.01
L	2814221319	2814221319	1	25	25	0.01
L	814511567	814511567	1	25	25	0.01
L	2827576938	2827576938	1	25	25	0.01
L	877420355	877420355	1	25	25	0.01
L	877556524	877556524	1	25	25	0.01
L	1431586665	1431586665	1	25	25	0.01
L	1494640029	1494640029	1	25	25	0.01
L	1494473680	1494473680	1	25	25	0.01
L	883427776	883427776	1	25	25	0.01
L	878958282	878958282	1	25	25	0.01
L	782986252	782986252	1	26	26	0.01
L	763292760	763292760	1	26	26	0.01
L	357724857	357724857	1	26	26	0.01
L	1579706087	1579706087	1	26	26	0.01
L	1580813591	1580813591	1	26	26	0.01
L	1581025930	1581025930	1	26	26	0.01
L	2996036387	2996036387	1	26	26	0.01
L	2673688516	2673688516	1	26	26	0.01
L	310138120	310138120	1	26	26	0.01
L	357355411	357355411	1	26	26	0.01
L	357387501	357387501	1	26	26	0.01
L	335498863	335498863	1	26	26	0.01
L	335820889	335820889	1	26	26	0.01
L	337101992	337101992	1	26	26	0.01
L	136159508	136159508	1	26	26	0.01
L	378976543	378976543	1	26	26	0.01
L	1538541380	1538541380	1	26	26	0.01
L	364847584	364847584	1	26	26	0.01
L	1575654908	1575654908	1	26	26	0.01
L	1575617409	1575617409	1	26	26	0.01
L	414018080	414018080	1	26	26	0.01
L	1575592420	1575592420	1	26	26	0.01
L	1537415490	1537415490	1	26	26	0.01
L	1537481050	1537481050	1	26	26	0.01
L	1537531487	1537531487	1	26	26	0.01
L	1559037953	1559037953	1	26	26	0.01
L	295717303	295717303	1	26	26	0.01
L	2995158686	2995158686	1	26	26	0.01
L	302074710	302074710	1	26	26	0.01
L	2992106954	2992106954	1	26	26	0.01
L	308353160	308353160	1	26	26	0.01
L	2991329176	2991329176	1	26	26	0.01
L	2991834323	2991834323	1	26	26	0.01
L	2203370504	2203370504	1	26	26	0.01
L	2991273011	2991273011	1	26	26	0.01
L	2991795645	2991795645	1	26	26	0.01
L	302542383	302542383	1	26	26	0.01
L	1581990534	1581990534	1	26	26	0.01
L	1579282081	1579282081	1	26	26	0.01
L	1577839276	1577839276	1	26	26	0.01
L	1577776459	1577776459	1	26	26	0.01
L	1577470436	1577470436	1	26	26	0.01
L	27219855	27219855	1	26	26	0.01
L	370353778	370353778	1	26	26	0.01
L	370434151	370434151	1	26	26	0.01
L	1065972219	1065972219	1	26	26	0.01
L	372423508	372423508	1	26	26	0.01
L	1266600694	1266600694	1	26	26	0.01
L	355340194	355340194	1	26	26	0.01
L	374605313	374605313	1	26	26	0.01
L	135494414	135494414	1	26	26	0.01
L	2990718654	2990718654	1	26	26	0.01
L	374925277	374925277	1	26	26	0.01
L	374886591	374886591	1	26	26	0.01
L	2991026438	2991026438	1	26	26	0.01
L	2991047147	2991047147	1	26	26	0.01
L	366094554	366094554	1	26	26	0.01
L	366030686	366030686	1	26	26	0.01
L	19536262	19536262	1	26	26	0.01
L	339999718	339999718	1	26	26	0.01
L	2996096051	2996096051	1	26	26	0.01
L	380164242	380164242	1	26	26	0.01
L	310459797	310459797	1	26	26	0.01
L	1538161178	1538161178	1	26	26	0.01
L	369491855	369491855	1	26	26	0.01
L	26795567	26795567	1	26	26	0.01
L	365980810	365980810	1	26	26	0.01
L	416462507	416462507	1	26	26	0.01
L	315974311	315974311	1	26	26	0.01
L	1577751245	1577751245	1	26	26	0.01
L	355311054	355311054	1	26	26	0.01
L	21120540	21120540	1	26	26	0.01
L	19642676	19642676	1	26	26	0.01
L	19833226	19833226	1	26	26	0.01
L	367566626	367566626	1	26	26	0.01
L	310106820	310106820	1	26	26	0.01
L	337738610	337738610	1	26	26	0.01
L	337627914	337627914	1	26	26	0.01
L	2771003560	2771003560	1	26	26	0.01
L	22668806	22668806	1	26	26	0.01
L	337469041	337469041	1	26	26	0.01
L	1560841078	1560841078	1	26	26	0.01
L	788450237	788450237	1	26	26	0.01
L	345133505	345133505	1	26	26	0.01
L	459881196	459881196	1	27	27	0.01
L	477030102	477030102	1	27	27	0.01
L	2810914836	2810914836	1	27	27	0.01
L	2285135473	2285135473	1	27	27	0.01
L	464543487	464543487	1	27	27	0.01
L	2285756884	2285756884	1	27	27	0.01
L	457100626	457100626	1	27	27	0.01
L	2264015210	2264015210	1	27	27	0.01
L	582861642	582861642	1	27	27	0.01
L	3067708356	3067708356	1	27	27	0.01
L	446792932	446792932	1	27	27	0.01
L	456256691	456256691	1	27	27	0.01
L	458013941	458013941	1	27	27	0.01
L	2265183037	2265183037	1	27	27	0.01
L	482647632	482647632	1	27	27	0.01
L	458479175	458479175	1	27	27	0.01
L	423360493	423360493	1	27	27	0.01
L	423564380	423564380	1	27	27	0.01
L	3040805838	3040805838	1	27	27	0.01
L	3040655164	3040655164	1	27	27	0.01
L	3047134098	3047134098	1	27	27	0.01
L	137100053	137100053	1	27	27	0.01
L	2282991351	2282991351	1	27	27	0.01
L	3015361554	3015361554	1	27	27	0.01
L	3045099007	3045099007	1	27	27	0.01
L	464529278	464529278	1	27	27	0.01
L	421573993	421573993	1	27	27	0.01
L	468829670	468829670	1	27	27	0.01
L	3002689697	3002689697	1	27	27	0.01
L	459982474	459982474	1	27	27	0.01
L	463575570	463575570	1	27	27	0.01
L	2264224396	2264224396	1	27	27	0.01
L	1537696747	1537696747	1	27	27	0.01
L	416515742	416515742	1	27	27	0.01
L	2712039087	2712039087	1	27	27	0.01
L	451840155	451840155	1	27	27	0.01
L	429203772	429203772	1	27	27	0.01
L	451922763	451922763	1	27	27	0.01
L	452136132	452136132	1	27	27	0.01
L	3044474909	3044474909	1	27	27	0.01
L	454198707	454198707	1	27	27	0.01
L	3009832421	3009832421	1	27	27	0.01
L	443814573	443814573	1	27	27	0.01
L	475322708	475322708	1	27	27	0.01
L	475412614	475412614	1	27	27	0.01
L	476036413	476036413	1	27	27	0.01
L	420736137	420736137	1	27	27	0.01
L	3020588864	3020588864	1	27	27	0.01
L	435534348	435534348	1	27	27	0.01
L	435590647	435590647	1	27	27	0.01
L	2268057758	2268057758	1	27	27	0.01
L	435531963	435531963	1	27	27	0.01
L	439672506	439672506	1	27	27	0.01
L	2988608009	2988608009	1	28	28	0.01
L	358980605	358980605	1	28	28	0.01
L	358919033	358919033	1	28	28	0.01
L	1556897153	1556897153	1	28	28	0.01
L	788338235	788338235	1	28	28	0.01
L	1570266784	1570266784	1	28	28	0.01
L	149854007	149854007	1	28	28	0.01
L	1458542905	1458542905	1	28	28	0.01
L	1458574403	1458574403	1	28	28	0.01
L	1582584626	1582584626	1	28	28	0.01
L	327867819	327867819	1	28	28	0.01
L	1601382546	1601382546	1	28	28	0.01
L	1601321966	1601321966	1	28	28	0.01
L	314838799	314838799	1	28	28	0.01
L	1601315423	1601315423	1	28	28	0.01
L	1559648955	1559648955	1	28	28	0.01
L	327292520	327292520	1	28	28	0.01
L	1457825584	1457825584	1	28	28	0.01
L	2476230337	2476230337	1	28	28	0.01
L	360157779	360157779	1	28	28	0.01
L	350447606	350447606	1	28	28	0.01
L	346845027	346845027	1	28	28	0.01
L	346514371	346514371	1	28	28	0.01
L	2989807981	2989807981	1	28	28	0.01
L	1543731749	1543731749	1	28	28	0.01
L	1543374685	1543374685	1	28	28	0.01
L	1549089941	1549089941	1	28	28	0.01
L	342372370	342372370	1	28	28	0.01
L	1597951250	1597951250	1	28	28	0.01
L	1542691123	1542691123	1	28	28	0.01
L	1542779892	1542779892	1	28	28	0.01
L	1558935642	1558935642	1	28	28	0.01
L	1542259083	1542259083	1	28	28	0.01
L	321830658	321830658	1	28	28	0.01
L	346269848	346269848	1	28	28	0.01
L	1546497028	1546497028	1	28	28	0.01
L	1600200250	1600200250	1	29	29	0.01
L	1612007582	1612007582	1	29	29	0.01
L	385330527	385330527	1	29	29	0.01
L	1619888335	1619888335	1	29	29	0.01
L	297908193	297908193	1	29	29	0.01
L	298139967	298139967	1	29	29	0.01
L	816090194	816090194	1	29	29	0.01
L	389140395	389140395	1	29	29	0.01
L	388655575	388655575	1	29	29	0.01
L	1534674567	1534674567	1	29	29	0.01
L	1617490468	1617490468	1	29	29	0.01
L	303321159	303321159	1	29	29	0.01
L	1534439095	1534439095	1	29	29	0.01
L	1534405767	1534405767	1	29	29	0.01
L	1613736595	1613736595	1	29	29	0.01
L	357273328	357273328	1	29	29	0.01
L	316071518	316071518	1	29	29	0.01
L	1541874064	1541874064	1	29	29	0.01
L	1617744532	1617744532	1	29	29	0.01
L	1596129181	1596129181	1	29	29	0.01
L	1615153132	1615153132	1	29	29	0.01
L	304685405	304685405	1	29	29	0.01
L	1102177227	1102177227	1	29	29	0.01
L	1102249928	1102249928	1	29	29	0.01
L	1612771874	1612771874	1	29	29	0.01
L	316975758	316975758	1	29	29	0.01
L	1862711718	1862711718	1	29	29	0.01
L	2227311329	2227311329	1	29	29	0.01
L	299137951	299137951	1	29	29	0.01
L	131514689	131514689	1	29	29	0.01
L	388869931	388869931	1	29	29	0.01
L	1584985915	1584985915	1	29	29	0.01
L	1535308982	1535308982	1	29	29	0.01
L	1639122781	1639122781	1	29	29	0.01
L	1598544158	1598544158	1	29	29	0.01
L	1639064042	1639064042	1	29	29	0.01
L	1608187405	1608187405	1	29	29	0.01
L	1624303383	1624303383	1	29	29	0.01
L	1542074849	1542074849	1	29	29	0.01
L	356881949	356881949	1	29	29	0.01
L	356683983	356683983	1	29	29	0.01
L	412803301	412803301	1	29	29	0.01
L	808465244	808465244	1	29	29	0.01
L	334172109	334172109	1	29	29	0.01
L	355950360	355950360	1	29	29	0.01
L	1642413107	1642413107	1	29	29	0.01
L	356646369	356646369	1	29	29	0.01
L	1128996376	1128996376	1	30	30	0.01
L	1480332565	1480332565	1	30	30	0.01
L	2800010866	2800010866	1	30	30	0.01
L	1127533355	1127533355	1	30	30	0.01
L	2710858944	2710858944	1	30	30	0.01
L	2799908140	2799908140	1	30	30	0.01
L	1126667368	1126667368	1	30	30	0.01
L	1482101763	1482101763	1	30	30	0.01
L	856412918	856412918	1	30	30	0.01
L	856583907	856583907	1	30	30	0.01
L	2096230335	2096230335	1	30	30	0.01
L	1071010389	1071010389	1	30	30	0.01
L	222107736	222107736	1	30	30	0.01
L	1487888803	1487888803	1	30	30	0.01
L	1487828544	1487828544	1	30	30	0.01
L	1487747863	1487747863	1	30	30	0.01
L	1204947	1204947	1	30	30	0.01
L	1123892809	1123892809	1	30	30	0.01
L	888778481	888778481	1	30	30	0.01
L	1519099046	1519099046	1	30	30	0.01
L	2710435728	2710435728	1	30	30	0.01
L	2711117178	2711117178	1	30	30	0.01
L	1130891152	1130891152	1	30	30	0.01
L	2710613480	2710613480	1	30	30	0.01
L	2873565962	2873565962	1	30	30	0.01
L	1514212157	1514212157	1	30	30	0.01
L	1158158453	1158158453	1	30	30	0.01
L	1479274946	1479274946	1	30	30	0.01
L	1130360700	1130360700	1	30	30	0.01
L	2845530863	2845530863	1	30	30	0.01
L	624044814	624044814	1	31	31	0.01
L	623924053	623924053	1	31	31	0.01
L	1197249424	1197249424	1	31	31	0.01
L	650072956	650072956	1	31	31	0.01
L	650061208	650061208	1	31	31	0.01
L	670448902	670448902	1	31	31	0.01
L	643839729	643839729	1	31	31	0.01
L	1082551589	1082551589	1	31	31	0.01
L	640192171	640192171	1	31	31	0.01
L	640032108	640032108	1	31	31	0.01
L	1154753606	1154753606	1	31	31	0.01
L	749330685	749330685	1	31	31	0.01
L	751214936	751214936	1	31	31	0.01
L	692715075	692715075	1	31	31	0.01
L	1066949278	1066949278	1	31	31	0.01
L	1422748959	1422748959	1	31	31	0.01
L	1098911378	1098911378	1	31	31	0.01
L	2642955746	2642955746	1	31	31	0.01
L	1345749847	1345749847	1	31	31	0.01
L	692420341	692420341	1	31	31	0.01
L	1334149621	1334149621	1	31	31	0.01
L	1156120903	1156120903	1	31	31	0.01
L	638222956	638222956	1	31	31	0.01
L	3010782379	3010782379	1	31	31	0.01
L	2840175181	2840175181	1	31	31	0.01
L	1082366421	1082366421	1	31	31	0.01
L	3067786156	3067786156	1	31	31	0.01
L	626063138	626063138	1	31	31	0.01
L	626213886	626213886	1	31	31	0.01
L	1142665049	1142665049	1	31	31	0.01
L	1142739223	1142739223	1	31	31	0.01
L	1190883061	1190883061	1	31	31	0.01
L	1184831951	1184831951	1	31	31	0.01
L	857221767	857221767	1	31	31	0.01
L	1365913085	1365913085	1	31	31	0.01
L	1423027954	1423027954	1	31	31	0.01
L	599237402	599237402	1	31	31	0.01
L	1174503700	1174503700	1	31	31	0.01
L	1080269466	1080269466	1	31	31	0.01
L	627141868	627141868	1	31	31	0.01
L	638239765	638239765	1	31	31	0.01
L	1077990557	1077990557	1	31	31	0.01
L	1083113220	1083113220	1	31	31	0.01
L	1083018678	1083018678	1	31	31	0.01
L	857112015	857112015	1	31	31	0.01
L	626012274	626012274	1	31	31	0.01
L	658299971	658299971	1	31	31	0.01
L	658313629	658313629	1	31	31	0.01
L	642959952	642959952	1	31	31	0.01
L	633834739	633834739	1	31	31	0.01
L	1166944605	1166944605	1	31	31	0.01
L	1334216421	1334216421	1	31	31	0.01
L	756494672	756494672	1	31	31	0.01
L	642419899	642419899	1	31	31	0.01
L	641562041	641562041	1	31	31	0.01
L	641551370	641551370	1	31	31	0.01
L	641455685	641455685	1	31	31	0.01
L	643012742	643012742	1	31	31	0.01
L	1163490660	1163490660	1	31	31	0.01
L	1155991475	1155991475	1	31	31	0.01
L	627401615	627401615	1	31	31	0.01
L	1076409420	1076409420	1	31	31	0.01
L	631753463	631753463	1	31	31	0.01
L	640446274	640446274	1	31	31	0.01
L	1171128619	1171128619	1	31	31	0.01
L	627557565	627557565	1	31	31	0.01
L	756715994	756715994	1	31	31	0.01
L	756692594	756692594	1	31	31	0.01
L	757001786	757001786	1	31	31	0.01
L	661186869	661186869	1	31	31	0.01
L	2637932727	2637932727	1	31	31	0.01
L	637631100	637631100	1	31	31	0.01
L	640350355	640350355	1	31	31	0.01
L	1724508886	1724508886	1	32	32	0.01
L	1753687911	1753687911	1	32	32	0.01
L	1751109107	1751109107	1	32	32	0.01
L	2479724914	2479724914	1	32	32	0.01
L	2465765625	2465765625	1	32	32	0.01
L	2080434587	2080434587	1	32	32	0.01
L	2190244080	2190244080	1	32	32	0.01
L	2366028338	2366028338	1	32	32	0.01
L	2190424190	2190424190	1	32	32	0.01
L	2190505734	2190505734	1	32	32	0.01
L	2182514635	2182514635	1	32	32	0.01
L	2182698680	2182698680	1	32	32	0.01
L	2182704985	2182704985	1	32	32	0.01
L	2182768513	2182768513	1	32	32	0.01
L	1383222336	1383222336	1	32	32	0.01
L	2077625681	2077625681	1	32	32	0.01
L	2188953035	2188953035	1	32	32	0.01
L	2094805017	2094805017	1	32	32	0.01
L	2116581815	2116581815	1	32	32	0.01
L	2077060056	2077060056	1	32	32	0.01
L	2122176677	2122176677	1	32	32	0.01
L	2125295873	2125295873	1	32	32	0.01
L	2436823056	2436823056	1	32	32	0.01
L	1752428309	1752428309	1	32	32	0.01
L	2198603567	2198603567	1	32	32	0.01
L	2474863085	2474863085	1	32	32	0.01
L	2475859199	2475859199	1	32	32	0.01
L	2474753187	2474753187	1	32	32	0.01
L	2390333795	2390333795	1	32	32	0.01
L	2440523878	2440523878	1	32	32	0.01
L	2076385245	2076385245	1	32	32	0.01
L	2405616762	2405616762	1	32	32	0.01
L	2451179578	2451179578	1	32	32	0.01
L	2462526957	2462526957	1	32	32	0.01
L	2436421500	2436421500	1	32	32	0.01
L	2081877712	2081877712	1	32	32	0.01
L	2008740540	2008740540	1	32	32	0.01
L	2475619323	2475619323	1	32	32	0.01
L	2375152659	2375152659	1	32	32	0.01
L	2076950779	2076950779	1	32	32	0.01
L	1409354079	1409354079	1	33	33	0.01
L	2692843314	2692843314	1	33	33	0.01
L	1945281882	1945281882	1	33	33	0.01
L	1946461132	1946461132	1	33	33	0.01
L	739150497	739150497	1	33	33	0.01
L	739820291	739820291	1	33	33	0.01
L	1946729603	1946729603	1	33	33	0.01
L	1943460234	1943460234	1	33	33	0.01
L	1958521144	1958521144	1	33	33	0.01
L	1925974100	1925974100	1	33	33	0.01
L	1379458942	1379458942	1	33	33	0.01
L	1401819588	1401819588	1	33	33	0.01
L	1401474552	1401474552	1	33	33	0.01
L	1407393468	1407393468	1	33	33	0.01
L	1390724232	1390724232	1	33	33	0.01
L	693795885	693795885	1	33	33	0.01
L	693519564	693519564	1	33	33	0.01
L	1953551911	1953551911	1	33	33	0.01
L	1953528789	1953528789	1	33	33	0.01
L	2675052911	2675052911	1	33	33	0.01
L	2694762606	2694762606	1	33	33	0.01
L	2695972880	2695972880	1	33	33	0.01
L	1949807040	1949807040	1	33	33	0.01
L	1947665474	1947665474	1	33	33	0.01
L	1945488412	1945488412	1	33	33	0.01
L	667294338	667294338	1	33	33	0.01
L	732247694	732247694	1	33	33	0.01
L	737784649	737784649	1	33	33	0.01
L	601316853	601316853	1	33	33	0.01
L	732470259	732470259	1	33	33	0.01
L	605739211	605739211	1	33	33	0.01
L	668051815	668051815	1	33	33	0.01
L	2661760049	2661760049	1	33	33	0.01
L	1403133273	1403133273	1	33	33	0.01
L	738196025	738196025	1	33	33	0.01
L	1892983198	1892983198	1	33	33	0.01
L	1407567866	1407567866	1	33	33	0.01
L	737948557	737948557	1	33	33	0.01
L	737929021	737929021	1	33	33	0.01
L	736564931	736564931	1	33	33	0.01
L	736512343	736512343	1	33	33	0.01
L	1407196863	1407196863	1	33	33	0.01
L	725340035	725340035	1	33	33	0.01
L	2344188318	2344188318	1	33	33	0.01
L	725584996	725584996	1	33	33	0.01
L	2662902683	2662902683	1	33	33	0.01
L	1402838506	1402838506	1	33	33	0.01
L	1893182959	1893182959	1	33	33	0.01
L	739861094	739861094	1	33	33	0.01
L	605822937	605822937	1	33	33	0.01
L	606024158	606024158	1	33	33	0.01
L	736607186	736607186	1	33	33	0.01
L	1401984332	1401984332	1	33	33	0.01
L	2675623365	2675623365	1	33	33	0.01
L	1943764916	1943764916	1	33	33	0.01
L	1953664547	1953664547	1	33	33	0.01
L	1953647254	1953647254	1	33	33	0.01
L	1926329059	1926329059	1	33	33	0.01
L	1950485120	1950485120	1	33	33	0.01
L	725651027	725651027	1	33	33	0.01
L	726014054	726014054	1	33	33	0.01
L	1954582514	1954582514	1	33	33	0.01
L	2696640318	2696640318	1	33	33	0.01
L	47897772	47897772	1	33	33	0.01
L	1924355294	1924355294	1	33	33	0.01
L	2754228849	2754228849	1	34	34	0.01
L	1444185199	1444185199	1	34	34	0.01
L	1444215698	1444215698	1	34	34	0.01
L	2753013802	2753013802	1	34	34	0.01
L	272352129	272352129	1	34	34	0.01
L	2683774947	2683774947	1	34	34	0.01
L	1115416058	1115416058	1	34	34	0.01
L	2719551214	2719551214	1	34	34	0.01
L	2720718219	2720718219	1	34	34	0.01
L	2720742023	2720742023	1	34	34	0.01
L	1443397650	1443397650	1	34	34	0.01
L	2751033347	2751033347	1	34	34	0.01
L	2476256136	2476256136	1	34	34	0.01
L	2751057906	2751057906	1	34	34	0.01
L	267933765	267933765	1	34	34	0.01
L	2756985797	2756985797	1	34	34	0.01
L	269550027	269550027	1	34	34	0.01
L	269603741	269603741	1	34	34	0.01
L	2757045555	2757045555	1	34	34	0.01
L	2827791652	2827791652	1	34	34	0.01
L	2734768526	2734768526	1	34	34	0.01
L	1443523581	1443523581	1	34	34	0.01
L	1446581671	1446581671	1	34	34	0.01
L	3049659290	3049659290	1	34	34	0.01
L	1104812365	1104812365	1	34	34	0.01
L	269673856	269673856	1	34	34	0.01
L	1462092242	1462092242	1	34	34	0.01
L	272029219	272029219	1	34	34	0.01
L	2716607022	2716607022	1	34	34	0.01
L	189558816	189558816	1	34	34	0.01
L	1456791526	1456791526	1	34	34	0.01
L	2745439485	2745439485	1	34	34	0.01
L	2721138772	2721138772	1	34	34	0.01
L	2760491917	2760491917	1	34	34	0.01
L	857446751	857446751	1	35	35	0.01
L	721741041	721741041	1	35	35	0.01
L	721893837	721893837	1	35	35	0.01
L	722059990	722059990	1	35	35	0.01
L	857435942	857435942	1	35	35	0.01
L	721704983	721704983	1	35	35	0.01
L	619725476	619725476	1	35	35	0.01
L	728680193	728680193	1	35	35	0.01
L	728425196	728425196	1	35	35	0.01
L	672313968	672313968	1	35	35	0.01
L	654380199	654380199	1	35	35	0.01
L	748212031	748212031	1	35	35	0.01
L	1350743364	1350743364	1	35	35	0.01
L	1350334181	1350334181	1	35	35	0.01
L	673214753	673214753	1	35	35	0.01
L	1101700397	1101700397	1	35	35	0.01
L	2617543447	2617543447	1	35	35	0.01
L	1176019249	1176019249	1	35	35	0.01
L	2617495671	2617495671	1	35	35	0.01
L	599572905	599572905	1	35	35	0.01
L	2118311285	2118311285	1	35	35	0.01
L	714284714	714284714	1	35	35	0.01
L	1088031171	1088031171	1	35	35	0.01
L	672108070	672108070	1	35	35	0.01
L	2629986285	2629986285	1	35	35	0.01
L	2612604462	2612604462	1	35	35	0.01
L	1078021437	1078021437	1	35	35	0.01
L	599603935	599603935	1	35	35	0.01
L	762426213	762426213	1	35	35	0.01
L	714153020	714153020	1	35	35	0.01
L	669619321	669619321	1	35	35	0.01
L	714417919	714417919	1	35	35	0.01
L	1350166101	1350166101	1	35	35	0.01
L	2616205501	2616205501	1	35	35	0.01
L	2617977764	2617977764	1	35	35	0.01
L	2614241604	2614241604	1	35	35	0.01
L	2614297760	2614297760	1	35	35	0.01
L	2614311347	2614311347	1	35	35	0.01
L	2643868433	2643868433	1	35	35	0.01
L	721835488	721835488	1	35	35	0.01
L	758149675	758149675	1	35	35	0.01
L	1347932617	1347932617	1	35	35	0.01
L	1348065936	1348065936	1	35	35	0.01
L	1348093733	1348093733	1	35	35	0.01
L	1167391587	1167391587	1	35	35	0.01
L	602985811	602985811	1	35	35	0.01
L	609217314	609217314	1	35	35	0.01
L	671149523	671149523	1	35	35	0.01
L	664647395	664647395	1	35	35	0.01
L	2803010146	2803010146	1	35	35	0.01
L	2865682465	2865682465	1	36	36	0.01
L	2865325853	2865325853	1	36	36	0.01
L	868722203	868722203	1	36	36	0.01
L	2866639945	2866639945	1	36	36	0.01
L	2866943610	2866943610	1	36	36	0.01
L	2867086355	2867086355	1	36	36	0.01
L	2867677345	2867677345	1	36	36	0.01
L	868692806	868692806	1	36	36	0.01
L	2851077819	2851077819	1	36	36	0.01
L	856706211	856706211	1	36	36	0.01
L	1123443153	1123443153	1	36	36	0.01
L	1194290243	1194290243	1	36	36	0.01
L	2860046412	2860046412	1	36	36	0.01
L	2833110513	2833110513	1	36	36	0.01
L	1178253429	1178253429	1	36	36	0.01
L	1195975787	1195975787	1	36	36	0.01
L	1517194019	1517194019	1	36	36	0.01
L	1123375501	1123375501	1	36	36	0.01
L	1123328265	1123328265	1	36	36	0.01
L	1122642767	1122642767	1	36	36	0.01
L	1184549348	1184549348	1	36	36	0.01
L	1180824813	1180824813	1	36	36	0.01
L	1467213198	1467213198	1	36	36	0.01
L	1525111291	1525111291	1	36	36	0.01
L	2848539521	2848539521	1	36	36	0.01
L	1525959526	1525959526	1	36	36	0.01
L	1525401323	1525401323	1	36	36	0.01
L	1524104399	1524104399	1	36	36	0.01
L	2856494412	2856494412	1	36	36	0.01
L	1523751201	1523751201	1	36	36	0.01
L	1180597530	1180597530	1	36	36	0.01
L	1467599016	1467599016	1	36	36	0.01
L	2848009439	2848009439	1	36	36	0.01
L	2848049296	2848049296	1	36	36	0.01
L	1527053870	1527053870	1	36	36	0.01
L	2867791170	2867791170	1	36	36	0.01
L	1438805070	1438805070	1	36	36	0.01
L	1436940928	1436940928	1	36	36	0.01
L	2709369913	2709369913	1	36	36	0.01
L	2890149663	2890149663	1	36	36	0.01
L	2890334225	2890334225	1	36	36	0.01
L	2890414293	2890414293	1	36	36	0.01
L	2885253105	2885253105	1	36	36	0.01
L	2856533385	2856533385	1	36	36	0.01
L	2854819985	2854819985	1	36	36	0.01
L	858417825	858417825	1	36	36	0.01
L	2854763000	2854763000	1	36	36	0.01
L	2855474408	2855474408	1	36	36	0.01
L	1491316033	1491316033	1	36	36	0.01
L	1133948342	1133948342	1	36	36	0.01
L	1520562582	1520562582	1	36	36	0.01
L	2656777718	2656777718	1	37	37	0.01
L	1917597316	1917597316	1	37	37	0.01
L	2346990359	2346990359	1	37	37	0.01
L	1942618611	1942618611	1	37	37	0.01
L	1942722035	1942722035	1	37	37	0.01
L	1938281165	1938281165	1	37	37	0.01
L	816311916	816311916	1	37	37	0.01
L	1394784464	1394784464	1	37	37	0.01
L	1394715582	1394715582	1	37	37	0.01
L	731546600	731546600	1	37	37	0.01
L	1910228748	1910228748	1	37	37	0.01
L	49455560	49455560	1	37	37	0.01
L	665995397	665995397	1	37	37	0.01
L	1394986133	1394986133	1	37	37	0.01
L	1930528290	1930528290	1	37	37	0.01
L	3088079439	3088079439	1	37	37	0.01
L	729340109	729340109	1	37	37	0.01
L	729379735	729379735	1	37	37	0.01
L	666916982	666916982	1	37	37	0.01
L	667034021	667034021	1	37	37	0.01
L	1889905756	1889905756	1	37	37	0.01
L	1394953540	1394953540	1	37	37	0.01
L	1418080556	1418080556	1	37	37	0.01
L	1395115109	1395115109	1	37	37	0.01
L	1399059234	1399059234	1	37	37	0.01
L	730936156	730936156	1	37	37	0.01
L	1399359235	1399359235	1	37	37	0.01
L	2351671045	2351671045	1	37	37	0.01
L	1416600669	1416600669	1	37	37	0.01
L	1416681116	1416681116	1	37	37	0.01
L	1397667333	1397667333	1	37	37	0.01
L	2350527601	2350527601	1	37	37	0.01
L	2661853442	2661853442	1	37	37	0.01
L	935008743	935008743	1	38	38	0.01
L	3030614210	3030614210	1	38	38	0.01
L	3021546916	3021546916	1	38	38	0.01
L	3021613403	3021613403	1	38	38	0.01
L	3071751603	3071751603	1	38	38	0.01
L	3005214297	3005214297	1	38	38	0.01
L	2294417422	2294417422	1	38	38	0.01
L	2294256170	2294256170	1	38	38	0.01
L	3004646515	3004646515	1	38	38	0.01
L	2293437959	2293437959	1	38	38	0.01
L	980240820	980240820	1	38	38	0.01
L	2260742656	2260742656	1	38	38	0.01
L	1022751872	1022751872	1	38	38	0.01
L	2248849753	2248849753	1	38	38	0.01
L	715678063	715678063	1	38	38	0.01
L	2292379282	2292379282	1	38	38	0.01
L	3076340447	3076340447	1	38	38	0.01
L	3003225420	3003225420	1	38	38	0.01
L	2253747093	2253747093	1	38	38	0.01
L	980835902	980835902	1	38	38	0.01
L	977676889	977676889	1	38	38	0.01
L	971422695	971422695	1	38	38	0.01
L	927745687	927745687	1	38	38	0.01
L	925946465	925946465	1	38	38	0.01
L	925806784	925806784	1	38	38	0.01
L	3075313594	3075313594	1	38	38	0.01
L	3013306506	3013306506	1	38	38	0.01
L	2339274226	2339274226	1	38	38	0.01
L	2261289607	2261289607	1	38	38	0.01
L	3076512210	3076512210	1	38	38	0.01
L	937497263	937497263	1	38	38	0.01
L	929521844	929521844	1	38	38	0.01
L	2265047417	2265047417	1	38	38	0.01
L	932919987	932919987	1	38	38	0.01
L	924299775	924299775	1	38	38	0.01
L	924238573	924238573	1	38	38	0.01
L	923007082	923007082	1	38	38	0.01
L	1556264225	1556264225	1	39	39	0.01
L	1704750582	1704750582	1	39	39	0.01
L	1704552384	1704552384	1	39	39	0.01
L	1697843373	1697843373	1	39	39	0.01
L	1718614394	1718614394	1	39	39	0.01
L	1801477771	1801477771	1	39	39	0.01
L	1698099747	1698099747	1	39	39	0.01
L	2172376658	2172376658	1	39	39	0.01
L	1658878226	1658878226	1	39	39	0.01
L	1646110055	1646110055	1	39	39	0.01
L	1717310632	1717310632	1	39	39	0.01
L	1659752880	1659752880	1	39	39	0.01
L	1707193535	1707193535	1	39	39	0.01
L	1665647893	1665647893	1	39	39	0.01
L	1716891700	1716891700	1	39	39	0.01
L	1640029782	1640029782	1	39	39	0.01
L	1716814761	1716814761	1	39	39	0.01
L	1700248707	1700248707	1	39	39	0.01
L	1700054419	1700054419	1	39	39	0.01
L	1689492654	1689492654	1	39	39	0.01
L	1670750374	1670750374	1	39	39	0.01
L	1689741778	1689741778	1	39	39	0.01
L	1602334956	1602334956	1	39	39	0.01
L	1421263343	1421263343	1	40	40	0.01
L	1190082317	1190082317	1	40	40	0.01
L	1083217645	1083217645	1	40	40	0.01
L	1083156971	1083156971	1	40	40	0.01
L	661672691	661672691	1	40	40	0.01
L	1174860931	1174860931	1	40	40	0.01
L	1156145224	1156145224	1	40	40	0.01
L	1165088957	1165088957	1	40	40	0.01
L	1176367329	1176367329	1	40	40	0.01
L	1429942083	1429942083	1	40	40	0.01
L	1429927885	1429927885	1	40	40	0.01
L	1730492193	1730492193	1	40	40	0.01
L	660785317	660785317	1	40	40	0.01
L	1332823460	1332823460	1	40	40	0.01
L	1188751356	1188751356	1	40	40	0.01
L	645419663	645419663	1	40	40	0.01
L	634515020	634515020	1	40	40	0.01
L	1077783578	1077783578	1	40	40	0.01
L	1939381995	1939381995	1	40	40	0.01
L	972178843	972178843	1	41	41	0.01
L	972287511	972287511	1	41	41	0.01
L	2298562594	2298562594	1	41	41	0.01
L	2249237924	2249237924	1	41	41	0.01
L	3008364365	3008364365	1	41	41	0.01
L	3008274117	3008274117	1	41	41	0.01
L	1032114390	1032114390	1	41	41	0.01
L	1017348831	1017348831	1	41	41	0.01
L	3063739686	3063739686	1	41	41	0.01
L	2292232850	2292232850	1	41	41	0.01
L	2292335664	2292335664	1	41	41	0.01
L	2251397514	2251397514	1	41	41	0.01
L	972647500	972647500	1	41	41	0.01
L	3009115501	3009115501	1	41	41	0.01
L	970426639	970426639	1	41	41	0.01
L	2310684286	2310684286	1	41	41	0.01
L	3019133328	3019133328	1	41	41	0.01
L	1023165758	1023165758	1	41	41	0.01
L	3021947655	3021947655	1	41	41	0.01
L	3009509684	3009509684	1	41	41	0.01
L	2310297705	2310297705	1	41	41	0.01
L	2310232908	2310232908	1	41	41	0.01
L	3063694061	3063694061	1	41	41	0.01
L	3016922976	3016922976	1	41	41	0.01
L	1023902604	1023902604	1	41	41	0.01
L	3063510597	3063510597	1	41	41	0.01
L	3080136272	3080136272	1	41	41	0.01
L	3078495225	3078495225	1	41	41	0.01
L	976501177	976501177	1	42	42	0.01
L	2776134591	2776134591	1	42	42	0.01
L	763868499	763868499	1	42	42	0.01
L	1747358859	1747358859	1	42	42	0.01
L	333493472	333493472	1	42	42	0.01
L	1209092276	1209092276	1	42	42	0.01
L	276358554	276358554	1	42	42	0.01
L	333388608	333388608	1	42	42	0.01
L	1579141061	1579141061	1	42	42	0.01
L	2991752388	2991752388	1	42	42	0.01
L	285242634	285242634	1	42	42	0.01
L	341738723	341738723	1	42	42	0.01
L	285807036	285807036	1	42	42	0.01
L	333453068	333453068	1	42	42	0.01
L	333410258	333410258	1	42	42	0.01
L	2760819297	2760819297	1	42	42	0.01
L	276492971	276492971	1	42	42	0.01
L	276516911	276516911	1	42	42	0.01
L	329295590	329295590	1	42	42	0.01
L	763670149	763670149	1	42	42	0.01
L	304592390	304592390	1	43	43	0.01
L	2769592523	2769592523	1	43	43	0.01
L	399033468	399033468	1	43	43	0.01
L	1502537868	1502537868	1	43	43	0.01
L	818491912	818491912	1	43	43	0.01
L	395171315	395171315	1	43	43	0.01
L	395318332	395318332	1	43	43	0.01
L	105244924	105244924	1	43	43	0.01
L	1533933163	1533933163	1	43	43	0.01
L	2427493682	2427493682	1	44	44	0.01
L	2334313286	2334313286	1	45	45	0.01
L	2333188427	2333188427	1	45	45	0.01
L	2331558529	2331558529	1	45	45	0.01
L	681556028	681556028	1	45	45	0.01
L	1928164921	1928164921	1	45	45	0.01
L	276759588	276759588	1	46	46	0.01
L	1285552300	1285552300	1	46	46	0.01
L	1073070666	1073070666	1	46	46	0.01
L	1438454903	1438454903	1	46	46	0.01
L	1438457497	1438457497	1	46	46	0.01
L	2862785334	2862785334	1	46	46	0.01
L	883216877	883216877	1	46	46	0.01
L	2872622760	2872622760	1	46	46	0.01
L	1438151602	1438151602	1	46	46	0.01
L	757051761	757051761	1	47	47	0.01
L	1730190213	1730190213	1	47	47	0.01
L	962386907	962386907	1	48	48	0.01
L	2028197208	2028197208	1	48	48	0.01
1	1	136787062	1	1		1
2	136787063	273717267	1	1		1
3	273717268	417507365	1	1		1
4	417507366	596804408	1	1		1
5	596804409	763259584	1	1		1
6	763259585	901634911	1	1		1
7	901634912	1072181472	1	1		1
8	1072181473	1196860736	1	1		1
9	1196860737	1326488113	1	1		1
10	1326488114	1430770860	1	1		1
11	1430770861	1535200477	1	1		1
12	1535200478	1648120681	1	1		1
13	1648120682	1767935705	1	1		1
14	1767935706	1888839466	1	1		1
15	1888839467	1999136864	1	1		1
16	1999136865	2126024376	1	1		1
17	2126024377	2248766868	1	1		1
18	2248766869	2365912771	1	1		1
19	2365912772	2477149644	1	1		1
20	2477149645	2603887572	1	1		1
21	2603887573	2709348584	1	1		1
22	2709348585	2799195066	1	1		1
23	2799195067	2905320789	1	1		1
24	2905320790	3002146519	1	1		1
25	3002146520	3088248286	1	1		1
MT	3088248287	3088286389	1	1		1
