name	start	end	strand	col	fill	lwd
A1	1	517358904	1	4	4	0.1
A2	517358905	881621456	1	4	4	0.1
A3	881621457	1183034306	1	4	4	0.1
B1	1183034307	1627036001	1	4	4	0.1
B2	1627036002	1956302884	1	4	4	0.1
B3	1956302885	2271241472	1	4	4	0.1
B4	2271241473	2575845542	1	4	4	0.1
C1	2575845543	3052124005	1	4	4	0.1
C2	3052124006	3394699651	1	4	4	0.1
D1	3394699652	3644130906	1	4	4	0.1
D2	3644130907	3832208623	1	4	4	0.1
D3	3832208624	4033641040	1	4	4	0.1
D4	4033641041	4235067788	1	4	4	0.1
E1	4235067789	4365845239	1	4	4	0.1
E2	4365845240	4498547939	1	4	4	0.1
E3	4498547940	4587034989	1	4	4	0.1
F1	4587034990	4735925662	1	4	4	0.1
F2	4735925663	4915419483	1	4	4	0.1
X	4915419484	5178571776	1	4	4	0.1
A1	1	517358904	1	1	4	0.1
A2	517358905	881621456	1	1	4	0.1
A3	881621457	1183034306	1	1	4	0.1
B1	1183034307	1627036001	1	1	4	0.1
B2	1627036002	1956302884	1	1	4	0.1
B3	1956302885	2271241472	1	1	4	0.1
B4	2271241473	2575845542	1	1	4	0.1
C1	2575845543	3052124005	1	1	4	0.1
C2	3052124006	3394699651	1	1	4	0.1
D1	3394699652	3644130906	1	1	4	0.1
D2	3644130907	3832208623	1	1	4	0.1
D3	3832208624	4033641040	1	1	4	0.1
D4	4033641041	4235067788	1	1	4	0.1
E1	4235067789	4365845239	1	1	4	0.1
E2	4365845240	4498547939	1	1	4	0.1
E3	4498547940	4587034989	1	1	4	0.1
F1	4587034990	4735925662	1	1	4	0.1
F2	4735925663	4915419483	1	1	4	0.1
X	4915419484	5178571776	1	1	4	0.1
L	2576280876	2576280876	1	6	6	0.01
L	2576550177	2576550177	1	6	6	0.01
L	2576715088	2576715088	1	6	6	0.01
L	2576722212	2576722212	1	6	6	0.01
L	2577734621	2577734621	1	6	6	0.01
L	2578369702	2578369702	1	6	6	0.01
L	2578391289	2578391289	1	6	6	0.01
L	2580087074	2580087074	1	6	6	0.01
L	2580096404	2580096404	1	6	6	0.01
L	2580356637	2580356637	1	6	6	0.01
L	2580396217	2580396217	1	6	6	0.01
L	2580468328	2580468328	1	6	6	0.01
L	2584306923	2584306923	1	6	6	0.01
L	2587950597	2587950597	1	6	6	0.01
L	2590026493	2590026493	1	6	6	0.01
L	2590649430	2590649430	1	6	6	0.01
L	2591668202	2591668202	1	6	6	0.01
L	2592753023	2592753023	1	6	6	0.01
L	2593118953	2593118953	1	6	6	0.01
L	2593846218	2593846218	1	6	6	0.01
L	2594466923	2594466923	1	6	6	0.01
L	2599948666	2599948666	1	6	6	0.01
L	2605594284	2605594284	1	6	6	0.01
L	2606246029	2606246029	1	6	6	0.01
L	2606571457	2606571457	1	6	6	0.01
L	2607865838	2607865838	1	6	6	0.01
L	2608043931	2608043931	1	6	6	0.01
L	2609591831	2609591831	1	6	6	0.01
L	2612022880	2612022880	1	6	6	0.01
L	2616813552	2616813552	1	6	6	0.01
L	2617548333	2617548333	1	6	6	0.01
L	2617738327	2617738327	1	6	6	0.01
L	2618000140	2618000140	1	6	6	0.01
L	2618603017	2618603017	1	6	6	0.01
L	2618757373	2618757373	1	6	6	0.01
L	2618806453	2618806453	1	6	6	0.01
L	2619310341	2619310341	1	6	6	0.01
L	2620451979	2620451979	1	6	6	0.01
L	2621144697	2621144697	1	6	6	0.01
L	2621492855	2621492855	1	6	6	0.01
L	2627713895	2627713895	1	6	6	0.01
L	2633922456	2633922456	1	6	6	0.01
L	2634252055	2634252055	1	6	6	0.01
L	2634948958	2634948958	1	6	6	0.01
L	2634956703	2634956703	1	6	6	0.01
L	2635410860	2635410860	1	6	6	0.01
L	2637522170	2637522170	1	6	6	0.01
L	2637597595	2637597595	1	6	6	0.01
L	2638060365	2638060365	1	6	6	0.01
L	2641598625	2641598625	1	6	6	0.01
L	2642602936	2642602936	1	6	6	0.01
L	2648006234	2648006234	1	6	6	0.01
L	2648429573	2648429573	1	6	6	0.01
L	2648556509	2648556509	1	6	6	0.01
L	2649956697	2649956697	1	6	6	0.01
L	2650858238	2650858238	1	6	6	0.01
L	2651548216	2651548216	1	6	6	0.01
L	2652285929	2652285929	1	6	6	0.01
L	2652300851	2652300851	1	6	6	0.01
L	2652614878	2652614878	1	6	6	0.01
L	2654195382	2654195382	1	6	6	0.01
L	2654280143	2654280143	1	6	6	0.01
L	2654981910	2654981910	1	6	6	0.01
L	2666652266	2666652266	1	6	6	0.01
L	2667503477	2667503477	1	6	6	0.01
L	2669261857	2669261857	1	6	6	0.01
L	2669431678	2669431678	1	6	6	0.01
L	2669584183	2669584183	1	6	6	0.01
L	2669687485	2669687485	1	6	6	0.01
L	2670833420	2670833420	1	6	6	0.01
L	2671053170	2671053170	1	6	6	0.01
L	2677599193	2677599193	1	6	6	0.01
L	2677937981	2677937981	1	6	6	0.01
L	2685393533	2685393533	1	6	6	0.01
L	2687588252	2687588252	1	6	6	0.01
L	2694350268	2694350268	1	6	6	0.01
L	2715803204	2715803204	1	6	6	0.01
L	2728105746	2728105746	1	6	6	0.01
L	2729926560	2729926560	1	6	6	0.01
L	1693628756	1693628756	1	6	6	0.01
L	2730774341	2730774341	1	6	6	0.01
L	2734019627	2734019627	1	6	6	0.01
L	2737106101	2737106101	1	6	6	0.01
L	2743718974	2743718974	1	6	6	0.01
L	2747937846	2747937846	1	6	6	0.01
L	2774697132	2774697132	1	6	6	0.01
L	2778013773	2778013773	1	6	6	0.01
L	2779666473	2779666473	1	6	6	0.01
L	2784807535	2784807535	1	6	6	0.01
L	2792499463	2792499463	1	6	6	0.01
L	2792634142	2792634142	1	6	6	0.01
L	2794727468	2794727468	1	6	6	0.01
L	4723179419	4723179419	1	6	6	0.01
L	4607683256	4607683256	1	6	6	0.01
L	4610260348	4610260348	1	6	6	0.01
L	4612246621	4612246621	1	6	6	0.01
L	4613470082	4613470082	1	6	6	0.01
L	4614714129	4614714129	1	6	6	0.01
L	4616970732	4616970732	1	6	6	0.01
L	4620952023	4620952023	1	6	6	0.01
L	4631798059	4631798059	1	6	6	0.01
L	4636819871	4636819871	1	6	6	0.01
L	4636700332	4636700332	1	6	6	0.01
L	4636437778	4636437778	1	6	6	0.01
L	4690081504	4690081504	1	6	6	0.01
L	4689815869	4689815869	1	6	6	0.01
L	4678804392	4678804392	1	6	6	0.01
L	4679939875	4679939875	1	6	6	0.01
L	4680178615	4680178615	1	6	6	0.01
L	4663165360	4663165360	1	6	6	0.01
L	4655156043	4655156043	1	6	6	0.01
L	4654544764	4654544764	1	6	6	0.01
L	4654167940	4654167940	1	6	6	0.01
L	4653549304	4653549304	1	6	6	0.01
L	4649116332	4649116332	1	6	6	0.01
L	4714306244	4714306244	1	6	6	0.01
L	4592084779	4592084779	1	6	6	0.01
L	189968743	189968743	1	6	6	0.01
L	3794044582	3794044582	1	6	6	0.01
L	3794730627	3794730627	1	6	6	0.01
L	3795384577	3795384577	1	6	6	0.01
L	3795777622	3795777622	1	6	6	0.01
L	3798414677	3798414677	1	6	6	0.01
L	3803171812	3803171812	1	6	6	0.01
L	3803398130	3803398130	1	6	6	0.01
L	4599459123	4599459123	1	6	6	0.01
L	4597901630	4597901630	1	6	6	0.01
L	1181821898	1181821898	1	7	7	0.01
L	1173161627	1173161627	1	7	7	0.01
L	1173110689	1173110689	1	7	7	0.01
L	1168673948	1168673948	1	7	7	0.01
L	1166372300	1166372300	1	7	7	0.01
L	1166157692	1166157692	1	7	7	0.01
L	1165622340	1165622340	1	7	7	0.01
L	1154283966	1154283966	1	7	7	0.01
L	1135912974	1135912974	1	7	7	0.01
L	1133064665	1133064665	1	7	7	0.01
L	1015630701	1015630701	1	7	7	0.01
L	1017520759	1017520759	1	7	7	0.01
L	1017681087	1017681087	1	7	7	0.01
L	1017738101	1017738101	1	7	7	0.01
L	1018645529	1018645529	1	7	7	0.01
L	1022703478	1022703478	1	7	7	0.01
L	1036759281	1036759281	1	7	7	0.01
L	1040639412	1040639412	1	7	7	0.01
L	1052851228	1052851228	1	7	7	0.01
L	1053785475	1053785475	1	7	7	0.01
L	1055474502	1055474502	1	7	7	0.01
L	1056583711	1056583711	1	7	7	0.01
L	1064839090	1064839090	1	7	7	0.01
L	2001309113	2001309113	1	7	7	0.01
L	2001372872	2001372872	1	7	7	0.01
L	1073978538	1073978538	1	7	7	0.01
L	1097348892	1097348892	1	7	7	0.01
L	1097880147	1097880147	1	7	7	0.01
L	1100136286	1100136286	1	7	7	0.01
L	1012731600	1012731600	1	7	7	0.01
L	1008692465	1008692465	1	7	7	0.01
L	1004257866	1004257866	1	7	7	0.01
L	1004085252	1004085252	1	7	7	0.01
L	999596156	999596156	1	7	7	0.01
L	999232151	999232151	1	7	7	0.01
L	993023654	993023654	1	7	7	0.01
L	991889948	991889948	1	7	7	0.01
L	2841386835	2841386835	1	7	7	0.01
L	2847412494	2847412494	1	7	7	0.01
L	2849385013	2849385013	1	7	7	0.01
L	2849792030	2849792030	1	7	7	0.01
L	2877069087	2877069087	1	7	7	0.01
L	2880729228	2880729228	1	7	7	0.01
L	2920056648	2920056648	1	7	7	0.01
L	2920956525	2920956525	1	7	7	0.01
L	2929341649	2929341649	1	7	7	0.01
L	2931659038	2931659038	1	7	7	0.01
L	2933006148	2933006148	1	7	7	0.01
L	2935045049	2935045049	1	7	7	0.01
L	2949616377	2949616377	1	7	7	0.01
L	2955769808	2955769808	1	7	7	0.01
L	2955949391	2955949391	1	7	7	0.01
L	2957638358	2957638358	1	7	7	0.01
L	2971509661	2971509661	1	7	7	0.01
L	2975810780	2975810780	1	7	7	0.01
L	2978128187	2978128187	1	7	7	0.01
L	2980935851	2980935851	1	7	7	0.01
L	2982747889	2982747889	1	7	7	0.01
L	2988305727	2988305727	1	7	7	0.01
L	2989806590	2989806590	1	7	7	0.01
L	2991287488	2991287488	1	7	7	0.01
L	2992461997	2992461997	1	7	7	0.01
L	2996513243	2996513243	1	7	7	0.01
L	3005934006	3005934006	1	7	7	0.01
L	3007414379	3007414379	1	7	7	0.01
L	3013072773	3013072773	1	7	7	0.01
L	3020367147	3020367147	1	7	7	0.01
L	3021936143	3021936143	1	7	7	0.01
L	3037344401	3037344401	1	7	7	0.01
L	3051786140	3051786140	1	7	7	0.01
L	614378822	614378822	1	8	8	0.01
L	618362021	618362021	1	8	8	0.01
L	626932096	626932096	1	8	8	0.01
L	627078080	627078080	1	8	8	0.01
L	637727673	637727673	1	8	8	0.01
L	636819622	636819622	1	8	8	0.01
L	636750285	636750285	1	8	8	0.01
L	635859571	635859571	1	8	8	0.01
L	3108496876	3108496876	1	8	8	0.01
L	3108184555	3108184555	1	8	8	0.01
L	3106528488	3106528488	1	8	8	0.01
L	3087649649	3087649649	1	8	8	0.01
L	3057530721	3057530721	1	8	8	0.01
L	3063136389	3063136389	1	8	8	0.01
L	3067072597	3067072597	1	8	8	0.01
L	549252273	549252273	1	8	8	0.01
L	550048646	550048646	1	8	8	0.01
L	552574785	552574785	1	8	8	0.01
L	555147896	555147896	1	8	8	0.01
L	556066629	556066629	1	8	8	0.01
L	556218869	556218869	1	8	8	0.01
L	557463347	557463347	1	8	8	0.01
L	557656443	557656443	1	8	8	0.01
L	558996673	558996673	1	8	8	0.01
L	563590133	563590133	1	8	8	0.01
L	571408476	571408476	1	8	8	0.01
L	584737850	584737850	1	8	8	0.01
L	584894533	584894533	1	8	8	0.01
L	591135675	591135675	1	8	8	0.01
L	595104003	595104003	1	8	8	0.01
L	3309424729	3309424729	1	8	8	0.01
L	3308910827	3308910827	1	8	8	0.01
L	3307280422	3307280422	1	8	8	0.01
L	3303253994	3303253994	1	8	8	0.01
L	3115791739	3115791739	1	8	8	0.01
L	3291088807	3291088807	1	8	8	0.01
L	3288892685	3288892685	1	8	8	0.01
L	3288622888	3288622888	1	8	8	0.01
L	3276159496	3276159496	1	8	8	0.01
L	3269291253	3269291253	1	8	8	0.01
L	3267654497	3267654497	1	8	8	0.01
L	3267611395	3267611395	1	8	8	0.01
L	3266791912	3266791912	1	8	8	0.01
L	3264533561	3264533561	1	8	8	0.01
L	3261326961	3261326961	1	8	8	0.01
L	3253540971	3253540971	1	8	8	0.01
L	3253072450	3253072450	1	8	8	0.01
L	3251420269	3251420269	1	8	8	0.01
L	3251255064	3251255064	1	8	8	0.01
L	3248470600	3248470600	1	8	8	0.01
L	3247478263	3247478263	1	8	8	0.01
L	3247160319	3247160319	1	8	8	0.01
L	3242167578	3242167578	1	8	8	0.01
L	642052826	642052826	1	8	8	0.01
L	640985118	640985118	1	8	8	0.01
L	640446863	640446863	1	8	8	0.01
L	3113939030	3113939030	1	8	8	0.01
L	3113982939	3113982939	1	8	8	0.01
L	3122584120	3122584120	1	8	8	0.01
L	3131137866	3131137866	1	8	8	0.01
L	3147270592	3147270592	1	8	8	0.01
L	3154233304	3154233304	1	8	8	0.01
L	3163191466	3163191466	1	8	8	0.01
L	3166018748	3166018748	1	8	8	0.01
L	3170994637	3170994637	1	8	8	0.01
L	3183617354	3183617354	1	8	8	0.01
L	3186193390	3186193390	1	8	8	0.01
L	3188040322	3188040322	1	8	8	0.01
L	3188721074	3188721074	1	8	8	0.01
L	3208655853	3208655853	1	8	8	0.01
L	3213136408	3213136408	1	8	8	0.01
L	3213582870	3213582870	1	8	8	0.01
L	3215802513	3215802513	1	8	8	0.01
L	3220460268	3220460268	1	8	8	0.01
L	3220877465	3220877465	1	8	8	0.01
L	3226566492	3226566492	1	8	8	0.01
L	3625905091	3625905091	1	8	8	0.01
L	3235269881	3235269881	1	8	8	0.01
L	3236087381	3236087381	1	8	8	0.01
L	3238814663	3238814663	1	8	8	0.01
L	3238227903	3238227903	1	8	8	0.01
L	1625455128	1625455128	1	9	9	0.01
L	1623122711	1623122711	1	9	9	0.01
L	1623083861	1623083861	1	9	9	0.01
L	1622879755	1622879755	1	9	9	0.01
L	1622693009	1622693009	1	9	9	0.01
L	1613062766	1613062766	1	9	9	0.01
L	1613201614	1613201614	1	9	9	0.01
L	1598276545	1598276545	1	9	9	0.01
L	1556561456	1556561456	1	9	9	0.01
L	1556300585	1556300585	1	9	9	0.01
L	1554832105	1554832105	1	9	9	0.01
L	1551536336	1551536336	1	9	9	0.01
L	1551328841	1551328841	1	9	9	0.01
L	1539304345	1539304345	1	9	9	0.01
L	1539149499	1539149499	1	9	9	0.01
L	1537584319	1537584319	1	9	9	0.01
L	1537482717	1537482717	1	9	9	0.01
L	1531601394	1531601394	1	9	9	0.01
L	1529569893	1529569893	1	9	9	0.01
L	1529343110	1529343110	1	9	9	0.01
L	1504062832	1504062832	1	9	9	0.01
L	1498893456	1498893456	1	9	9	0.01
L	1495555979	1495555979	1	9	9	0.01
L	1492179336	1492179336	1	9	9	0.01
L	1447555533	1447555533	1	9	9	0.01
L	1441414980	1441414980	1	9	9	0.01
L	1437230429	1437230429	1	9	9	0.01
L	1436328821	1436328821	1	9	9	0.01
L	1418887621	1418887621	1	9	9	0.01
L	1410754485	1410754485	1	9	9	0.01
L	1404900865	1404900865	1	9	9	0.01
L	1392383106	1392383106	1	9	9	0.01
L	1390509083	1390509083	1	9	9	0.01
L	1366759408	1366759408	1	9	9	0.01
L	1358990978	1358990978	1	9	9	0.01
L	1354979506	1354979506	1	9	9	0.01
L	1322725380	1322725380	1	9	9	0.01
L	1319267006	1319267006	1	9	9	0.01
L	1318476406	1318476406	1	9	9	0.01
L	1309820679	1309820679	1	9	9	0.01
L	1198988983	1198988983	1	9	9	0.01
L	1428481351	1428481351	1	9	9	0.01
L	1218829657	1218829657	1	9	9	0.01
L	516230507	516230507	1	10	10	0.01
L	515701630	515701630	1	10	10	0.01
L	508767794	508767794	1	10	10	0.01
L	507278364	507278364	1	10	10	0.01
L	506991866	506991866	1	10	10	0.01
L	506941555	506941555	1	10	10	0.01
L	500357137	500357137	1	10	10	0.01
L	491766647	491766647	1	10	10	0.01
L	489900438	489900438	1	10	10	0.01
L	488918062	488918062	1	10	10	0.01
L	462745922	462745922	1	10	10	0.01
L	444230942	444230942	1	10	10	0.01
L	439625994	439625994	1	10	10	0.01
L	428605391	428605391	1	10	10	0.01
L	269959754	269959754	1	10	10	0.01
L	277667400	277667400	1	10	10	0.01
L	280395052	280395052	1	10	10	0.01
L	286596490	286596490	1	10	10	0.01
L	295731102	295731102	1	10	10	0.01
L	298319028	298319028	1	10	10	0.01
L	300535871	300535871	1	10	10	0.01
L	305525127	305525127	1	10	10	0.01
L	310586454	310586454	1	10	10	0.01
L	310941165	310941165	1	10	10	0.01
L	330159224	330159224	1	10	10	0.01
L	202107578	202107578	1	10	10	0.01
L	202434529	202434529	1	10	10	0.01
L	204238745	204238745	1	10	10	0.01
L	213386998	213386998	1	10	10	0.01
L	216103640	216103640	1	10	10	0.01
L	224798973	224798973	1	10	10	0.01
L	235933452	235933452	1	10	10	0.01
L	240302412	240302412	1	10	10	0.01
L	240548192	240548192	1	10	10	0.01
L	248290653	248290653	1	10	10	0.01
L	251582001	251582001	1	10	10	0.01
L	251695292	251695292	1	10	10	0.01
L	254694972	254694972	1	10	10	0.01
L	428006103	428006103	1	10	10	0.01
L	426369113	426369113	1	10	10	0.01
L	425138937	425138937	1	10	10	0.01
L	424442010	424442010	1	10	10	0.01
L	423827666	423827666	1	10	10	0.01
L	416002292	416002292	1	10	10	0.01
L	410897059	410897059	1	10	10	0.01
L	407941770	407941770	1	10	10	0.01
L	400016303	400016303	1	10	10	0.01
L	399937710	399937710	1	10	10	0.01
L	381374474	381374474	1	10	10	0.01
L	375989658	375989658	1	10	10	0.01
L	374568852	374568852	1	10	10	0.01
L	374010431	374010431	1	10	10	0.01
L	1023144527	1023144527	1	10	10	0.01
L	1682225804	1682225804	1	5	5	0.01
L	1671883282	1671883282	1	5	5	0.01
L	1665318719	1665318719	1	5	5	0.01
L	1659992607	1659992607	1	5	5	0.01
L	1658752766	1658752766	1	5	5	0.01
L	1650840297	1650840297	1	5	5	0.01
L	1638438772	1638438772	1	5	5	0.01
L	1638231703	1638231703	1	5	5	0.01
L	1701212928	1701212928	1	5	5	0.01
L	1710349136	1710349136	1	5	5	0.01
L	1712613790	1712613790	1	5	5	0.01
L	1714462442	1714462442	1	5	5	0.01
L	1717435309	1717435309	1	5	5	0.01
L	1718450681	1718450681	1	5	5	0.01
L	1722540359	1722540359	1	5	5	0.01
L	1723680731	1723680731	1	5	5	0.01
L	1729171691	1729171691	1	5	5	0.01
L	3101252731	3101252731	1	5	5	0.01
L	1744955030	1744955030	1	5	5	0.01
L	1771356413	1771356413	1	5	5	0.01
L	1789230093	1789230093	1	5	5	0.01
L	1796465187	1796465187	1	5	5	0.01
L	1800674710	1800674710	1	5	5	0.01
L	1801810264	1801810264	1	5	5	0.01
L	1801954194	1801954194	1	5	5	0.01
L	1820253032	1820253032	1	5	5	0.01
L	1821340170	1821340170	1	5	5	0.01
L	1835715283	1835715283	1	5	5	0.01
L	1838316082	1838316082	1	5	5	0.01
L	1843825903	1843825903	1	5	5	0.01
L	1871227174	1871227174	1	5	5	0.01
L	1873126910	1873126910	1	5	5	0.01
L	1880568775	1880568775	1	5	5	0.01
L	1882275172	1882275172	1	5	5	0.01
L	1889223886	1889223886	1	5	5	0.01
L	1890872044	1890872044	1	5	5	0.01
L	1898946496	1898946496	1	5	5	0.01
L	1911468617	1911468617	1	5	5	0.01
L	1919000291	1919000291	1	5	5	0.01
L	1920358004	1920358004	1	5	5	0.01
L	1921072573	1921072573	1	5	5	0.01
L	1922315557	1922315557	1	5	5	0.01
L	1929591343	1929591343	1	5	5	0.01
L	1936150119	1936150119	1	5	5	0.01
L	4585897237	4585897237	1	12	12	0.01
L	4585375325	4585375325	1	12	12	0.01
L	4583536590	4583536590	1	12	12	0.01
L	4583458575	4583458575	1	12	12	0.01
L	4583317153	4583317153	1	12	12	0.01
L	4582832567	4582832567	1	12	12	0.01
L	4579287830	4579287830	1	12	12	0.01
L	4575954332	4575954332	1	12	12	0.01
L	4576232726	4576232726	1	12	12	0.01
L	4576250606	4576250606	1	12	12	0.01
L	4577008236	4577008236	1	12	12	0.01
L	4577327141	4577327141	1	12	12	0.01
L	752044496	752044496	1	12	12	0.01
L	758341674	758341674	1	12	12	0.01
L	758436973	758436973	1	12	12	0.01
L	765086788	765086788	1	12	12	0.01
L	722056306	722056306	1	12	12	0.01
L	722241610	722241610	1	12	12	0.01
L	722774628	722774628	1	12	12	0.01
L	724262241	724262241	1	12	12	0.01
L	727229334	727229334	1	12	12	0.01
L	731818574	731818574	1	12	12	0.01
L	4575541648	4575541648	1	12	12	0.01
L	691431807	691431807	1	12	12	0.01
L	686616819	686616819	1	12	12	0.01
L	682484924	682484924	1	12	12	0.01
L	867453784	867453784	1	12	12	0.01
L	805988455	805988455	1	12	12	0.01
L	817432100	817432100	1	12	12	0.01
L	820021226	820021226	1	12	12	0.01
L	827182980	827182980	1	12	12	0.01
L	831719320	831719320	1	12	12	0.01
L	839662462	839662462	1	12	12	0.01
L	840000720	840000720	1	12	12	0.01
L	840659059	840659059	1	12	12	0.01
L	875089422	875089422	1	12	12	0.01
L	877987699	877987699	1	12	12	0.01
L	880933491	880933491	1	12	12	0.01
L	1227413258	1227413258	1	13	13	0.01
L	1268800679	1268800679	1	13	13	0.01
L	1257660081	1257660081	1	13	13	0.01
L	1257563357	1257563357	1	13	13	0.01
L	1290545326	1290545326	1	13	13	0.01
L	1243407084	1243407084	1	13	13	0.01
L	1279172807	1279172807	1	13	13	0.01
L	4912952369	4912952369	1	13	13	0.01
L	4897353140	4897353140	1	13	13	0.01
L	4895887464	4895887464	1	13	13	0.01
L	4870974892	4870974892	1	13	13	0.01
L	4870890559	4870890559	1	13	13	0.01
L	4865207229	4865207229	1	13	13	0.01
L	4859381325	4859381325	1	13	13	0.01
L	4856136205	4856136205	1	13	13	0.01
L	4852647648	4852647648	1	13	13	0.01
L	4850658098	4850658098	1	13	13	0.01
L	4825978908	4825978908	1	13	13	0.01
L	1008476000	1008476000	1	13	13	0.01
L	4809722846	4809722846	1	13	13	0.01
L	4807991807	4807991807	1	13	13	0.01
L	4803504438	4803504438	1	13	13	0.01
L	4784194232	4784194232	1	13	13	0.01
L	4782385160	4782385160	1	13	13	0.01
L	4779690690	4779690690	1	13	13	0.01
L	4779184422	4779184422	1	13	13	0.01
L	4778230551	4778230551	1	13	13	0.01
L	4777143765	4777143765	1	13	13	0.01
L	4776974171	4776974171	1	13	13	0.01
L	4772377735	4772377735	1	13	13	0.01
L	4771965474	4771965474	1	13	13	0.01
L	4769019119	4769019119	1	13	13	0.01
L	4768889954	4768889954	1	13	13	0.01
L	4756750382	4756750382	1	13	13	0.01
L	4755879064	4755879064	1	13	13	0.01
L	4048081582	4048081582	1	14	14	0.01
L	4046506943	4046506943	1	14	14	0.01
L	4046400951	4046400951	1	14	14	0.01
L	4143355289	4143355289	1	14	14	0.01
L	4152382969	4152382969	1	14	14	0.01
L	4154437911	4154437911	1	14	14	0.01
L	4069871753	4069871753	1	14	14	0.01
L	4087392473	4087392473	1	14	14	0.01
L	4087516241	4087516241	1	14	14	0.01
L	4035427664	4035427664	1	14	14	0.01
L	4163098370	4163098370	1	14	14	0.01
L	4165877965	4165877965	1	14	14	0.01
L	4169750414	4169750414	1	14	14	0.01
L	4170133921	4170133921	1	14	14	0.01
L	4183670575	4183670575	1	14	14	0.01
L	4187985315	4187985315	1	14	14	0.01
L	4188428511	4188428511	1	14	14	0.01
L	4191779160	4191779160	1	14	14	0.01
L	4192962739	4192962739	1	14	14	0.01
L	4194092761	4194092761	1	14	14	0.01
L	4202784778	4202784778	1	14	14	0.01
L	4208441503	4208441503	1	14	14	0.01
L	4208486125	4208486125	1	14	14	0.01
L	4214846093	4214846093	1	14	14	0.01
L	4217946010	4217946010	1	14	14	0.01
L	809516693	809516693	1	14	14	0.01
L	4220877565	4220877565	1	14	14	0.01
L	4221533468	4221533468	1	14	14	0.01
L	4221626668	4221626668	1	14	14	0.01
L	4221884303	4221884303	1	14	14	0.01
L	4222942022	4222942022	1	14	14	0.01
L	4228167664	4228167664	1	14	14	0.01
L	4228753191	4228753191	1	14	14	0.01
L	4231972925	4231972925	1	14	14	0.01
L	4231884558	4231884558	1	14	14	0.01
L	4234391648	4234391648	1	14	14	0.01
L	4234749681	4234749681	1	14	14	0.01
L	4235380323	4235380323	1	14	14	0.01
L	2329603998	2329603998	1	15	15	0.01
L	2339441266	2339441266	1	15	15	0.01
L	4023331328	4023331328	1	15	15	0.01
L	3781404307	3781404307	1	15	15	0.01
L	3770086692	3770086692	1	15	15	0.01
L	3769957607	3769957607	1	15	15	0.01
L	3769367196	3769367196	1	15	15	0.01
L	3767466729	3767466729	1	15	15	0.01
L	3764460442	3764460442	1	15	15	0.01
L	3761931438	3761931438	1	15	15	0.01
L	3761911208	3761911208	1	15	15	0.01
L	3760510845	3760510845	1	15	15	0.01
L	3750675660	3750675660	1	15	15	0.01
L	3740721262	3740721262	1	15	15	0.01
L	3719557829	3719557829	1	15	15	0.01
L	3718938124	3718938124	1	15	15	0.01
L	3716647347	3716647347	1	15	15	0.01
L	3713419631	3713419631	1	15	15	0.01
L	3713078270	3713078270	1	15	15	0.01
L	3712444698	3712444698	1	15	15	0.01
L	3706806331	3706806331	1	15	15	0.01
L	3706750406	3706750406	1	15	15	0.01
L	3705894677	3705894677	1	15	15	0.01
L	3704614779	3704614779	1	15	15	0.01
L	3702574384	3702574384	1	15	15	0.01
L	3701917341	3701917341	1	15	15	0.01
L	3701854394	3701854394	1	15	15	0.01
L	3701564408	3701564408	1	15	15	0.01
L	3700037192	3700037192	1	15	15	0.01
L	3698675644	3698675644	1	15	15	0.01
L	3698265835	3698265835	1	15	15	0.01
L	3687917282	3687917282	1	15	15	0.01
L	3687098689	3687098689	1	15	15	0.01
L	3686737736	3686737736	1	15	15	0.01
L	3685740411	3685740411	1	15	15	0.01
L	3683140231	3683140231	1	15	15	0.01
L	3680750028	3680750028	1	15	15	0.01
L	3679761064	3679761064	1	15	15	0.01
L	3678426791	3678426791	1	15	15	0.01
L	3678210727	3678210727	1	15	15	0.01
L	3671105626	3671105626	1	15	15	0.01
L	3670529691	3670529691	1	15	15	0.01
L	3669065076	3669065076	1	15	15	0.01
L	3663112994	3663112994	1	15	15	0.01
L	3660482432	3660482432	1	15	15	0.01
L	3658187010	3658187010	1	15	15	0.01
L	3658040961	3658040961	1	15	15	0.01
L	3642652922	3642652922	1	16	16	0.01
L	3643272659	3643272659	1	16	16	0.01
L	3643560429	3643560429	1	16	16	0.01
L	3539593682	3539593682	1	16	16	0.01
L	3539748509	3539748509	1	16	16	0.01
L	3540102717	3540102717	1	16	16	0.01
L	3547381261	3547381261	1	16	16	0.01
L	3554936548	3554936548	1	16	16	0.01
L	3555138581	3555138581	1	16	16	0.01
L	3555222831	3555222831	1	16	16	0.01
L	3555760429	3555760429	1	16	16	0.01
L	3558730695	3558730695	1	16	16	0.01
L	2771647348	2771647348	1	16	16	0.01
L	3571988139	3571988139	1	16	16	0.01
L	3573717020	3573717020	1	16	16	0.01
L	3580143620	3580143620	1	16	16	0.01
L	3584680241	3584680241	1	16	16	0.01
L	3586600130	3586600130	1	16	16	0.01
L	3589391923	3589391923	1	16	16	0.01
L	3589476610	3589476610	1	16	16	0.01
L	3589522697	3589522697	1	16	16	0.01
L	3601866316	3601866316	1	16	16	0.01
L	3601995354	3601995354	1	16	16	0.01
L	3602955338	3602955338	1	16	16	0.01
L	3608210151	3608210151	1	16	16	0.01
L	3609546826	3609546826	1	16	16	0.01
L	3609631535	3609631535	1	16	16	0.01
L	3609667218	3609667218	1	16	16	0.01
L	3609934700	3609934700	1	16	16	0.01
L	3579962838	3579962838	1	16	16	0.01
L	3638842770	3638842770	1	16	16	0.01
L	3519224929	3519224929	1	16	16	0.01
L	3514650237	3514650237	1	16	16	0.01
L	3501843501	3501843501	1	16	16	0.01
L	3480659321	3480659321	1	16	16	0.01
L	3480595430	3480595430	1	16	16	0.01
L	3480564100	3480564100	1	16	16	0.01
L	3479409267	3479409267	1	16	16	0.01
L	3403327552	3403327552	1	16	16	0.01
L	3407848220	3407848220	1	16	16	0.01
L	3416299698	3416299698	1	16	16	0.01
L	3425888998	3425888998	1	16	16	0.01
L	3425950354	3425950354	1	16	16	0.01
L	3429000513	3429000513	1	16	16	0.01
L	3430094503	3430094503	1	16	16	0.01
L	3430211340	3430211340	1	16	16	0.01
L	3430260133	3430260133	1	16	16	0.01
L	3430320071	3430320071	1	16	16	0.01
L	3430364710	3430364710	1	16	16	0.01
L	3439135490	3439135490	1	16	16	0.01
L	3441356621	3441356621	1	16	16	0.01
L	3443224375	3443224375	1	16	16	0.01
L	3444570110	3444570110	1	16	16	0.01
L	3451975650	3451975650	1	16	16	0.01
L	3452067064	3452067064	1	16	16	0.01
L	2350449402	2350449402	1	17	17	0.01
L	2356091992	2356091992	1	17	17	0.01
L	2356463561	2356463561	1	17	17	0.01
L	2363401027	2363401027	1	17	17	0.01
L	2374059322	2374059322	1	17	17	0.01
L	2377641408	2377641408	1	17	17	0.01
L	2387096628	2387096628	1	17	17	0.01
L	2398137065	2398137065	1	17	17	0.01
L	2407890177	2407890177	1	17	17	0.01
L	2412486287	2412486287	1	17	17	0.01
L	2425894975	2425894975	1	17	17	0.01
L	2462528091	2462528091	1	17	17	0.01
L	2464465938	2464465938	1	17	17	0.01
L	2465633109	2465633109	1	17	17	0.01
L	2473033146	2473033146	1	17	17	0.01
L	2483983644	2483983644	1	17	17	0.01
L	2485499568	2485499568	1	17	17	0.01
L	2494731185	2494731185	1	17	17	0.01
L	2497033608	2497033608	1	17	17	0.01
L	2502554153	2502554153	1	17	17	0.01
L	2522434262	2522434262	1	17	17	0.01
L	2527568113	2527568113	1	17	17	0.01
L	2530246354	2530246354	1	17	17	0.01
L	2531027235	2531027235	1	17	17	0.01
L	2531157068	2531157068	1	17	17	0.01
L	2533493146	2533493146	1	17	17	0.01
L	2533728851	2533728851	1	17	17	0.01
L	2535497705	2535497705	1	17	17	0.01
L	2539583939	2539583939	1	17	17	0.01
L	3996826289	3996826289	1	17	17	0.01
L	3996736549	3996736549	1	17	17	0.01
L	3994875808	3994875808	1	17	17	0.01
L	4016766905	4016766905	1	17	17	0.01
L	4016444530	4016444530	1	17	17	0.01
L	4016022182	4016022182	1	17	17	0.01
L	4013927039	4013927039	1	17	17	0.01
L	4013428006	4013428006	1	17	17	0.01
L	4011456330	4011456330	1	17	17	0.01
L	4005088493	4005088493	1	17	17	0.01
L	3999325132	3999325132	1	17	17	0.01
L	3999046260	3999046260	1	17	17	0.01
L	4017898988	4017898988	1	17	17	0.01
L	4018283717	4018283717	1	17	17	0.01
L	4018344738	4018344738	1	17	17	0.01
L	4018597642	4018597642	1	17	17	0.01
L	4019273840	4019273840	1	17	17	0.01
L	4020077657	4020077657	1	17	17	0.01
L	4020642307	4020642307	1	17	17	0.01
L	4021693236	4021693236	1	17	17	0.01
L	4023433167	4023433167	1	17	17	0.01
L	4027785400	4027785400	1	17	17	0.01
L	4027878656	4027878656	1	17	17	0.01
L	4032876764	4032876764	1	17	17	0.01
L	4032928435	4032928435	1	17	17	0.01
L	4032998055	4032998055	1	17	17	0.01
L	2993356	2993356	1	18	18	0.01
L	10782729	10782729	1	18	18	0.01
L	15039935	15039935	1	18	18	0.01
L	15247711	15247711	1	18	18	0.01
L	27327764	27327764	1	18	18	0.01
L	33439845	33439845	1	18	18	0.01
L	38439002	38439002	1	18	18	0.01
L	62504333	62504333	1	18	18	0.01
L	60627820	60627820	1	18	18	0.01
L	54994473	54994473	1	18	18	0.01
L	47321672	47321672	1	18	18	0.01
L	46053058	46053058	1	18	18	0.01
L	41181838	41181838	1	18	18	0.01
L	80216384	80216384	1	18	18	0.01
L	102352357	102352357	1	18	18	0.01
L	110292647	110292647	1	18	18	0.01
L	113543031	113543031	1	18	18	0.01
L	115269655	115269655	1	18	18	0.01
L	126932515	126932515	1	18	18	0.01
L	143564099	143564099	1	18	18	0.01
L	152122639	152122639	1	18	18	0.01
L	153288724	153288724	1	18	18	0.01
L	169186029	169186029	1	18	18	0.01
L	169232240	169232240	1	18	18	0.01
L	173171306	173171306	1	18	18	0.01
L	173284544	173284544	1	18	18	0.01
L	173330446	173330446	1	18	18	0.01
L	177498182	177498182	1	18	18	0.01
L	178642929	178642929	1	18	18	0.01
L	3647095431	3647095431	1	19	19	0.01
L	2129486731	2129486731	1	19	19	0.01
L	2137043817	2137043817	1	19	19	0.01
L	3552258116	3552258116	1	19	19	0.01
L	2166222583	2166222583	1	19	19	0.01
L	2167118444	2167118444	1	19	19	0.01
L	2168193569	2168193569	1	19	19	0.01
L	2175741321	2175741321	1	19	19	0.01
L	2180988501	2180988501	1	19	19	0.01
L	2181365671	2181365671	1	19	19	0.01
L	2185316720	2185316720	1	19	19	0.01
L	2188104952	2188104952	1	19	19	0.01
L	2200722359	2200722359	1	19	19	0.01
L	2203852946	2203852946	1	19	19	0.01
L	2204288303	2204288303	1	19	19	0.01
L	2204384494	2204384494	1	19	19	0.01
L	2210760520	2210760520	1	19	19	0.01
L	2212784545	2212784545	1	19	19	0.01
L	2213059940	2213059940	1	19	19	0.01
L	2214678389	2214678389	1	19	19	0.01
L	2215827011	2215827011	1	19	19	0.01
L	2218684152	2218684152	1	19	19	0.01
L	2242468447	2242468447	1	19	19	0.01
L	2243079405	2243079405	1	19	19	0.01
L	2245921840	2245921840	1	19	19	0.01
L	2247351372	2247351372	1	19	19	0.01
L	2247844499	2247844499	1	19	19	0.01
L	2254116906	2254116906	1	19	19	0.01
L	2261606520	2261606520	1	19	19	0.01
L	2267466460	2267466460	1	19	19	0.01
L	2007575197	2007575197	1	20	20	0.01
L	2001440862	2001440862	1	20	20	0.01
L	2001524355	2001524355	1	20	20	0.01
L	2090642831	2090642831	1	20	20	0.01
L	2090612384	2090612384	1	20	20	0.01
L	2090324894	2090324894	1	20	20	0.01
L	2203947808	2203947808	1	20	20	0.01
L	2090158225	2090158225	1	20	20	0.01
L	2089984686	2089984686	1	20	20	0.01
L	4541744296	4541744296	1	20	20	0.01
L	2085239723	2085239723	1	20	20	0.01
L	2075916385	2075916385	1	20	20	0.01
L	2072938079	2072938079	1	20	20	0.01
L	2068981178	2068981178	1	20	20	0.01
L	2068449760	2068449760	1	20	20	0.01
L	2061565535	2061565535	1	20	20	0.01
L	2061520318	2061520318	1	20	20	0.01
L	2059492007	2059492007	1	20	20	0.01
L	2056768992	2056768992	1	20	20	0.01
L	2051285134	2051285134	1	20	20	0.01
L	2044908211	2044908211	1	20	20	0.01
L	2044886292	2044886292	1	20	20	0.01
L	2041717631	2041717631	1	20	20	0.01
L	2037848517	2037848517	1	20	20	0.01
L	2027528389	2027528389	1	20	20	0.01
L	2027460338	2027460338	1	20	20	0.01
L	2025480064	2025480064	1	20	20	0.01
L	2022753103	2022753103	1	20	20	0.01
L	2018743378	2018743378	1	20	20	0.01
L	2021300070	2021300070	1	20	20	0.01
L	1964752310	1964752310	1	20	20	0.01
L	1971191991	1971191991	1	20	20	0.01
L	1971047852	1971047852	1	20	20	0.01
L	1969659724	1969659724	1	20	20	0.01
L	1969112279	1969112279	1	20	20	0.01
L	4438509700	4438509700	1	21	21	0.01
L	4431667711	4431667711	1	21	21	0.01
L	4431209140	4431209140	1	21	21	0.01
L	4428238074	4428238074	1	21	21	0.01
L	4426486021	4426486021	1	21	21	0.01
L	4424979253	4424979253	1	21	21	0.01
L	4424957420	4424957420	1	21	21	0.01
L	4423996563	4423996563	1	21	21	0.01
L	4422776358	4422776358	1	21	21	0.01
L	4406973565	4406973565	1	21	21	0.01
L	4404900551	4404900551	1	21	21	0.01
L	4394097291	4394097291	1	21	21	0.01
L	4396313348	4396313348	1	21	21	0.01
L	4392999766	4392999766	1	21	21	0.01
L	4387289882	4387289882	1	21	21	0.01
L	4387090712	4387090712	1	21	21	0.01
L	4375024178	4375024178	1	21	21	0.01
L	4370774516	4370774516	1	21	21	0.01
L	4245379968	4245379968	1	22	22	0.01
L	4260322139	4260322139	1	22	22	0.01
L	4259955435	4259955435	1	22	22	0.01
L	4259850229	4259850229	1	22	22	0.01
L	4258976725	4258976725	1	22	22	0.01
L	4258854777	4258854777	1	22	22	0.01
L	4258669327	4258669327	1	22	22	0.01
L	4257633754	4257633754	1	22	22	0.01
L	4261351650	4261351650	1	22	22	0.01
L	4261415135	4261415135	1	22	22	0.01
L	4277162302	4277162302	1	22	22	0.01
L	4277806611	4277806611	1	22	22	0.01
L	4277897362	4277897362	1	22	22	0.01
L	4321279704	4321279704	1	22	22	0.01
L	4322292364	4322292364	1	22	22	0.01
L	4326274438	4326274438	1	22	22	0.01
L	4327325265	4327325265	1	22	22	0.01
L	4309893677	4309893677	1	22	22	0.01
L	4309409509	4309409509	1	22	22	0.01
L	4334278672	4334278672	1	22	22	0.01
L	4336063074	4336063074	1	22	22	0.01
L	4335411801	4335411801	1	22	22	0.01
L	4365140797	4365140797	1	22	22	0.01
L	3941561466	3941561466	1	23	23	0.01
L	3941668000	3941668000	1	23	23	0.01
L	3946657590	3946657590	1	23	23	0.01
L	3966476286	3966476286	1	23	23	0.01
L	3966521673	3966521673	1	23	23	0.01
L	3968702713	3968702713	1	23	23	0.01
L	3939941673	3939941673	1	23	23	0.01
L	3939616243	3939616243	1	23	23	0.01
L	3934627002	3934627002	1	23	23	0.01
L	4425020064	4425020064	1	23	23	0.01
L	3889355222	3889355222	1	23	23	0.01
L	1965832472	1965832472	1	23	23	0.01
L	3863980828	3863980828	1	23	23	0.01
L	3863111774	3863111774	1	23	23	0.01
L	3861099966	3861099966	1	23	23	0.01
L	3842487204	3842487204	1	23	23	0.01
L	3837458049	3837458049	1	23	23	0.01
L	3832436389	3832436389	1	23	23	0.01
L	524261172	524261172	1	24	24	0.01
L	543777005	543777005	1	24	24	0.01
L	544549187	544549187	1	24	24	0.01
L	546433501	546433501	1	24	24	0.01
L	547489545	547489545	1	24	24	0.01
L	942076649	942076649	1	25	25	0.01
L	945194478	945194478	1	25	25	0.01
L	945228958	945228958	1	25	25	0.01
L	946973135	946973135	1	25	25	0.01
L	949989154	949989154	1	25	25	0.01
L	957168734	957168734	1	25	25	0.01
L	964437299	964437299	1	25	25	0.01
L	974023521	974023521	1	25	25	0.01
L	935490018	935490018	1	25	25	0.01
L	933012109	933012109	1	25	25	0.01
L	931858470	931858470	1	25	25	0.01
L	931628978	931628978	1	25	25	0.01
L	929924997	929924997	1	25	25	0.01
L	928917873	928917873	1	25	25	0.01
L	927774424	927774424	1	25	25	0.01
L	927526529	927526529	1	25	25	0.01
L	925877039	925877039	1	25	25	0.01
L	917101668	917101668	1	25	25	0.01
L	916047085	916047085	1	25	25	0.01
L	915757826	915757826	1	25	25	0.01
L	914191626	914191626	1	25	25	0.01
L	2592733239	2592733239	1	25	25	0.01
L	906590710	906590710	1	25	25	0.01
L	906480927	906480927	1	25	25	0.01
L	899992164	899992164	1	25	25	0.01
L	894876645	894876645	1	25	25	0.01
L	893446279	893446279	1	25	25	0.01
L	891193737	891193737	1	25	25	0.01
L	882792058	882792058	1	25	25	0.01
L	882605778	882605778	1	25	25	0.01
L	882099047	882099047	1	25	25	0.01
L	3339006566	3339006566	1	26	26	0.01
L	3354460421	3354460421	1	26	26	0.01
L	3360475882	3360475882	1	26	26	0.01
L	1836439968	1836439968	1	26	26	0.01
L	3368141107	3368141107	1	26	26	0.01
L	3369749849	3369749849	1	26	26	0.01
L	3371413525	3371413525	1	26	26	0.01
L	3377032401	3377032401	1	26	26	0.01
L	3380846763	3380846763	1	26	26	0.01
L	3381304013	3381304013	1	26	26	0.01
L	3384844576	3384844576	1	26	26	0.01
L	3389511800	3389511800	1	26	26	0.01
L	3973325522	3973325522	1	27	27	0.01
L	3974198467	3974198467	1	27	27	0.01
L	3974227054	3974227054	1	27	27	0.01
L	3974283059	3974283059	1	27	27	0.01
L	3972021156	3972021156	1	27	27	0.01
L	3979416054	3979416054	1	27	27	0.01
L	2551353376	2551353376	1	27	27	0.01
L	2551416096	2551416096	1	27	27	0.01
L	2553766907	2553766907	1	27	27	0.01
L	2553782493	2553782493	1	27	27	0.01
L	2556338170	2556338170	1	27	27	0.01
L	2557987761	2557987761	1	27	27	0.01
L	2560661870	2560661870	1	27	27	0.01
L	2562043368	2562043368	1	27	27	0.01
L	2563176373	2563176373	1	27	27	0.01
L	2564428061	2564428061	1	27	27	0.01
L	2564888342	2564888342	1	27	27	0.01
L	2568423965	2568423965	1	27	27	0.01
L	2574660648	2574660648	1	27	27	0.01
L	2759489466	2759489466	1	28	28	0.01
L	4936760259	4936760259	1	28	28	0.01
L	4939183500	4939183500	1	28	28	0.01
L	4940562853	4940562853	1	28	28	0.01
L	4953262098	4953262098	1	28	28	0.01
L	4971534900	4971534900	1	28	28	0.01
L	4985773265	4985773265	1	28	28	0.01
L	4986840367	4986840367	1	28	28	0.01
L	5023385504	5023385504	1	28	28	0.01
L	5086077735	5086077735	1	28	28	0.01
L	5092213790	5092213790	1	28	28	0.01
L	5118777650	5118777650	1	28	28	0.01
L	5122535719	5122535719	1	28	28	0.01
L	5149058024	5149058024	1	28	28	0.01
L	5150004168	5150004168	1	28	28	0.01
L	5163781823	5163781823	1	28	28	0.01
L	5167504304	5167504304	1	28	28	0.01
L	5173805121	5173805121	1	28	28	0.01
L	5179054871	5179054871	1	28	28	0.01
A1	1	517358904	1	1		1
A2	517358905	881621456	1	1		1
A3	881621457	1183034306	1	1		1
B1	1183034307	1627036001	1	1		1
B2	1627036002	1956302884	1	1		1
B3	1956302885	2271241472	1	1		1
B4	2271241473	2575845542	1	1		1
C1	2575845543	3052124005	1	1		1
C2	3052124006	3394699651	1	1		1
D1	3394699652	3644130906	1	1		1
D2	3644130907	3832208623	1	1		1
D3	3832208624	4033641040	1	1		1
D4	4033641041	4235067788	1	1		1
E1	4235067789	4365845239	1	1		1
E2	4365845240	4498547939	1	1		1
E3	4498547940	4587034989	1	1		1
F1	4587034990	4735925662	1	1		1
F2	4735925663	4915419483	1	1		1
X	4915419484	5178571776	1	1		1
