name	start	end	strand	col	fill	lwd
1	1	250570191	1	4	4	0.1
2	250570192	483202705	1	4	4	0.1
3	483202706	802864426	1	4	4	0.1
4	802864427	1006383452	1	4	4	0.1
5	1006383453	1241831873	1	4	4	0.1
6	1241831874	1494018944	1	4	4	0.1
7	1494018945	1910380511	1	4	4	0.1
8	1910380512	2067602942	1	4	4	0.1
9	2067602943	2286218974	1	4	4	0.1
10	2286218975	2493640250	1	4	4	0.1
11	2493640251	2716900496	1	4	4	0.1
12	2716900497	2952294630	1	4	4	0.1
13	2952294631	3154065806	1	4	4	0.1
14	3154065807	3397470857	1	4	4	0.1
15	3397470858	3642321113	1	4	4	0.1
16	3642321114	3860259708	1	4	4	0.1
17	3860259709	4100399264	1	4	4	0.1
18	4100399265	4318646701	1	4	4	0.1
19	4318646702	4506521535	1	4	4	0.1
20	4506521536	4698076936	1	4	4	0.1
22	4698076937	4911204152	1	4	4	0.1
23	4911204153	5178571772	1	4	4	0.1
1	1	250570191	1	1	4	0.1
2	250570192	483202705	1	1	4	0.1
3	483202706	802864426	1	1	4	0.1
4	802864427	1006383452	1	1	4	0.1
5	1006383453	1241831873	1	1	4	0.1
6	1241831874	1494018944	1	1	4	0.1
7	1494018945	1910380511	1	1	4	0.1
8	1910380512	2067602942	1	1	4	0.1
9	2067602943	2286218974	1	1	4	0.1
10	2286218975	2493640250	1	1	4	0.1
11	2493640251	2716900496	1	1	4	0.1
12	2716900497	2952294630	1	1	4	0.1
13	2952294631	3154065806	1	1	4	0.1
14	3154065807	3397470857	1	1	4	0.1
15	3397470858	3642321113	1	1	4	0.1
16	3642321114	3860259708	1	1	4	0.1
17	3860259709	4100399264	1	1	4	0.1
18	4100399265	4318646701	1	1	4	0.1
19	4318646702	4506521535	1	1	4	0.1
20	4506521536	4698076936	1	1	4	0.1
22	4698076937	4911204152	1	1	4	0.1
23	4911204153	5178571772	1	1	4	0.1
L	1120600010	1120600010	1	6	6	0.01
L	4548374707	4548374707	1	6	6	0.01
L	1156672021	1156672021	1	6	6	0.01
L	4549119902	4549119902	1	6	6	0.01
L	4637736612	4637736612	1	6	6	0.01
L	4656765970	4656765970	1	6	6	0.01
L	4578112076	4578112076	1	6	6	0.01
L	4657066534	4657066534	1	6	6	0.01
L	4656958544	4656958544	1	6	6	0.01
L	4642070912	4642070912	1	6	6	0.01
L	4641859237	4641859237	1	6	6	0.01
L	4641776504	4641776504	1	6	6	0.01
L	4582717714	4582717714	1	6	6	0.01
L	1111533972	1111533972	1	6	6	0.01
L	4668610466	4668610466	1	6	6	0.01
L	4667893930	4667893930	1	6	6	0.01
L	4665384673	4665384673	1	6	6	0.01
L	4665026615	4665026615	1	6	6	0.01
L	4634721411	4634721411	1	6	6	0.01
L	4636771979	4636771979	1	6	6	0.01
L	1111175798	1111175798	1	6	6	0.01
L	4635636207	4635636207	1	6	6	0.01
L	1127989931	1127989931	1	6	6	0.01
L	4628037653	4628037653	1	6	6	0.01
L	4633539746	4633539746	1	6	6	0.01
L	4635738176	4635738176	1	6	6	0.01
L	1063245357	1063245357	1	6	6	0.01
L	1236244893	1236244893	1	6	6	0.01
L	4448499264	4448499264	1	6	6	0.01
L	4454554806	4454554806	1	6	6	0.01
L	4454337141	4454337141	1	6	6	0.01
L	2539669055	2539669055	1	6	6	0.01
L	2657285620	2657285620	1	6	6	0.01
L	2539131639	2539131639	1	6	6	0.01
L	2539302974	2539302974	1	6	6	0.01
L	4857159091	4857159091	1	6	6	0.01
L	2539458865	2539458865	1	6	6	0.01
L	2646482233	2646482233	1	6	6	0.01
L	2646017762	2646017762	1	6	6	0.01
L	2538446897	2538446897	1	6	6	0.01
L	4876401976	4876401976	1	6	6	0.01
L	4753051365	4753051365	1	6	6	0.01
L	4753554710	4753554710	1	6	6	0.01
L	4746041879	4746041879	1	6	6	0.01
L	4391245551	4391245551	1	6	6	0.01
L	2650062584	2650062584	1	6	6	0.01
L	4752421287	4752421287	1	6	6	0.01
L	2651201272	2651201272	1	6	6	0.01
L	2646701018	2646701018	1	6	6	0.01
L	4841799556	4841799556	1	6	6	0.01
L	4824095031	4824095031	1	6	6	0.01
L	3934746454	3934746454	1	6	6	0.01
L	5001703449	5001703449	1	6	6	0.01
L	3634852026	3634852026	1	6	6	0.01
L	4915337411	4915337411	1	6	6	0.01
L	4277165448	4277165448	1	6	6	0.01
L	4278357133	4278357133	1	6	6	0.01
L	4923519723	4923519723	1	6	6	0.01
L	4277183551	4277183551	1	6	6	0.01
L	4949712474	4949712474	1	6	6	0.01
L	3891136520	3891136520	1	6	6	0.01
L	3881160611	3881160611	1	6	6	0.01
L	3896110954	3896110954	1	6	6	0.01
L	4950176264	4950176264	1	6	6	0.01
L	5002159702	5002159702	1	6	6	0.01
L	4169404609	4169404609	1	6	6	0.01
L	4169459663	4169459663	1	6	6	0.01
L	4169469944	4169469944	1	6	6	0.01
L	4287159223	4287159223	1	6	6	0.01
L	4956434722	4956434722	1	6	6	0.01
L	4956075465	4956075465	1	6	6	0.01
L	4953452424	4953452424	1	6	6	0.01
L	4953409526	4953409526	1	6	6	0.01
L	3937480584	3937480584	1	6	6	0.01
L	3939100386	3939100386	1	6	6	0.01
L	4253693616	4253693616	1	6	6	0.01
L	4914487135	4914487135	1	6	6	0.01
L	3628345276	3628345276	1	6	6	0.01
L	4188769983	4188769983	1	6	6	0.01
L	3933627349	3933627349	1	6	6	0.01
L	3932917995	3932917995	1	6	6	0.01
L	4995494785	4995494785	1	6	6	0.01
L	4245907500	4245907500	1	6	6	0.01
L	4245397087	4245397087	1	6	6	0.01
L	2091645401	2091645401	1	6	6	0.01
L	3924784729	3924784729	1	6	6	0.01
L	4674043059	4674043059	1	6	6	0.01
L	4578323514	4578323514	1	6	6	0.01
L	4595869944	4595869944	1	6	6	0.01
L	3683873959	3683873959	1	6	6	0.01
L	3684030623	3684030623	1	6	6	0.01
L	3685079596	3685079596	1	6	6	0.01
L	4298717461	4298717461	1	6	6	0.01
L	4256837565	4256837565	1	6	6	0.01
L	2289899735	2289899735	1	6	6	0.01
L	4987683545	4987683545	1	6	6	0.01
L	4928670381	4928670381	1	6	6	0.01
L	3886983763	3886983763	1	6	6	0.01
L	4952908439	4952908439	1	6	6	0.01
L	5137920220	5137920220	1	6	6	0.01
L	4922172385	4922172385	1	6	6	0.01
L	4283568183	4283568183	1	6	6	0.01
L	3886034750	3886034750	1	6	6	0.01
L	4086848775	4086848775	1	6	6	0.01
L	3913881119	3913881119	1	6	6	0.01
L	3914415491	3914415491	1	6	6	0.01
L	1152589712	1152589712	1	6	6	0.01
L	1075730693	1075730693	1	6	6	0.01
L	1125777177	1125777177	1	6	6	0.01
L	1063026066	1063026066	1	6	6	0.01
L	3472475528	3472475528	1	6	6	0.01
L	3472914876	3472914876	1	6	6	0.01
L	3473461150	3473461150	1	6	6	0.01
L	4414637662	4414637662	1	6	6	0.01
L	146893468	146893468	1	6	6	0.01
L	3476533785	3476533785	1	6	6	0.01
L	3450490880	3450490880	1	6	6	0.01
L	4193378427	4193378427	1	6	6	0.01
L	3065527909	3065527909	1	6	6	0.01
L	3502731333	3502731333	1	6	6	0.01
L	3502484630	3502484630	1	6	6	0.01
L	3003440137	3003440137	1	6	6	0.01
L	3002268802	3002268802	1	6	6	0.01
L	3004356369	3004356369	1	6	6	0.01
L	3004238159	3004238159	1	6	6	0.01
L	3077734475	3077734475	1	6	6	0.01
L	3530846482	3530846482	1	6	6	0.01
L	3452583390	3452583390	1	7	7	0.01
L	4459079306	4459079306	1	7	7	0.01
L	4459101373	4459101373	1	7	7	0.01
L	4461583967	4461583967	1	7	7	0.01
L	4403821035	4403821035	1	7	7	0.01
L	3470543176	3470543176	1	7	7	0.01
L	4392771201	4392771201	1	7	7	0.01
L	3462688607	3462688607	1	7	7	0.01
L	4400545380	4400545380	1	7	7	0.01
L	4392899060	4392899060	1	7	7	0.01
L	2975266390	2975266390	1	7	7	0.01
L	3080215638	3080215638	1	7	7	0.01
L	3080353955	3080353955	1	7	7	0.01
L	3080411657	3080411657	1	7	7	0.01
L	3081098426	3081098426	1	7	7	0.01
L	3113334095	3113334095	1	7	7	0.01
L	1970819699	1970819699	1	7	7	0.01
L	3084168103	3084168103	1	7	7	0.01
L	1469859766	1469859766	1	7	7	0.01
L	1882312429	1882312429	1	7	7	0.01
L	3098023952	3098023952	1	7	7	0.01
L	1468356341	1468356341	1	7	7	0.01
L	3093456664	3093456664	1	7	7	0.01
L	99477458	99477458	1	7	7	0.01
L	99432277	99432277	1	7	7	0.01
L	3709621852	3709621852	1	7	7	0.01
L	366769455	366769455	1	7	7	0.01
L	263420542	263420542	1	7	7	0.01
L	4340262327	4340262327	1	7	7	0.01
L	5148375660	5148375660	1	7	7	0.01
L	5145292877	5145292877	1	7	7	0.01
L	3733557741	3733557741	1	7	7	0.01
L	3733424543	3733424543	1	7	7	0.01
L	5053333315	5053333315	1	7	7	0.01
L	89135668	89135668	1	7	7	0.01
L	3792497595	3792497595	1	7	7	0.01
L	3787212566	3787212566	1	7	7	0.01
L	3820456215	3820456215	1	7	7	0.01
L	3840816561	3840816561	1	7	7	0.01
L	3798962111	3798962111	1	7	7	0.01
L	3799171832	3799171832	1	7	7	0.01
L	5107369172	5107369172	1	7	7	0.01
L	3702107420	3702107420	1	7	7	0.01
L	3761481614	3761481614	1	7	7	0.01
L	3760915739	3760915739	1	7	7	0.01
L	3102414110	3102414110	1	7	7	0.01
L	3756543892	3756543892	1	7	7	0.01
L	3110255945	3110255945	1	7	7	0.01
L	3712976587	3712976587	1	7	7	0.01
L	3111055044	3111055044	1	7	7	0.01
L	3821480632	3821480632	1	7	7	0.01
L	3820645556	3820645556	1	7	7	0.01
L	5061741249	5061741249	1	7	7	0.01
L	470839725	470839725	1	7	7	0.01
L	3819184767	3819184767	1	7	7	0.01
L	4266396740	4266396740	1	7	7	0.01
L	5091764730	5091764730	1	7	7	0.01
L	5075861393	5075861393	1	7	7	0.01
L	3755364077	3755364077	1	7	7	0.01
L	5144365414	5144365414	1	7	7	0.01
L	5043273662	5043273662	1	7	7	0.01
L	3704947469	3704947469	1	7	7	0.01
L	3783976875	3783976875	1	7	7	0.01
L	75465423	75465423	1	7	7	0.01
L	3774725282	3774725282	1	7	7	0.01
L	5144211422	5144211422	1	7	7	0.01
L	3350213361	3350213361	1	7	7	0.01
L	3315419445	3315419445	1	7	7	0.01
L	3394344562	3394344562	1	7	7	0.01
L	4993220853	4993220853	1	7	7	0.01
L	1193976313	1193976313	1	8	8	0.01
L	1104705414	1104705414	1	8	8	0.01
L	1131063510	1131063510	1	8	8	0.01
L	1224427175	1224427175	1	8	8	0.01
L	1218297903	1218297903	1	8	8	0.01
L	1126283560	1126283560	1	8	8	0.01
L	4645893960	4645893960	1	8	8	0.01
L	1136830073	1136830073	1	8	8	0.01
L	2668976368	2668976368	1	8	8	0.01
L	2669545949	2669545949	1	8	8	0.01
L	4820670839	4820670839	1	8	8	0.01
L	4900660469	4900660469	1	8	8	0.01
L	4804318310	4804318310	1	8	8	0.01
L	2994300789	2994300789	1	8	8	0.01
L	4267186014	4267186014	1	8	8	0.01
L	4764781102	4764781102	1	8	8	0.01
L	2540410964	2540410964	1	8	8	0.01
L	2605908337	2605908337	1	8	8	0.01
L	1094121950	1094121950	1	8	8	0.01
L	4646107992	4646107992	1	8	8	0.01
L	4646529979	4646529979	1	8	8	0.01
L	1135110420	1135110420	1	8	8	0.01
L	1190182400	1190182400	1	8	8	0.01
L	1105542109	1105542109	1	8	8	0.01
L	1136447885	1136447885	1	8	8	0.01
L	1096182264	1096182264	1	8	8	0.01
L	1173539802	1173539802	1	8	8	0.01
L	1173623266	1173623266	1	8	8	0.01
L	1176979097	1176979097	1	8	8	0.01
L	1179985325	1179985325	1	8	8	0.01
L	3787633561	3787633561	1	8	8	0.01
L	3787728079	3787728079	1	8	8	0.01
L	3788465429	3788465429	1	8	8	0.01
L	3790060930	3790060930	1	8	8	0.01
L	2200770867	2200770867	1	8	8	0.01
L	3629370387	3629370387	1	8	8	0.01
L	90601284	90601284	1	8	8	0.01
L	3734166494	3734166494	1	8	8	0.01
L	4118937512	4118937512	1	8	8	0.01
L	2144620342	2144620342	1	8	8	0.01
L	5166475881	5166475881	1	8	8	0.01
L	3662055971	3662055971	1	8	8	0.01
L	3805154625	3805154625	1	8	8	0.01
L	2175137763	2175137763	1	8	8	0.01
L	3335083258	3335083258	1	8	8	0.01
L	5101033641	5101033641	1	8	8	0.01
L	3740738147	3740738147	1	8	8	0.01
L	2157555418	2157555418	1	8	8	0.01
L	3853043933	3853043933	1	8	8	0.01
L	2370050900	2370050900	1	8	8	0.01
L	3695993299	3695993299	1	8	8	0.01
L	2159311449	2159311449	1	8	8	0.01
L	3785429251	3785429251	1	8	8	0.01
L	1136386104	1136386104	1	8	8	0.01
L	1182071985	1182071985	1	8	8	0.01
L	1182167276	1182167276	1	8	8	0.01
L	2184116612	2184116612	1	8	8	0.01
L	2184145545	2184145545	1	8	8	0.01
L	4117137640	4117137640	1	8	8	0.01
L	3346251991	3346251991	1	8	8	0.01
L	3925086467	3925086467	1	8	8	0.01
L	3244224004	3244224004	1	8	8	0.01
L	3306189950	3306189950	1	8	8	0.01
L	3245578720	3245578720	1	8	8	0.01
L	3248220036	3248220036	1	8	8	0.01
L	3306563092	3306563092	1	8	8	0.01
L	3314827596	3314827596	1	8	8	0.01
L	4176013821	4176013821	1	8	8	0.01
L	4175687484	4175687484	1	8	8	0.01
L	3920229713	3920229713	1	8	8	0.01
L	3923451665	3923451665	1	8	8	0.01
L	3923737759	3923737759	1	8	8	0.01
L	4268362310	4268362310	1	8	8	0.01
L	3707870587	3707870587	1	8	8	0.01
L	5012980956	5012980956	1	8	8	0.01
L	4988248482	4988248482	1	8	8	0.01
L	4911793724	4911793724	1	8	8	0.01
L	3620422510	3620422510	1	8	8	0.01
L	3621762666	3621762666	1	8	8	0.01
L	4956683671	4956683671	1	8	8	0.01
L	3927148820	3927148820	1	8	8	0.01
L	255625842	255625842	1	9	9	0.01
L	1414952601	1414952601	1	9	9	0.01
L	1414888094	1414888094	1	9	9	0.01
L	1702374538	1702374538	1	9	9	0.01
L	2892133622	2892133622	1	9	9	0.01
L	1172417683	1172417683	1	9	9	0.01
L	1172623831	1172623831	1	9	9	0.01
L	1407311577	1407311577	1	9	9	0.01
L	1362929912	1362929912	1	9	9	0.01
L	1363039442	1363039442	1	9	9	0.01
L	1363647160	1363647160	1	9	9	0.01
L	295072805	295072805	1	9	9	0.01
L	476289004	476289004	1	9	9	0.01
L	4962817978	4962817978	1	9	9	0.01
L	4962771683	4962771683	1	9	9	0.01
L	4962092481	4962092481	1	9	9	0.01
L	4962063967	4962063967	1	9	9	0.01
L	4959411269	4959411269	1	9	9	0.01
L	4958598241	4958598241	1	9	9	0.01
L	304824638	304824638	1	9	9	0.01
L	1110206867	1110206867	1	9	9	0.01
L	1673556627	1673556627	1	9	9	0.01
L	2745806849	2745806849	1	9	9	0.01
L	1710154245	1710154245	1	9	9	0.01
L	1379340441	1379340441	1	9	9	0.01
L	1377151684	1377151684	1	9	9	0.01
L	1385093588	1385093588	1	9	9	0.01
L	1385330094	1385330094	1	9	9	0.01
L	1370105887	1370105887	1	9	9	0.01
L	1371223976	1371223976	1	9	9	0.01
L	1273155320	1273155320	1	9	9	0.01
L	262703580	262703580	1	9	9	0.01
L	1285608363	1285608363	1	9	9	0.01
L	1394260031	1394260031	1	9	9	0.01
L	1398409100	1398409100	1	9	9	0.01
L	1400818189	1400818189	1	9	9	0.01
L	1406136011	1406136011	1	9	9	0.01
L	1406413314	1406413314	1	9	9	0.01
L	1407527367	1407527367	1	9	9	0.01
L	1358913018	1358913018	1	9	9	0.01
L	1249681407	1249681407	1	9	9	0.01
L	283462764	283462764	1	9	9	0.01
L	1413548723	1413548723	1	9	9	0.01
L	2605196810	2605196810	1	10	10	0.01
L	4840432999	4840432999	1	10	10	0.01
L	2554445708	2554445708	1	10	10	0.01
L	4883329921	4883329921	1	10	10	0.01
L	4883686908	4883686908	1	10	10	0.01
L	4883784196	4883784196	1	10	10	0.01
L	4280512580	4280512580	1	10	10	0.01
L	2196297903	2196297903	1	10	10	0.01
L	2206413638	2206413638	1	10	10	0.01
L	4124434991	4124434991	1	10	10	0.01
L	2229003558	2229003558	1	10	10	0.01
L	2796470707	2796470707	1	10	10	0.01
L	2892508877	2892508877	1	10	10	0.01
L	1605736478	1605736478	1	10	10	0.01
L	4249109649	4249109649	1	10	10	0.01
L	2801373731	2801373731	1	10	10	0.01
L	2835864369	2835864369	1	10	10	0.01
L	1577423593	1577423593	1	10	10	0.01
L	2791540942	2791540942	1	10	10	0.01
L	2779203456	2779203456	1	10	10	0.01
L	1583475854	1583475854	1	10	10	0.01
L	1571326230	1571326230	1	10	10	0.01
L	2835367476	2835367476	1	10	10	0.01
L	2835191345	2835191345	1	10	10	0.01
L	2852178201	2852178201	1	10	10	0.01
L	2808813672	2808813672	1	10	10	0.01
L	2809138280	2809138280	1	10	10	0.01
L	2787443908	2787443908	1	10	10	0.01
L	2789553317	2789553317	1	10	10	0.01
L	4879430684	4879430684	1	10	10	0.01
L	3861336658	3861336658	1	10	10	0.01
L	2410858411	2410858411	1	10	10	0.01
L	2433053480	2433053480	1	10	10	0.01
L	2433538752	2433538752	1	10	10	0.01
L	401513205	401513205	1	10	10	0.01
L	426443177	426443177	1	10	10	0.01
L	2488878800	2488878800	1	10	10	0.01
L	2415381498	2415381498	1	10	10	0.01
L	262204058	262204058	1	10	10	0.01
L	2403836458	2403836458	1	10	10	0.01
L	424132423	424132423	1	10	10	0.01
L	424008351	424008351	1	10	10	0.01
L	402660696	402660696	1	10	10	0.01
L	2470396902	2470396902	1	10	10	0.01
L	397614498	397614498	1	10	10	0.01
L	2405563702	2405563702	1	10	10	0.01
L	415948747	415948747	1	10	10	0.01
L	393528360	393528360	1	10	10	0.01
L	406949706	406949706	1	10	10	0.01
L	2476616517	2476616517	1	10	10	0.01
L	2435502423	2435502423	1	10	10	0.01
L	334939363	334939363	1	10	10	0.01
L	1969699930	1969699930	1	10	10	0.01
L	4201226994	4201226994	1	5	5	0.01
L	2666084192	2666084192	1	5	5	0.01
L	4160711281	4160711281	1	5	5	0.01
L	3900195485	3900195485	1	5	5	0.01
L	4126058470	4126058470	1	5	5	0.01
L	4741447265	4741447265	1	5	5	0.01
L	2542498963	2542498963	1	5	5	0.01
L	2711869309	2711869309	1	5	5	0.01
L	4676466600	4676466600	1	5	5	0.01
L	4404178247	4404178247	1	5	5	0.01
L	4673162511	4673162511	1	5	5	0.01
L	4542448429	4542448429	1	5	5	0.01
L	3011894287	3011894287	1	5	5	0.01
L	3012520219	3012520219	1	5	5	0.01
L	3409888830	3409888830	1	5	5	0.01
L	3528359128	3528359128	1	5	5	0.01
L	3411105272	3411105272	1	5	5	0.01
L	3031108390	3031108390	1	5	5	0.01
L	3028098783	3028098783	1	5	5	0.01
L	3092181327	3092181327	1	5	5	0.01
L	3431266647	3431266647	1	5	5	0.01
L	4455601624	4455601624	1	5	5	0.01
L	3592970420	3592970420	1	5	5	0.01
L	3586892506	3586892506	1	5	5	0.01
L	3586578624	3586578624	1	5	5	0.01
L	2586450428	2586450428	1	5	5	0.01
L	2586070005	2586070005	1	5	5	0.01
L	4361721361	4361721361	1	5	5	0.01
L	3464474637	3464474637	1	5	5	0.01
L	1845695569	1845695569	1	5	5	0.01
L	3429770357	3429770357	1	5	5	0.01
L	2564580059	2564580059	1	5	5	0.01
L	3426331665	3426331665	1	5	5	0.01
L	3426666932	3426666932	1	5	5	0.01
L	3438806871	3438806871	1	5	5	0.01
L	3438099575	3438099575	1	5	5	0.01
L	3491838589	3491838589	1	5	5	0.01
L	3457689829	3457689829	1	5	5	0.01
L	3570264652	3570264652	1	5	5	0.01
L	3436871689	3436871689	1	5	5	0.01
L	3465749773	3465749773	1	5	5	0.01
L	3460129142	3460129142	1	5	5	0.01
L	4366523536	4366523536	1	5	5	0.01
L	3462295662	3462295662	1	5	5	0.01
L	890955425	890955425	1	12	12	0.01
L	864054167	864054167	1	12	12	0.01
L	857644230	857644230	1	12	12	0.01
L	857539327	857539327	1	12	12	0.01
L	1418400084	1418400084	1	12	12	0.01
L	1427523337	1427523337	1	12	12	0.01
L	941406177	941406177	1	12	12	0.01
L	2006592985	2006592985	1	12	12	0.01
L	906160366	906160366	1	12	12	0.01
L	2006386782	2006386782	1	12	12	0.01
L	2036837194	2036837194	1	12	12	0.01
L	4258770367	4258770367	1	12	12	0.01
L	2679823353	2679823353	1	12	12	0.01
L	4813152584	4813152584	1	12	12	0.01
L	4813096720	4813096720	1	12	12	0.01
L	4823702950	4823702950	1	12	12	0.01
L	4777175103	4777175103	1	12	12	0.01
L	4777131682	4777131682	1	12	12	0.01
L	4797128620	4797128620	1	12	12	0.01
L	4814620927	4814620927	1	12	12	0.01
L	4816884620	4816884620	1	12	12	0.01
L	4818454232	4818454232	1	12	12	0.01
L	905796153	905796153	1	12	12	0.01
L	4036520635	4036520635	1	12	12	0.01
L	4097637632	4097637632	1	12	12	0.01
L	3274957721	3274957721	1	12	12	0.01
L	1506625868	1506625868	1	12	12	0.01
L	4052756743	4052756743	1	12	12	0.01
L	1754682962	1754682962	1	12	12	0.01
L	4109202583	4109202583	1	12	12	0.01
L	4047588122	4047588122	1	12	12	0.01
L	4033924335	4033924335	1	12	12	0.01
L	4029800311	4029800311	1	12	12	0.01
L	1804551842	1804551842	1	12	12	0.01
L	1803487218	1803487218	1	12	12	0.01
L	4316841015	4316841015	1	12	12	0.01
L	2187473076	2187473076	1	12	12	0.01
L	2189413700	2189413700	1	12	12	0.01
L	402990868	402990868	1	13	13	0.01
L	427244748	427244748	1	13	13	0.01
L	2877786572	2877786572	1	13	13	0.01
L	1165431140	1165431140	1	13	13	0.01
L	3530128722	3530128722	1	13	13	0.01
L	1355706973	1355706973	1	13	13	0.01
L	1549034993	1549034993	1	13	13	0.01
L	4198017223	4198017223	1	13	13	0.01
L	2091156288	2091156288	1	13	13	0.01
L	4301695821	4301695821	1	13	13	0.01
L	4136711396	4136711396	1	13	13	0.01
L	2167099496	2167099496	1	13	13	0.01
L	2164380232	2164380232	1	13	13	0.01
L	2149697117	2149697117	1	13	13	0.01
L	2145278117	2145278117	1	13	13	0.01
L	4794566762	4794566762	1	13	13	0.01
L	2190943075	2190943075	1	13	13	0.01
L	2664060110	2664060110	1	13	13	0.01
L	3692028330	3692028330	1	13	13	0.01
L	2588356026	2588356026	1	13	13	0.01
L	2589480397	2589480397	1	13	13	0.01
L	1086741562	1086741562	1	13	13	0.01
L	2562049162	2562049162	1	13	13	0.01
L	4757562668	4757562668	1	13	13	0.01
L	2544652347	2544652347	1	13	13	0.01
L	2545223870	2545223870	1	13	13	0.01
L	2504132427	2504132427	1	13	13	0.01
L	2542177046	2542177046	1	13	13	0.01
L	2543314279	2543314279	1	13	13	0.01
L	2570667785	2570667785	1	13	13	0.01
L	4706687335	4706687335	1	13	13	0.01
L	2592022611	2592022611	1	13	13	0.01
L	2562798071	2562798071	1	13	13	0.01
L	4119952993	4119952993	1	13	13	0.01
L	4119208132	4119208132	1	13	13	0.01
L	1653455651	1653455651	1	14	14	0.01
L	1628338639	1628338639	1	14	14	0.01
L	1628625262	1628625262	1	14	14	0.01
L	280585167	280585167	1	14	14	0.01
L	1378850013	1378850013	1	14	14	0.01
L	1170145213	1170145213	1	14	14	0.01
L	2866354592	2866354592	1	14	14	0.01
L	2811086715	2811086715	1	14	14	0.01
L	2811226414	2811226414	1	14	14	0.01
L	1075566194	1075566194	1	14	14	0.01
L	1317512155	1317512155	1	14	14	0.01
L	2610882674	2610882674	1	14	14	0.01
L	1665532775	1665532775	1	14	14	0.01
L	1467955367	1467955367	1	14	14	0.01
L	4809710331	4809710331	1	14	14	0.01
L	1352588853	1352588853	1	14	14	0.01
L	1711390903	1711390903	1	14	14	0.01
L	1695424611	1695424611	1	14	14	0.01
L	1620915475	1620915475	1	14	14	0.01
L	4763123582	4763123582	1	14	14	0.01
L	1616330588	1616330588	1	14	14	0.01
L	1643836211	1643836211	1	14	14	0.01
L	1643871743	1643871743	1	14	14	0.01
L	1622485367	1622485367	1	14	14	0.01
L	2871606342	2871606342	1	14	14	0.01
L	1623131455	1623131455	1	14	14	0.01
L	1624008977	1624008977	1	14	14	0.01
L	1720666042	1720666042	1	14	14	0.01
L	1720734330	1720734330	1	14	14	0.01
L	1596893742	1596893742	1	14	14	0.01
L	2872820033	2872820033	1	14	14	0.01
L	1687922646	1687922646	1	14	14	0.01
L	1688787720	1688787720	1	14	14	0.01
L	677029931	677029931	1	14	14	0.01
L	1592641195	1592641195	1	14	14	0.01
L	1623818273	1623818273	1	14	14	0.01
L	815746091	815746091	1	14	14	0.01
L	1624224804	1624224804	1	14	14	0.01
L	2107975322	2107975322	1	15	15	0.01
L	2116922297	2116922297	1	15	15	0.01
L	3041645304	3041645304	1	15	15	0.01
L	3079170622	3079170622	1	15	15	0.01
L	2993815834	2993815834	1	15	15	0.01
L	2993772035	2993772035	1	15	15	0.01
L	2993603385	2993603385	1	15	15	0.01
L	143728591	143728591	1	15	15	0.01
L	2992822609	2992822609	1	15	15	0.01
L	1979122273	1979122273	1	15	15	0.01
L	1979106477	1979106477	1	15	15	0.01
L	3015061434	3015061434	1	15	15	0.01
L	1980745089	1980745089	1	15	15	0.01
L	1977630865	1977630865	1	15	15	0.01
L	2988304172	2988304172	1	15	15	0.01
L	2057641728	2057641728	1	15	15	0.01
L	696021524	696021524	1	15	15	0.01
L	2063715637	2063715637	1	15	15	0.01
L	2986942431	2986942431	1	15	15	0.01
L	2992283823	2992283823	1	15	15	0.01
L	3036747759	3036747759	1	15	15	0.01
L	3036781336	3036781336	1	15	15	0.01
L	4956055243	4956055243	1	15	15	0.01
L	3041460425	3041460425	1	15	15	0.01
L	3035469122	3035469122	1	15	15	0.01
L	3047639273	3047639273	1	15	15	0.01
L	1951311345	1951311345	1	15	15	0.01
L	3034774348	3034774348	1	15	15	0.01
L	1296886278	1296886278	1	15	15	0.01
L	3057611687	3057611687	1	15	15	0.01
L	1296862744	1296862744	1	15	15	0.01
L	1313158235	1313158235	1	15	15	0.01
L	3059916853	3059916853	1	15	15	0.01
L	1314680786	1314680786	1	15	15	0.01
L	1315327482	1315327482	1	15	15	0.01
L	1985572776	1985572776	1	15	15	0.01
L	700518606	700518606	1	15	15	0.01
L	699874545	699874545	1	15	15	0.01
L	2998855153	2998855153	1	15	15	0.01
L	2057578913	2057578913	1	15	15	0.01
L	2993748118	2993748118	1	15	15	0.01
L	2991196591	2991196591	1	15	15	0.01
L	2993218183	2993218183	1	15	15	0.01
L	1976645913	1976645913	1	15	15	0.01
L	1975257351	1975257351	1	15	15	0.01
L	3062974428	3062974428	1	15	15	0.01
L	1974053326	1974053326	1	15	15	0.01
L	1821254637	1821254637	1	16	16	0.01
L	1874427995	1874427995	1	16	16	0.01
L	1823247321	1823247321	1	16	16	0.01
L	1768847763	1768847763	1	16	16	0.01
L	114685235	114685235	1	16	16	0.01
L	114910723	114910723	1	16	16	0.01
L	110627319	110627319	1	16	16	0.01
L	1819899586	1819899586	1	16	16	0.01
L	1820962475	1820962475	1	16	16	0.01
L	1820869886	1820869886	1	16	16	0.01
L	1877895109	1877895109	1	16	16	0.01
L	243808448	243808448	1	16	16	0.01
L	243871489	243871489	1	16	16	0.01
L	101609097	101609097	1	16	16	0.01
L	100371854	100371854	1	16	16	0.01
L	139098999	139098999	1	16	16	0.01
L	1814011038	1814011038	1	16	16	0.01
L	1872082257	1872082257	1	16	16	0.01
L	45929119	45929119	1	16	16	0.01
L	1868015581	1868015581	1	16	16	0.01
L	1868051223	1868051223	1	16	16	0.01
L	1773755875	1773755875	1	16	16	0.01
L	45742608	45742608	1	16	16	0.01
L	1774391767	1774391767	1	16	16	0.01
L	5147865010	5147865010	1	16	16	0.01
L	102017936	102017936	1	16	16	0.01
L	102178563	102178563	1	16	16	0.01
L	1823522147	1823522147	1	16	16	0.01
L	1823484697	1823484697	1	16	16	0.01
L	139338616	139338616	1	16	16	0.01
L	212465916	212465916	1	16	16	0.01
L	3219904636	3219904636	1	16	16	0.01
L	3290449869	3290449869	1	16	16	0.01
L	3200034785	3200034785	1	16	16	0.01
L	2353753407	2353753407	1	16	16	0.01
L	3177137442	3177137442	1	16	16	0.01
L	3177012547	3177012547	1	16	16	0.01
L	3260375315	3260375315	1	16	16	0.01
L	3282815486	3282815486	1	16	16	0.01
L	3281969885	3281969885	1	16	16	0.01
L	3229610930	3229610930	1	16	16	0.01
L	2376760919	2376760919	1	16	16	0.01
L	1069820693	1069820693	1	16	16	0.01
L	3269085840	3269085840	1	16	16	0.01
L	2886346976	2886346976	1	16	16	0.01
L	2325706386	2325706386	1	16	16	0.01
L	2364603271	2364603271	1	16	16	0.01
L	2364634828	2364634828	1	16	16	0.01
L	3395262919	3395262919	1	16	16	0.01
L	3264524779	3264524779	1	16	16	0.01
L	2313947534	2313947534	1	16	16	0.01
L	2302095752	2302095752	1	16	16	0.01
L	1125982814	1125982814	1	16	16	0.01
L	2372438269	2372438269	1	16	16	0.01
L	3192180136	3192180136	1	16	16	0.01
L	1856319459	1856319459	1	17	17	0.01
L	1900922947	1900922947	1	17	17	0.01
L	1894153370	1894153370	1	17	17	0.01
L	2628192379	2628192379	1	17	17	0.01
L	1349261468	1349261468	1	17	17	0.01
L	1882179341	1882179341	1	17	17	0.01
L	4075402094	4075402094	1	17	17	0.01
L	1864437361	1864437361	1	17	17	0.01
L	1883338806	1883338806	1	17	17	0.01
L	4072942261	4072942261	1	17	17	0.01
L	1798608045	1798608045	1	17	17	0.01
L	1886454211	1886454211	1	17	17	0.01
L	3991003642	3991003642	1	17	17	0.01
L	4097094001	4097094001	1	17	17	0.01
L	4036465964	4036465964	1	17	17	0.01
L	3873463668	3873463668	1	17	17	0.01
L	1843141047	1843141047	1	17	17	0.01
L	4003511233	4003511233	1	17	17	0.01
L	4025859168	4025859168	1	17	17	0.01
L	1766092358	1766092358	1	17	17	0.01
L	3994757312	3994757312	1	17	17	0.01
L	4017740712	4017740712	1	17	17	0.01
L	4015639741	4015639741	1	17	17	0.01
L	1860341076	1860341076	1	17	17	0.01
L	3945804202	3945804202	1	17	17	0.01
L	4014304528	4014304528	1	17	17	0.01
L	4014493808	4014493808	1	17	17	0.01
L	3996257042	3996257042	1	17	17	0.01
L	1882602546	1882602546	1	17	17	0.01
L	2828477534	2828477534	1	17	17	0.01
L	2828502516	2828502516	1	17	17	0.01
L	2830793133	2830793133	1	17	17	0.01
L	2744658543	2744658543	1	17	17	0.01
L	2744453795	2744453795	1	17	17	0.01
L	254498312	254498312	1	17	17	0.01
L	2790366862	2790366862	1	17	17	0.01
L	1562175839	1562175839	1	17	17	0.01
L	2832479197	2832479197	1	17	17	0.01
L	2900323452	2900323452	1	17	17	0.01
L	1119557970	1119557970	1	17	17	0.01
L	2829404401	2829404401	1	17	17	0.01
L	1635404177	1635404177	1	17	17	0.01
L	2821440777	2821440777	1	17	17	0.01
L	2821509874	2821509874	1	17	17	0.01
L	2821583714	2821583714	1	17	17	0.01
L	2822153588	2822153588	1	17	17	0.01
L	2764007408	2764007408	1	17	17	0.01
L	1565139681	1565139681	1	17	17	0.01
L	2877745671	2877745671	1	17	17	0.01
L	2818751590	2818751590	1	17	17	0.01
L	2874100009	2874100009	1	17	17	0.01
L	2874264757	2874264757	1	17	17	0.01
L	2734315390	2734315390	1	17	17	0.01
L	2734349790	2734349790	1	17	17	0.01
L	2734351707	2734351707	1	17	17	0.01
L	3687140762	3687140762	1	18	18	0.01
L	2147445209	2147445209	1	18	18	0.01
L	3491921657	3491921657	1	18	18	0.01
L	2173431928	2173431928	1	18	18	0.01
L	2391761538	2391761538	1	18	18	0.01
L	2390023019	2390023019	1	18	18	0.01
L	3201329827	3201329827	1	18	18	0.01
L	5082015313	5082015313	1	18	18	0.01
L	3660580353	3660580353	1	18	18	0.01
L	3793282462	3793282462	1	18	18	0.01
L	5146297187	5146297187	1	18	18	0.01
L	3728111907	3728111907	1	18	18	0.01
L	2383058415	2383058415	1	18	18	0.01
L	82920515	82920515	1	18	18	0.01
L	3066010302	3066010302	1	18	18	0.01
L	3722549027	3722549027	1	18	18	0.01
L	78055598	78055598	1	18	18	0.01
L	5115203379	5115203379	1	18	18	0.01
L	5124787019	5124787019	1	18	18	0.01
L	5152640230	5152640230	1	18	18	0.01
L	3720415037	3720415037	1	18	18	0.01
L	3719781173	3719781173	1	18	18	0.01
L	5103913429	5103913429	1	18	18	0.01
L	3739118211	3739118211	1	18	18	0.01
L	3737251706	3737251706	1	18	18	0.01
L	3737052193	3737052193	1	18	18	0.01
L	5166447064	5166447064	1	18	18	0.01
L	89532765	89532765	1	18	18	0.01
L	3717001048	3717001048	1	18	18	0.01
L	3060181282	3060181282	1	19	19	0.01
L	3363671530	3363671530	1	19	19	0.01
L	4320910582	4320910582	1	19	19	0.01
L	1771810405	1771810405	1	19	19	0.01
L	4461846612	4461846612	1	19	19	0.01
L	4471809098	4471809098	1	19	19	0.01
L	4416036579	4416036579	1	19	19	0.01
L	3590339215	3590339215	1	19	19	0.01
L	4472724368	4472724368	1	19	19	0.01
L	3418433200	3418433200	1	19	19	0.01
L	3446637864	3446637864	1	19	19	0.01
L	4466843180	4466843180	1	19	19	0.01
L	3425552282	3425552282	1	19	19	0.01
L	4413495169	4413495169	1	19	19	0.01
L	4411197223	4411197223	1	19	19	0.01
L	4411245496	4411245496	1	19	19	0.01
L	3425610496	3425610496	1	19	19	0.01
L	4473737158	4473737158	1	19	19	0.01
L	4478176496	4478176496	1	19	19	0.01
L	4475158525	4475158525	1	19	19	0.01
L	4475413317	4475413317	1	19	19	0.01
L	4473304505	4473304505	1	19	19	0.01
L	199446768	199446768	1	19	19	0.01
L	4390914667	4390914667	1	19	19	0.01
L	4410133866	4410133866	1	19	19	0.01
L	2962125452	2962125452	1	19	19	0.01
L	3426125498	3426125498	1	19	19	0.01
L	4474193941	4474193941	1	19	19	0.01
L	4451939429	4451939429	1	19	19	0.01
L	4334028205	4334028205	1	19	19	0.01
L	5166015781	5166015781	1	20	20	0.01
L	1816580048	1816580048	1	20	20	0.01
L	123548254	123548254	1	20	20	0.01
L	4465355296	4465355296	1	20	20	0.01
L	4465380443	4465380443	1	20	20	0.01
L	3588829624	3588829624	1	20	20	0.01
L	4483593274	4483593274	1	20	20	0.01
L	4485007866	4485007866	1	20	20	0.01
L	3425357390	3425357390	1	20	20	0.01
L	2010810457	2010810457	1	20	20	0.01
L	1813720446	1813720446	1	20	20	0.01
L	66902614	66902614	1	20	20	0.01
L	65410615	65410615	1	20	20	0.01
L	69755301	69755301	1	20	20	0.01
L	70136168	70136168	1	20	20	0.01
L	127293773	127293773	1	20	20	0.01
L	127337158	127337158	1	20	20	0.01
L	126535252	126535252	1	20	20	0.01
L	125411953	125411953	1	20	20	0.01
L	1830975870	1830975870	1	20	20	0.01
L	1828636128	1828636128	1	20	20	0.01
L	1828735297	1828735297	1	20	20	0.01
L	1812681005	1812681005	1	20	20	0.01
L	1825137719	1825137719	1	20	20	0.01
L	55164531	55164531	1	20	20	0.01
L	1778315657	1778315657	1	20	20	0.01
L	171377596	171377596	1	20	20	0.01
L	1828167316	1828167316	1	20	20	0.01
L	1833521455	1833521455	1	20	20	0.01
L	1785165156	1785165156	1	20	20	0.01
L	71548027	71548027	1	20	20	0.01
L	198438842	198438842	1	20	20	0.01
L	1552568416	1552568416	1	20	20	0.01
L	1863804227	1863804227	1	20	20	0.01
L	1774600167	1774600167	1	20	20	0.01
L	185798735	185798735	1	21	21	0.01
L	1498481730	1498481730	1	21	21	0.01
L	179879927	179879927	1	21	21	0.01
L	176664427	176664427	1	21	21	0.01
L	1904559271	1904559271	1	21	21	0.01
L	1522327617	1522327617	1	21	21	0.01
L	1522365474	1522365474	1	21	21	0.01
L	1551053724	1551053724	1	21	21	0.01
L	128977183	128977183	1	21	21	0.01
L	128098461	128098461	1	21	21	0.01
L	209854252	209854252	1	21	21	0.01
L	128181517	128181517	1	21	21	0.01
L	1509634629	1509634629	1	21	21	0.01
L	1516347344	1516347344	1	21	21	0.01
L	117903608	117903608	1	21	21	0.01
L	117858561	117858561	1	21	21	0.01
L	1510146435	1510146435	1	21	21	0.01
L	1863243131	1863243131	1	21	21	0.01
L	826326882	826326882	1	22	22	0.01
L	2027782180	2027782180	1	22	22	0.01
L	886873391	886873391	1	22	22	0.01
L	2028391001	2028391001	1	22	22	0.01
L	2008883213	2008883213	1	22	22	0.01
L	947148829	947148829	1	22	22	0.01
L	1423738505	1423738505	1	22	22	0.01
L	931321888	931321888	1	22	22	0.01
L	925580520	925580520	1	22	22	0.01
L	925117753	925117753	1	22	22	0.01
L	818147528	818147528	1	22	22	0.01
L	1341402132	1341402132	1	22	22	0.01
L	910128274	910128274	1	22	22	0.01
L	850745942	850745942	1	22	22	0.01
L	855590058	855590058	1	22	22	0.01
L	1985331984	1985331984	1	22	22	0.01
L	856707746	856707746	1	22	22	0.01
L	1938579593	1938579593	1	22	22	0.01
L	913160307	913160307	1	22	22	0.01
L	1329755719	1329755719	1	22	22	0.01
L	1325543574	1325543574	1	22	22	0.01
L	1327325227	1327325227	1	22	22	0.01
L	876254712	876254712	1	22	22	0.01
L	4191483111	4191483111	1	23	23	0.01
L	4191545890	4191545890	1	23	23	0.01
L	2193185462	2193185462	1	23	23	0.01
L	2526149831	2526149831	1	23	23	0.01
L	4789819611	4789819611	1	23	23	0.01
L	2523964568	2523964568	1	23	23	0.01
L	4190853246	4190853246	1	23	23	0.01
L	4190481370	4190481370	1	23	23	0.01
L	4957223473	4957223473	1	23	23	0.01
L	1522254611	1522254611	1	23	23	0.01
L	1610418001	1610418001	1	23	23	0.01
L	1607647561	1607647561	1	23	23	0.01
L	2232661668	2232661668	1	23	23	0.01
L	2150834083	2150834083	1	23	23	0.01
L	4208492606	4208492606	1	23	23	0.01
L	2160445846	2160445846	1	23	23	0.01
L	2575670209	2575670209	1	23	23	0.01
L	4869570405	4869570405	1	23	23	0.01
L	4919080781	4919080781	1	24	24	0.01
L	3599883817	3599883817	1	24	24	0.01
L	4929948123	4929948123	1	24	24	0.01
L	3596092953	3596092953	1	24	24	0.01
L	4918678115	4918678115	1	24	24	0.01
L	4604971465	4604971465	1	25	25	0.01
L	5166417120	5166417120	1	25	25	0.01
L	4952893403	4952893403	1	25	25	0.01
L	1382278442	1382278442	1	25	25	0.01
L	3414303654	3414303654	1	25	25	0.01
L	3416092855	3416092855	1	25	25	0.01
L	3008795786	3008795786	1	25	25	0.01
L	3012188488	3012188488	1	25	25	0.01
L	4631609318	4631609318	1	25	25	0.01
L	4612610183	4612610183	1	25	25	0.01
L	1091775671	1091775671	1	25	25	0.01
L	1072627177	1072627177	1	25	25	0.01
L	4569565721	4569565721	1	25	25	0.01
L	1205712588	1205712588	1	25	25	0.01
L	4632135825	4632135825	1	25	25	0.01
L	4629419209	4629419209	1	25	25	0.01
L	1188881757	1188881757	1	25	25	0.01
L	1205858782	1205858782	1	25	25	0.01
L	4540828206	4540828206	1	25	25	0.01
L	4541064067	4541064067	1	25	25	0.01
L	1147563365	1147563365	1	25	25	0.01
L	4665159940	4665159940	1	25	25	0.01
L	4566373190	4566373190	1	25	25	0.01
L	4567850256	4567850256	1	25	25	0.01
L	4544710904	4544710904	1	25	25	0.01
L	1045296510	1045296510	1	25	25	0.01
L	1183530753	1183530753	1	25	25	0.01
L	1147029242	1147029242	1	25	25	0.01
L	4581147730	4581147730	1	25	25	0.01
L	4629385893	4629385893	1	25	25	0.01
L	4565303428	4565303428	1	25	25	0.01
L	2299626970	2299626970	1	26	26	0.01
L	3736073084	3736073084	1	26	26	0.01
L	5089794789	5089794789	1	26	26	0.01
L	4391605132	4391605132	1	26	26	0.01
L	2386327508	2386327508	1	26	26	0.01
L	2703783664	2703783664	1	26	26	0.01
L	3746505070	3746505070	1	26	26	0.01
L	2438050066	2438050066	1	26	26	0.01
L	2439239742	2439239742	1	26	26	0.01
L	3300843273	3300843273	1	26	26	0.01
L	3336282936	3336282936	1	26	26	0.01
L	3698768536	3698768536	1	26	26	0.01
L	1635056796	1635056796	1	27	27	0.01
L	2781389991	2781389991	1	27	27	0.01
L	2781426661	2781426661	1	27	27	0.01
L	2782002896	2782002896	1	27	27	0.01
L	2780119024	2780119024	1	27	27	0.01
L	2833225099	2833225099	1	27	27	0.01
L	964856270	964856270	1	27	27	0.01
L	962241434	962241434	1	27	27	0.01
L	1291847957	1291847957	1	27	27	0.01
L	954086898	954086898	1	27	27	0.01
L	942053603	942053603	1	27	27	0.01
L	915075979	915075979	1	27	27	0.01
L	954966826	954966826	1	27	27	0.01
L	955484531	955484531	1	27	27	0.01
L	4015103408	4015103408	1	27	27	0.01
L	3871387472	3871387472	1	27	27	0.01
L	1795838450	1795838450	1	27	27	0.01
L	4072876871	4072876871	1	27	27	0.01
L	1884715729	1884715729	1	27	27	0.01
L	4468882273	4468882273	1	28	28	0.01
L	3749679328	3749679328	1	28	28	0.01
L	3749062733	3749062733	1	28	28	0.01
L	73465020	73465020	1	28	28	0.01
L	2216211224	2216211224	1	28	28	0.01
L	4914407805	4914407805	1	28	28	0.01
L	3735438678	3735438678	1	28	28	0.01
L	3734873108	3734873108	1	28	28	0.01
L	2338015134	2338015134	1	28	28	0.01
L	460159625	460159625	1	28	28	0.01
L	375403857	375403857	1	28	28	0.01
L	2366588735	2366588735	1	28	28	0.01
L	464150879	464150879	1	28	28	0.01
L	382392774	382392774	1	28	28	0.01
L	382524614	382524614	1	28	28	0.01
L	358450555	358450555	1	28	28	0.01
L	342428252	342428252	1	28	28	0.01
L	410851640	410851640	1	28	28	0.01
L	383815358	383815358	1	28	28	0.01
1	1	250570191	1	1		1
2	250570192	483202705	1	1		1
3	483202706	802864426	1	1		1
4	802864427	1006383452	1	1		1
5	1006383453	1241831873	1	1		1
6	1241831874	1494018944	1	1		1
7	1494018945	1910380511	1	1		1
8	1910380512	2067602942	1	1		1
9	2067602943	2286218974	1	1		1
10	2286218975	2493640250	1	1		1
11	2493640251	2716900496	1	1		1
12	2716900497	2952294630	1	1		1
13	2952294631	3154065806	1	1		1
14	3154065807	3397470857	1	1		1
15	3397470858	3642321113	1	1		1
16	3642321114	3860259708	1	1		1
17	3860259709	4100399264	1	1		1
18	4100399265	4318646701	1	1		1
19	4318646702	4506521535	1	1		1
20	4506521536	4698076936	1	1		1
22	4698076937	4911204152	1	1		1
23	4911204153	5178571772	1	1		1
