name	start	end	strand	col	fill	lwd
1	1	879041143	1	4	4	0.1
2	879041144	1589819991	1	4	4	0.1
3	1589819992	2124227828	1	4	4	0.1
4	2124227829	2494322057	1	4	4	0.1
5	2494322058	2844255822	1	4	4	0.1
6	2844255823	3171337643	1	4	4	0.1
7	3171337644	3483736664	1	4	4	0.1
8	3483736665	3754266848	1	4	4	0.1
9	3754266849	4012822196	1	4	4	0.1
10	4012822197	4218126371	1	4	4	0.1
11	4218126372	4410765024	1	4	4	0.1
12	4410765025	4515898135	1	4	4	0.1
13	4515898136	4596726116	1	4	4	0.1
14	4596726117	4677486249	1	4	4	0.1
15	4677486250	4748734077	1	4	4	0.1
16	4748734078	4812241537	1	4	4	0.1
17	4812241538	4871502407	1	4	4	0.1
18	4871502408	4926491910	1	4	4	0.1
19	4926491911	4979796326	1	4	4	0.1
20	4979796327	5026829486	1	4	4	0.1
22	5026829487	5067827155	1	4	4	0.1
23	5067827156	5105270644	1	4	4	0.1
24	5105270645	5135016733	1	4	4	0.1
21	5135016734	5178571772	1	4	4	0.1
1	1	879041143	1	1	4	0.1
2	879041144	1589819991	1	1	4	0.1
3	1589819992	2124227828	1	1	4	0.1
4	2124227829	2494322057	1	1	4	0.1
5	2494322058	2844255822	1	1	4	0.1
6	2844255823	3171337643	1	1	4	0.1
7	3171337644	3483736664	1	1	4	0.1
8	3483736665	3754266848	1	1	4	0.1
9	3754266849	4012822196	1	1	4	0.1
10	4012822197	4218126371	1	1	4	0.1
11	4218126372	4410765024	1	1	4	0.1
12	4410765025	4515898135	1	1	4	0.1
13	4515898136	4596726116	1	1	4	0.1
14	4596726117	4677486249	1	1	4	0.1
15	4677486250	4748734077	1	1	4	0.1
16	4748734078	4812241537	1	1	4	0.1
17	4812241538	4871502407	1	1	4	0.1
18	4871502408	4926491910	1	1	4	0.1
19	4926491911	4979796326	1	1	4	0.1
20	4979796327	5026829486	1	1	4	0.1
22	5026829487	5067827155	1	1	4	0.1
23	5067827156	5105270644	1	1	4	0.1
24	5105270645	5135016733	1	1	4	0.1
21	5135016734	5178571772	1	1	4	0.1
L	4905895894	4905895894	1	6	6	0.01
L	4906604116	4906604116	1	6	6	0.01
L	4907744760	4907744760	1	6	6	0.01
L	4907910554	4907910554	1	6	6	0.01
L	4911701893	4911701893	1	6	6	0.01
L	4913403427	4913403427	1	6	6	0.01
L	4913435811	4913435811	1	6	6	0.01
L	4917271435	4917271435	1	6	6	0.01
L	4917290554	4917290554	1	6	6	0.01
L	4917712770	4917712770	1	6	6	0.01
L	4917775674	4917775674	1	6	6	0.01
L	4917844215	4917844215	1	6	6	0.01
L	4921322561	4921322561	1	6	6	0.01
L	4925756584	4925756584	1	6	6	0.01
L	4901052096	4901052096	1	6	6	0.01
L	4900377884	4900377884	1	6	6	0.01
L	4899631437	4899631437	1	6	6	0.01
L	4898160629	4898160629	1	6	6	0.01
L	4897900590	4897900590	1	6	6	0.01
L	4897094166	4897094166	1	6	6	0.01
L	4896377933	4896377933	1	6	6	0.01
L	4883679766	4883679766	1	6	6	0.01
L	4890451173	4890451173	1	6	6	0.01
L	4891016445	4891016445	1	6	6	0.01
L	4891189277	4891189277	1	6	6	0.01
L	4883420159	4883420159	1	6	6	0.01
L	4871721752	4871721752	1	6	6	0.01
L	4874888167	4874888167	1	6	6	0.01
L	5025384563	5025384563	1	6	6	0.01
L	5002058568	5002058568	1	6	6	0.01
L	5002713820	5002713820	1	6	6	0.01
L	5002891423	5002891423	1	6	6	0.01
L	5003337351	5003337351	1	6	6	0.01
L	5004100620	5004100620	1	6	6	0.01
L	5004341297	5004341297	1	6	6	0.01
L	5004390201	5004390201	1	6	6	0.01
L	5005001930	5005001930	1	6	6	0.01
L	5023666444	5023666444	1	6	6	0.01
L	3054633679	3054633679	1	6	6	0.01
L	5006792545	5006792545	1	6	6	0.01
L	4995893236	4995893236	1	6	6	0.01
L	4988702289	4988702289	1	6	6	0.01
L	4987989928	4987989928	1	6	6	0.01
L	4987584147	4987584147	1	6	6	0.01
L	4987566957	4987566957	1	6	6	0.01
L	4986380599	4986380599	1	6	6	0.01
L	4983765312	4983765312	1	6	6	0.01
L	4983734006	4983734006	1	6	6	0.01
L	4982425290	4982425290	1	6	6	0.01
L	4998483123	4998483123	1	6	6	0.01
L	4992744524	4992744524	1	6	6	0.01
L	3754084688	3754084688	1	6	6	0.01
L	3752813914	3752813914	1	6	6	0.01
L	3752606793	3752606793	1	6	6	0.01
L	3748160736	3748160736	1	6	6	0.01
L	3746452674	3746452674	1	6	6	0.01
L	3744743421	3744743421	1	6	6	0.01
L	3744187223	3744187223	1	6	6	0.01
L	3744154014	3744154014	1	6	6	0.01
L	3743632775	3743632775	1	6	6	0.01
L	3740602994	3740602994	1	6	6	0.01
L	3740005376	3740005376	1	6	6	0.01
L	3738366947	3738366947	1	6	6	0.01
L	3726371863	3726371863	1	6	6	0.01
L	3725931343	3725931343	1	6	6	0.01
L	3723221276	3723221276	1	6	6	0.01
L	3723070965	3723070965	1	6	6	0.01
L	3722899589	3722899589	1	6	6	0.01
L	3722805548	3722805548	1	6	6	0.01
L	3721703371	3721703371	1	6	6	0.01
L	3721154845	3721154845	1	6	6	0.01
L	3716753218	3716753218	1	6	6	0.01
L	3716616439	3716616439	1	6	6	0.01
L	3711724383	3711724383	1	6	6	0.01
L	3710149679	3710149679	1	6	6	0.01
L	3705591140	3705591140	1	6	6	0.01
L	3692087509	3692087509	1	6	6	0.01
L	3683266115	3683266115	1	6	6	0.01
L	3681707117	3681707117	1	6	6	0.01
L	3681574215	3681574215	1	6	6	0.01
L	3681069129	3681069129	1	6	6	0.01
L	3678535927	3678535927	1	6	6	0.01
L	3676380406	3676380406	1	6	6	0.01
L	3671900197	3671900197	1	6	6	0.01
L	3668629480	3668629480	1	6	6	0.01
L	3650701745	3650701745	1	6	6	0.01
L	2446673201	2446673201	1	6	6	0.01
L	2440176585	2440176585	1	6	6	0.01
L	2476950574	2476950574	1	6	6	0.01
L	505293730	505293730	1	6	6	0.01
L	505416127	505416127	1	6	6	0.01
L	507603849	507603849	1	6	6	0.01
L	505047634	505047634	1	6	6	0.01
L	3594727089	3594727089	1	6	6	0.01
L	483710379	483710379	1	6	6	0.01
L	485285068	485285068	1	6	6	0.01
L	3600221076	3600221076	1	6	6	0.01
L	3599242717	3599242717	1	6	6	0.01
L	3597398646	3597398646	1	6	6	0.01
L	3604464787	3604464787	1	6	6	0.01
L	3613707228	3613707228	1	6	6	0.01
L	3623725213	3623725213	1	6	6	0.01
L	3623807739	3623807739	1	6	6	0.01
L	3624203064	3624203064	1	6	6	0.01
L	3637042687	3637042687	1	6	6	0.01
L	3637481328	3637481328	1	6	6	0.01
L	2460307997	2460307997	1	6	6	0.01
L	2461704586	2461704586	1	6	6	0.01
L	2461932638	2461932638	1	6	6	0.01
L	2466073901	2466073901	1	6	6	0.01
L	2019179759	2019179759	1	6	6	0.01
L	2018185635	2018185635	1	6	6	0.01
L	2017943077	2017943077	1	6	6	0.01
L	2017393728	2017393728	1	6	6	0.01
L	2014441412	2014441412	1	6	6	0.01
L	2000990910	2000990910	1	6	6	0.01
L	1994290019	1994290019	1	6	6	0.01
L	894512066	894512066	1	6	6	0.01
L	1925316504	1925316504	1	6	6	0.01
L	1924630136	1924630136	1	6	6	0.01
L	1928246135	1928246135	1	6	6	0.01
L	1928542892	1928542892	1	6	6	0.01
L	1931524661	1931524661	1	6	6	0.01
L	1935519198	1935519198	1	6	6	0.01
L	1935750414	1935750414	1	6	6	0.01
L	1950509094	1950509094	1	6	6	0.01
L	1951722478	1951722478	1	6	6	0.01
L	1702431720	1702431720	1	7	7	0.01
L	1690470080	1690470080	1	7	7	0.01
L	1690434673	1690434673	1	7	7	0.01
L	1685757595	1685757595	1	7	7	0.01
L	1682086500	1682086500	1	7	7	0.01
L	1681941627	1681941627	1	7	7	0.01
L	1680536239	1680536239	1	7	7	0.01
L	1667581352	1667581352	1	7	7	0.01
L	1983264362	1983264362	1	7	7	0.01
L	1986671604	1986671604	1	7	7	0.01
L	2028527051	2028527051	1	7	7	0.01
L	2033001821	2033001821	1	7	7	0.01
L	2033194402	2033194402	1	7	7	0.01
L	2033302874	2033302874	1	7	7	0.01
L	2034497777	2034497777	1	7	7	0.01
L	2039144157	2039144157	1	7	7	0.01
L	2045596049	2045596049	1	7	7	0.01
L	2064173773	2064173773	1	7	7	0.01
L	2088924715	2088924715	1	7	7	0.01
L	2088209892	2088209892	1	7	7	0.01
L	2086796996	2086796996	1	7	7	0.01
L	2086079076	2086079076	1	7	7	0.01
L	2079144700	2079144700	1	7	7	0.01
L	4086312969	4086312969	1	7	7	0.01
L	4086349338	4086349338	1	7	7	0.01
L	2506857954	2506857954	1	7	7	0.01
L	2529117845	2529117845	1	7	7	0.01
L	2528466082	2528466082	1	7	7	0.01
L	2526216152	2526216152	1	7	7	0.01
L	284041735	284041735	1	7	7	0.01
L	280348650	280348650	1	7	7	0.01
L	276322556	276322556	1	7	7	0.01
L	276211752	276211752	1	7	7	0.01
L	272984587	272984587	1	7	7	0.01
L	272603466	272603466	1	7	7	0.01
L	268093599	268093599	1	7	7	0.01
L	267117054	267117054	1	7	7	0.01
L	4370470148	4370470148	1	7	7	0.01
L	4366671883	4366671883	1	7	7	0.01
L	4365411947	4365411947	1	7	7	0.01
L	4365211159	4365211159	1	7	7	0.01
L	4347172499	4347172499	1	7	7	0.01
L	4344401627	4344401627	1	7	7	0.01
L	4315481805	4315481805	1	7	7	0.01
L	4314764250	4314764250	1	7	7	0.01
L	4307560179	4307560179	1	7	7	0.01
L	4305609864	4305609864	1	7	7	0.01
L	4304831596	4304831596	1	7	7	0.01
L	4302612611	4302612611	1	7	7	0.01
L	4292617568	4292617568	1	7	7	0.01
L	4286974453	4286974453	1	7	7	0.01
L	4286797733	4286797733	1	7	7	0.01
L	4285461326	4285461326	1	7	7	0.01
L	3910292902	3910292902	1	7	7	0.01
L	4271261323	4271261323	1	7	7	0.01
L	4269755189	4269755189	1	7	7	0.01
L	4267349584	4267349584	1	7	7	0.01
L	4265635559	4265635559	1	7	7	0.01
L	4261164252	4261164252	1	7	7	0.01
L	4260007365	4260007365	1	7	7	0.01
L	4259029289	4259029289	1	7	7	0.01
L	4257718493	4257718493	1	7	7	0.01
L	4253990528	4253990528	1	7	7	0.01
L	4246686752	4246686752	1	7	7	0.01
L	4399274853	4399274853	1	7	7	0.01
L	4407210092	4407210092	1	7	7	0.01
L	3845029226	3845029226	1	7	7	0.01
L	3838774275	3838774275	1	7	7	0.01
L	3871924482	3871924482	1	7	7	0.01
L	3889115417	3889115417	1	7	7	0.01
L	3448240579	3448240579	1	8	8	0.01
L	3445257542	3445257542	1	8	8	0.01
L	3438735355	3438735355	1	8	8	0.01
L	3482288152	3482288152	1	8	8	0.01
L	3397093809	3397093809	1	8	8	0.01
L	3433636530	3433636530	1	8	8	0.01
L	3433679096	3433679096	1	8	8	0.01
L	3435772245	3435772245	1	8	8	0.01
L	1065681288	1065681288	1	8	8	0.01
L	1065417871	1065417871	1	8	8	0.01
L	1036169360	1036169360	1	8	8	0.01
L	1050354776	1050354776	1	8	8	0.01
L	1082264614	1082264614	1	8	8	0.01
L	1086697820	1086697820	1	8	8	0.01
L	907752381	907752381	1	8	8	0.01
L	1073858899	1073858899	1	8	8	0.01
L	1072948467	1072948467	1	8	8	0.01
L	886491756	886491756	1	8	8	0.01
L	3483620444	3483620444	1	8	8	0.01
L	3479331572	3479331572	1	8	8	0.01
L	3479543708	3479543708	1	8	8	0.01
L	2454698049	2454698049	1	8	8	0.01
L	3361054871	3361054871	1	8	8	0.01
L	3373831515	3373831515	1	8	8	0.01
L	3380407493	3380407493	1	8	8	0.01
L	3422184805	3422184805	1	8	8	0.01
L	3469853445	3469853445	1	8	8	0.01
L	3469568077	3469568077	1	8	8	0.01
L	3464734768	3464734768	1	8	8	0.01
L	3461621091	3461621091	1	8	8	0.01
L	445867389	445867389	1	8	8	0.01
L	446200736	446200736	1	8	8	0.01
L	463980159	463980159	1	8	8	0.01
L	460614966	460614966	1	8	8	0.01
L	1070916909	1070916909	1	8	8	0.01
L	480340883	480340883	1	8	8	0.01
L	478160944	478160944	1	8	8	0.01
L	477905481	477905481	1	8	8	0.01
L	469756781	469756781	1	8	8	0.01
L	465708228	465708228	1	8	8	0.01
L	486196308	486196308	1	8	8	0.01
L	486288716	486288716	1	8	8	0.01
L	486862844	486862844	1	8	8	0.01
L	488602689	488602689	1	8	8	0.01
L	491271786	491271786	1	8	8	0.01
L	448913745	448913745	1	8	8	0.01
L	499816459	499816459	1	8	8	0.01
L	501524030	501524030	1	8	8	0.01
L	2633291036	2633291036	1	8	8	0.01
L	509549184	509549184	1	8	8	0.01
L	4386489339	4386489339	1	8	8	0.01
L	4385826648	4385826648	1	8	8	0.01
L	4379545499	4379545499	1	8	8	0.01
L	3427804611	3427804611	1	8	8	0.01
L	3426252644	3426252644	1	8	8	0.01
L	3426025124	3426025124	1	8	8	0.01
L	1069665808	1069665808	1	8	8	0.01
L	1069719936	1069719936	1	8	8	0.01
L	4143750357	4143750357	1	8	8	0.01
L	3850468569	3850468569	1	8	8	0.01
L	3823287657	3823287657	1	8	8	0.01
L	3818496739	3818496739	1	8	8	0.01
L	3812511049	3812511049	1	8	8	0.01
L	3810249229	3810249229	1	8	8	0.01
L	3806406551	3806406551	1	8	8	0.01
L	3798103192	3798103192	1	8	8	0.01
L	3796629113	3796629113	1	8	8	0.01
L	3795075476	3795075476	1	8	8	0.01
L	3794501082	3794501082	1	8	8	0.01
L	3780909504	3780909504	1	8	8	0.01
L	260318433	260318433	1	8	8	0.01
L	3777568724	3777568724	1	8	8	0.01
L	3773172872	3773172872	1	8	8	0.01
L	3879553140	3879553140	1	8	8	0.01
L	3776680747	3776680747	1	8	8	0.01
L	3764140574	3764140574	1	8	8	0.01
L	3760282657	3760282657	1	8	8	0.01
L	3757978632	3757978632	1	8	8	0.01
L	3757308020	3757308020	1	8	8	0.01
L	3887793436	3887793436	1	8	8	0.01
L	3754763510	3754763510	1	8	8	0.01
L	2533083235	2533083235	1	9	9	0.01
L	2541959203	2541959203	1	9	9	0.01
L	2542248794	2542248794	1	9	9	0.01
L	2542638377	2542638377	1	9	9	0.01
L	2543056011	2543056011	1	9	9	0.01
L	2559593455	2559593455	1	9	9	0.01
L	2559498393	2559498393	1	9	9	0.01
L	2569875150	2569875150	1	9	9	0.01
L	2600821203	2600821203	1	9	9	0.01
L	2601166643	2601166643	1	9	9	0.01
L	2602528130	2602528130	1	9	9	0.01
L	2605377935	2605377935	1	9	9	0.01
L	2605431523	2605431523	1	9	9	0.01
L	2614784689	2614784689	1	9	9	0.01
L	2615006612	2615006612	1	9	9	0.01
L	2616661360	2616661360	1	9	9	0.01
L	2616776854	2616776854	1	9	9	0.01
L	2621245648	2621245648	1	9	9	0.01
L	2623415104	2623415104	1	9	9	0.01
L	2833107346	2833107346	1	9	9	0.01
L	2806210027	2806210027	1	9	9	0.01
L	2810413216	2810413216	1	9	9	0.01
L	2812711800	2812711800	1	9	9	0.01
L	2804205498	2804205498	1	9	9	0.01
L	2752582746	2752582746	1	9	9	0.01
L	2756974435	2756974435	1	9	9	0.01
L	2759738514	2759738514	1	9	9	0.01
L	2760246078	2760246078	1	9	9	0.01
L	2748495553	2748495553	1	9	9	0.01
L	2743027920	2743027920	1	9	9	0.01
L	2738756872	2738756872	1	9	9	0.01
L	2728814379	2728814379	1	9	9	0.01
L	2727673063	2727673063	1	9	9	0.01
L	2709494722	2709494722	1	9	9	0.01
L	2703876127	2703876127	1	9	9	0.01
L	2700815694	2700815694	1	9	9	0.01
L	2676905452	2676905452	1	9	9	0.01
L	2674885874	2674885874	1	9	9	0.01
L	2674216148	2674216148	1	9	9	0.01
L	2667471224	2667471224	1	9	9	0.01
L	2656944481	2656944481	1	9	9	0.01
L	2766709071	2766709071	1	9	9	0.01
L	2640459875	2640459875	1	9	9	0.01
L	1154322586	1154322586	1	10	10	0.01
L	1176841661	1176841661	1	10	10	0.01
L	1179649491	1179649491	1	10	10	0.01
L	1181421316	1181421316	1	10	10	0.01
L	1181971064	1181971064	1	10	10	0.01
L	1182090228	1182090228	1	10	10	0.01
L	1190292720	1190292720	1	10	10	0.01
L	1202959780	1202959780	1	10	10	0.01
L	1204927126	1204927126	1	10	10	0.01
L	1205397089	1205397089	1	10	10	0.01
L	1280494888	1280494888	1	10	10	0.01
L	3098097039	3098097039	1	10	10	0.01
L	3094696100	3094696100	1	10	10	0.01
L	3086281761	3086281761	1	10	10	0.01
L	3082520743	3082520743	1	10	10	0.01
L	3076165290	3076165290	1	10	10	0.01
L	3074100100	3074100100	1	10	10	0.01
L	3068693810	3068693810	1	10	10	0.01
L	3048871770	3048871770	1	10	10	0.01
L	3051840395	3051840395	1	10	10	0.01
L	3053585467	3053585467	1	10	10	0.01
L	3058436485	3058436485	1	10	10	0.01
L	3063217775	3063217775	1	10	10	0.01
L	3063444821	3063444821	1	10	10	0.01
L	3031430056	3031430056	1	10	10	0.01
L	2995953585	2995953585	1	10	10	0.01
L	2995596158	2995596158	1	10	10	0.01
L	2994168582	2994168582	1	10	10	0.01
L	2987943717	2987943717	1	10	10	0.01
L	2985656969	2985656969	1	10	10	0.01
L	2978906377	2978906377	1	10	10	0.01
L	3520281378	3520281378	1	10	10	0.01
L	3512852075	3512852075	1	10	10	0.01
L	3512619278	3512619278	1	10	10	0.01
L	3567066090	3567066090	1	10	10	0.01
L	3573618301	3573618301	1	10	10	0.01
L	3574000661	3574000661	1	10	10	0.01
L	3521961939	3521961939	1	10	10	0.01
L	3538213182	3538213182	1	10	10	0.01
L	3536437440	3536437440	1	10	10	0.01
L	3501010143	3501010143	1	10	10	0.01
L	3500064458	3500064458	1	10	10	0.01
L	3499453493	3499453493	1	10	10	0.01
L	3494094913	3494094913	1	10	10	0.01
L	3491237225	3491237225	1	10	10	0.01
L	3488995461	3488995461	1	10	10	0.01
L	3545254544	3545254544	1	10	10	0.01
L	3545300638	3545300638	1	10	10	0.01
L	3532931844	3532931844	1	10	10	0.01
L	3487578748	3487578748	1	10	10	0.01
L	3486558730	3486558730	1	10	10	0.01
L	3485266102	3485266102	1	10	10	0.01
L	2039826041	2039826041	1	10	10	0.01
L	1287396126	1287396126	1	5	5	0.01
L	1191302598	1191302598	1	5	5	0.01
L	1309555723	1309555723	1	5	5	0.01
L	1308957723	1308957723	1	5	5	0.01
L	1315180538	1315180538	1	5	5	0.01
L	1316432218	1316432218	1	5	5	0.01
L	1325568455	1325568455	1	5	5	0.01
L	1325731292	1325731292	1	5	5	0.01
L	2450810264	2450810264	1	5	5	0.01
L	1979511732	1979511732	1	5	5	0.01
L	2455284482	2455284482	1	5	5	0.01
L	2457735654	2457735654	1	5	5	0.01
L	1969030250	1969030250	1	5	5	0.01
L	1970876356	1970876356	1	5	5	0.01
L	1646469796	1646469796	1	5	5	0.01
L	1647363546	1647363546	1	5	5	0.01
L	1642779199	1642779199	1	5	5	0.01
L	1718987300	1718987300	1	5	5	0.01
L	1725981653	1725981653	1	5	5	0.01
L	1750559578	1750559578	1	5	5	0.01
L	1766286747	1766286747	1	5	5	0.01
L	1772537604	1772537604	1	5	5	0.01
L	1776819782	1776819782	1	5	5	0.01
L	1778025542	1778025542	1	5	5	0.01
L	1778187833	1778187833	1	5	5	0.01
L	1791511244	1791511244	1	5	5	0.01
L	1792584899	1792584899	1	5	5	0.01
L	1807126358	1807126358	1	5	5	0.01
L	1809367831	1809367831	1	5	5	0.01
L	1815660521	1815660521	1	5	5	0.01
L	1840755787	1840755787	1	5	5	0.01
L	1842957088	1842957088	1	5	5	0.01
L	1849147039	1849147039	1	5	5	0.01
L	1850575541	1850575541	1	5	5	0.01
L	1857494488	1857494488	1	5	5	0.01
L	1859076161	1859076161	1	5	5	0.01
L	1866879606	1866879606	1	5	5	0.01
L	1876713859	1876713859	1	5	5	0.01
L	1884092592	1884092592	1	5	5	0.01
L	1885392991	1885392991	1	5	5	0.01
L	1886140065	1886140065	1	5	5	0.01
L	1887652632	1887652632	1	5	5	0.01
L	1895250843	1895250843	1	5	5	0.01
L	1900825687	1900825687	1	5	5	0.01
L	4185839951	4185839951	1	12	12	0.01
L	4187135750	4187135750	1	12	12	0.01
L	4190374891	4190374891	1	12	12	0.01
L	4190434213	4190434213	1	12	12	0.01
L	4190512764	4190512764	1	12	12	0.01
L	4191525061	4191525061	1	12	12	0.01
L	4194626419	4194626419	1	12	12	0.01
L	4180771788	4180771788	1	12	12	0.01
L	4180595448	4180595448	1	12	12	0.01
L	4180490289	4180490289	1	12	12	0.01
L	4179898456	4179898456	1	12	12	0.01
L	4139744054	4139744054	1	12	12	0.01
L	1012298385	1012298385	1	12	12	0.01
L	1017530880	1017530880	1	12	12	0.01
L	1017611125	1017611125	1	12	12	0.01
L	1023076878	1023076878	1	12	12	0.01
L	986682474	986682474	1	12	12	0.01
L	986873326	986873326	1	12	12	0.01
L	987498081	987498081	1	12	12	0.01
L	989088549	989088549	1	12	12	0.01
L	992448640	992448640	1	12	12	0.01
L	995720768	995720768	1	12	12	0.01
L	4181151515	4181151515	1	12	12	0.01
L	813593901	813593901	1	12	12	0.01
L	808522785	808522785	1	12	12	0.01
L	804574190	804574190	1	12	12	0.01
L	750190603	750190603	1	12	12	0.01
L	756624006	756624006	1	12	12	0.01
L	767637878	767637878	1	12	12	0.01
L	770223844	770223844	1	12	12	0.01
L	776449620	776449620	1	12	12	0.01
L	861433299	861433299	1	12	12	0.01
L	857550537	857550537	1	12	12	0.01
L	857776649	857776649	1	12	12	0.01
L	592839736	592839736	1	12	12	0.01
L	919990475	919990475	1	12	12	0.01
L	924033574	924033574	1	12	12	0.01
L	929018712	929018712	1	12	12	0.01
L	2632180710	2632180710	1	13	13	0.01
L	2815785924	2815785924	1	13	13	0.01
L	1252680325	1252680325	1	13	13	0.01
L	1252581028	1252581028	1	13	13	0.01
L	1626647583	1626647583	1	13	13	0.01
L	2814254859	2814254859	1	13	13	0.01
L	1264435405	1264435405	1	13	13	0.01
L	1406268818	1406268818	1	13	13	0.01
L	1420650316	1420650316	1	13	13	0.01
L	1422418096	1422418096	1	13	13	0.01
L	1443736446	1443736446	1	13	13	0.01
L	1443815440	1443815440	1	13	13	0.01
L	1448437842	1448437842	1	13	13	0.01
L	1453993633	1453993633	1	13	13	0.01
L	1456862548	1456862548	1	13	13	0.01
L	1459844344	1459844344	1	13	13	0.01
L	1461589983	1461589983	1	13	13	0.01
L	1482853993	1482853993	1	13	13	0.01
L	280008736	280008736	1	13	13	0.01
L	1497990412	1497990412	1	13	13	0.01
L	1500485336	1500485336	1	13	13	0.01
L	1504927740	1504927740	1	13	13	0.01
L	1522132867	1522132867	1	13	13	0.01
L	1523694045	1523694045	1	13	13	0.01
L	1525750230	1525750230	1	13	13	0.01
L	1526108556	1526108556	1	13	13	0.01
L	1526955437	1526955437	1	13	13	0.01
L	1528124526	1528124526	1	13	13	0.01
L	1528191558	1528191558	1	13	13	0.01
L	1531983713	1531983713	1	13	13	0.01
L	1532367101	1532367101	1	13	13	0.01
L	1535486857	1535486857	1	13	13	0.01
L	1535904957	1535904957	1	13	13	0.01
L	1546219420	1546219420	1	13	13	0.01
L	1547049597	1547049597	1	13	13	0.01
L	2949362324	2949362324	1	14	14	0.01
L	2950358969	2950358969	1	14	14	0.01
L	2950567605	2950567605	1	14	14	0.01
L	2892612961	2892612961	1	14	14	0.01
L	2848349037	2848349037	1	14	14	0.01
L	3157450453	3157450453	1	14	14	0.01
L	2933704206	2933704206	1	14	14	0.01
L	2951854043	2951854043	1	14	14	0.01
L	2951955613	2951955613	1	14	14	0.01
L	3382149052	3382149052	1	14	14	0.01
L	2847110974	2847110974	1	14	14	0.01
L	1156834412	1156834412	1	14	14	0.01
L	2877410261	2877410261	1	14	14	0.01
L	2877305242	2877305242	1	14	14	0.01
L	1163177773	1163177773	1	14	14	0.01
L	2882830212	2882830212	1	14	14	0.01
L	2882709524	2882709524	1	14	14	0.01
L	4756769067	4756769067	1	14	14	0.01
L	4759492448	4759492448	1	14	14	0.01
L	4769284011	4769284011	1	14	14	0.01
L	4775359992	4775359992	1	14	14	0.01
L	4802053776	4802053776	1	14	14	0.01
L	4802067921	4802067921	1	14	14	0.01
L	4806952861	4806952861	1	14	14	0.01
L	4810580336	4810580336	1	14	14	0.01
L	4780305846	4780305846	1	14	14	0.01
L	4779837670	4779837670	1	14	14	0.01
L	4780919909	4780919909	1	14	14	0.01
L	4780957075	4780957075	1	14	14	0.01
L	4781282897	4781282897	1	14	14	0.01
L	4782587044	4782587044	1	14	14	0.01
L	4788006121	4788006121	1	14	14	0.01
L	4788571424	4788571424	1	14	14	0.01
L	4789416479	4789416479	1	14	14	0.01
L	4789521686	4789521686	1	14	14	0.01
L	4756354210	4756354210	1	14	14	0.01
L	4760953023	4760953023	1	14	14	0.01
L	4750915195	4750915195	1	14	14	0.01
L	952427402	952427402	1	15	15	0.01
L	943540219	943540219	1	15	15	0.01
L	3340074537	3340074537	1	15	15	0.01
L	3288788417	3288788417	1	15	15	0.01
L	3280603695	3280603695	1	15	15	0.01
L	3280500774	3280500774	1	15	15	0.01
L	3279914618	3279914618	1	15	15	0.01
L	3278140842	3278140842	1	15	15	0.01
L	3272600181	3272600181	1	15	15	0.01
L	3270210657	3270210657	1	15	15	0.01
L	3270181639	3270181639	1	15	15	0.01
L	3268726992	3268726992	1	15	15	0.01
L	3320123986	3320123986	1	15	15	0.01
L	3304301454	3304301454	1	15	15	0.01
L	3247444978	3247444978	1	15	15	0.01
L	3248318457	3248318457	1	15	15	0.01
L	3250403804	3250403804	1	15	15	0.01
L	3246048854	3246048854	1	15	15	0.01
L	1229420452	1229420452	1	15	15	0.01
L	3343925613	3343925613	1	15	15	0.01
L	3172527236	3172527236	1	15	15	0.01
L	3172486924	3172486924	1	15	15	0.01
L	3348181570	3348181570	1	15	15	0.01
L	3180874616	3180874616	1	15	15	0.01
L	3176755469	3176755469	1	15	15	0.01
L	3345664986	3345664986	1	15	15	0.01
L	3181218086	3181218086	1	15	15	0.01
L	3181322657	3181322657	1	15	15	0.01
L	3183862009	3183862009	1	15	15	0.01
L	3186271310	3186271310	1	15	15	0.01
L	3186635160	3186635160	1	15	15	0.01
L	3192694179	3192694179	1	15	15	0.01
L	3193719087	3193719087	1	15	15	0.01
L	3194152852	3194152852	1	15	15	0.01
L	3195272278	3195272278	1	15	15	0.01
L	3197805087	3197805087	1	15	15	0.01
L	3200140451	3200140451	1	15	15	0.01
L	3201060617	3201060617	1	15	15	0.01
L	3202767599	3202767599	1	15	15	0.01
L	3202993921	3202993921	1	15	15	0.01
L	3211127717	3211127717	1	15	15	0.01
L	3211899609	3211899609	1	15	15	0.01
L	3213561495	3213561495	1	15	15	0.01
L	3219668065	3219668065	1	15	15	0.01
L	3222292721	3222292721	1	15	15	0.01
L	3224787337	3224787337	1	15	15	0.01
L	3225038216	3225038216	1	15	15	0.01
L	2411091171	2411091171	1	16	16	0.01
L	2401611704	2401611704	1	16	16	0.01
L	2400261997	2400261997	1	16	16	0.01
L	2367115839	2367115839	1	16	16	0.01
L	2366875218	2366875218	1	16	16	0.01
L	2366431621	2366431621	1	16	16	0.01
L	2374946182	2374946182	1	16	16	0.01
L	2383967749	2383967749	1	16	16	0.01
L	2384155442	2384155442	1	16	16	0.01
L	2384230375	2384230375	1	16	16	0.01
L	2384714825	2384714825	1	16	16	0.01
L	2336437814	2336437814	1	16	16	0.01
L	2336517585	2336517585	1	16	16	0.01
L	2344338593	2344338593	1	16	16	0.01
L	2346271830	2346271830	1	16	16	0.01
L	2351212576	2351212576	1	16	16	0.01
L	2327830540	2327830540	1	16	16	0.01
L	2325765008	2325765008	1	16	16	0.01
L	2323122832	2323122832	1	16	16	0.01
L	2323060752	2323060752	1	16	16	0.01
L	2323002681	2323002681	1	16	16	0.01
L	2313632310	2313632310	1	16	16	0.01
L	2313389808	2313389808	1	16	16	0.01
L	2312534453	2312534453	1	16	16	0.01
L	2304970439	2304970439	1	16	16	0.01
L	2302555796	2302555796	1	16	16	0.01
L	2302288747	2302288747	1	16	16	0.01
L	2302121145	2302121145	1	16	16	0.01
L	2301823510	2301823510	1	16	16	0.01
L	2350859389	2350859389	1	16	16	0.01
L	2333813324	2333813324	1	16	16	0.01
L	14714473	14714473	1	16	16	0.01
L	24614063	24614063	1	16	16	0.01
L	36294879	36294879	1	16	16	0.01
L	55338288	55338288	1	16	16	0.01
L	55402969	55402969	1	16	16	0.01
L	55475270	55475270	1	16	16	0.01
L	56381577	56381577	1	16	16	0.01
L	74781497	74781497	1	16	16	0.01
L	77617143	77617143	1	16	16	0.01
L	4966226842	4966226842	1	16	16	0.01
L	4974651900	4974651900	1	16	16	0.01
L	4974682873	4974682873	1	16	16	0.01
L	4977795229	4977795229	1	16	16	0.01
L	4979228227	4979228227	1	16	16	0.01
L	4979455913	4979455913	1	16	16	0.01
L	4979656590	4979656590	1	16	16	0.01
L	4964617174	4964617174	1	16	16	0.01
L	4964452313	4964452313	1	16	16	0.01
L	4957177674	4957177674	1	16	16	0.01
L	4938847285	4938847285	1	16	16	0.01
L	4940378703	4940378703	1	16	16	0.01
L	4938888760	4938888760	1	16	16	0.01
L	4948310147	4948310147	1	16	16	0.01
L	4948152889	4948152889	1	16	16	0.01
L	600055036	600055036	1	17	17	0.01
L	539764392	539764392	1	17	17	0.01
L	541163850	541163850	1	17	17	0.01
L	534841882	534841882	1	17	17	0.01
L	653120603	653120603	1	17	17	0.01
L	588469581	588469581	1	17	17	0.01
L	580032389	580032389	1	17	17	0.01
L	571468687	571468687	1	17	17	0.01
L	605461379	605461379	1	17	17	0.01
L	799444030	799444030	1	17	17	0.01
L	734311760	734311760	1	17	17	0.01
L	721831636	721831636	1	17	17	0.01
L	719745745	719745745	1	17	17	0.01
L	718676500	718676500	1	17	17	0.01
L	712251744	712251744	1	17	17	0.01
L	702429694	702429694	1	17	17	0.01
L	701258649	701258649	1	17	17	0.01
L	692022469	692022469	1	17	17	0.01
L	689503504	689503504	1	17	17	0.01
L	684470236	684470236	1	17	17	0.01
L	667346660	667346660	1	17	17	0.01
L	662806579	662806579	1	17	17	0.01
L	660738026	660738026	1	17	17	0.01
L	659977484	659977484	1	17	17	0.01
L	659852018	659852018	1	17	17	0.01
L	621756094	621756094	1	17	17	0.01
L	621983130	621983130	1	17	17	0.01
L	623625328	623625328	1	17	17	0.01
L	627157578	627157578	1	17	17	0.01
L	4526432888	4526432888	1	17	17	0.01
L	4526367653	4526367653	1	17	17	0.01
L	4524885191	4524885191	1	17	17	0.01
L	4533443439	4533443439	1	17	17	0.01
L	4533883779	4533883779	1	17	17	0.01
L	4530532821	4530532821	1	17	17	0.01
L	4528871071	4528871071	1	17	17	0.01
L	4528621585	4528621585	1	17	17	0.01
L	4580019427	4580019427	1	17	17	0.01
L	4574456904	4574456904	1	17	17	0.01
L	4569555883	4569555883	1	17	17	0.01
L	4569179386	4569179386	1	17	17	0.01
L	4532447608	4532447608	1	17	17	0.01
L	108645267	108645267	1	17	17	0.01
L	4531867966	4531867966	1	17	17	0.01
L	4531615446	4531615446	1	17	17	0.01
L	4531021342	4531021342	1	17	17	0.01
L	4534435614	4534435614	1	17	17	0.01
L	4535186464	4535186464	1	17	17	0.01
L	4535980738	4535980738	1	17	17	0.01
L	4538410618	4538410618	1	17	17	0.01
L	4541678741	4541678741	1	17	17	0.01
L	4541841081	4541841081	1	17	17	0.01
L	4553534342	4553534342	1	17	17	0.01
L	4553466428	4553466428	1	17	17	0.01
L	4553353986	4553353986	1	17	17	0.01
L	86544033	86544033	1	18	18	0.01
L	94138926	94138926	1	18	18	0.01
L	98500923	98500923	1	18	18	0.01
L	98719606	98719606	1	18	18	0.01
L	109500669	109500669	1	18	18	0.01
L	115866011	115866011	1	18	18	0.01
L	121818434	121818434	1	18	18	0.01
L	144015302	144015302	1	18	18	0.01
L	141677023	141677023	1	18	18	0.01
L	136980410	136980410	1	18	18	0.01
L	129760533	129760533	1	18	18	0.01
L	128562687	128562687	1	18	18	0.01
L	123799099	123799099	1	18	18	0.01
L	158721136	158721136	1	18	18	0.01
L	180609097	180609097	1	18	18	0.01
L	187205875	187205875	1	18	18	0.01
L	190811795	190811795	1	18	18	0.01
L	192459305	192459305	1	18	18	0.01
L	206032240	206032240	1	18	18	0.01
L	224265626	224265626	1	18	18	0.01
L	232909089	232909089	1	18	18	0.01
L	234152500	234152500	1	18	18	0.01
L	250750087	250750087	1	18	18	0.01
L	250797420	250797420	1	18	18	0.01
L	255495395	255495395	1	18	18	0.01
L	255838524	255838524	1	18	18	0.01
L	256056689	256056689	1	18	18	0.01
L	262620806	262620806	1	18	18	0.01
L	264773320	264773320	1	18	18	0.01
L	3237654490	3237654490	1	19	19	0.01
L	2249484941	2249484941	1	19	19	0.01
L	2242764244	2242764244	1	19	19	0.01
L	2379356245	2379356245	1	19	19	0.01
L	2140813157	2140813157	1	19	19	0.01
L	2141949158	2141949158	1	19	19	0.01
L	2143137899	2143137899	1	19	19	0.01
L	2149230586	2149230586	1	19	19	0.01
L	2153901004	2153901004	1	19	19	0.01
L	2154204658	2154204658	1	19	19	0.01
L	2157774352	2157774352	1	19	19	0.01
L	2160840122	2160840122	1	19	19	0.01
L	2297069716	2297069716	1	19	19	0.01
L	2293809279	2293809279	1	19	19	0.01
L	2293250562	2293250562	1	19	19	0.01
L	2293043736	2293043736	1	19	19	0.01
L	2286041103	2286041103	1	19	19	0.01
L	2234231768	2234231768	1	19	19	0.01
L	2234010165	2234010165	1	19	19	0.01
L	2231706261	2231706261	1	19	19	0.01
L	2230901318	2230901318	1	19	19	0.01
L	2227820028	2227820028	1	19	19	0.01
L	2206166087	2206166087	1	19	19	0.01
L	2205307424	2205307424	1	19	19	0.01
L	2201830910	2201830910	1	19	19	0.01
L	2200498063	2200498063	1	19	19	0.01
L	2200003535	2200003535	1	19	19	0.01
L	2193212956	2193212956	1	19	19	0.01
L	2185376506	2185376506	1	19	19	0.01
L	2177187824	2177187824	1	19	19	0.01
L	285976826	285976826	1	20	20	0.01
L	4086410096	4086410096	1	20	20	0.01
L	4086516136	4086516136	1	20	20	0.01
L	2274530054	2274530054	1	20	20	0.01
L	2274576357	2274576357	1	20	20	0.01
L	2274807103	2274807103	1	20	20	0.01
L	2275271218	2275271218	1	20	20	0.01
L	2275408874	2275408874	1	20	20	0.01
L	2275748988	2275748988	1	20	20	0.01
L	4210880144	4210880144	1	20	20	0.01
L	4083548366	4083548366	1	20	20	0.01
L	4063369241	4063369241	1	20	20	0.01
L	4061196952	4061196952	1	20	20	0.01
L	4067344563	4067344563	1	20	20	0.01
L	4068021071	4068021071	1	20	20	0.01
L	4073745065	4073745065	1	20	20	0.01
L	4073773052	4073773052	1	20	20	0.01
L	4075250855	4075250855	1	20	20	0.01
L	4077262125	4077262125	1	20	20	0.01
L	4089754101	4089754101	1	20	20	0.01
L	4094849241	4094849241	1	20	20	0.01
L	4094974678	4094974678	1	20	20	0.01
L	4030187393	4030187393	1	20	20	0.01
L	4024820071	4024820071	1	20	20	0.01
L	4117831792	4117831792	1	20	20	0.01
L	4117993520	4117993520	1	20	20	0.01
L	4121706970	4121706970	1	20	20	0.01
L	4104969156	4104969156	1	20	20	0.01
L	4098843376	4098843376	1	20	20	0.01
L	4101235547	4101235547	1	20	20	0.01
L	4058075050	4058075050	1	20	20	0.01
L	4048664869	4048664869	1	20	20	0.01
L	4048732943	4048732943	1	20	20	0.01
L	4049785221	4049785221	1	20	20	0.01
L	4050540619	4050540619	1	20	20	0.01
L	4451418971	4451418971	1	21	21	0.01
L	4444125884	4444125884	1	21	21	0.01
L	4443797978	4443797978	1	21	21	0.01
L	4439855536	4439855536	1	21	21	0.01
L	4431377603	4431377603	1	21	21	0.01
L	4428680546	4428680546	1	21	21	0.01
L	4428474823	4428474823	1	21	21	0.01
L	4427058101	4427058101	1	21	21	0.01
L	4425708029	4425708029	1	21	21	0.01
L	4433775612	4433775612	1	21	21	0.01
L	4435715189	4435715189	1	21	21	0.01
L	4421014995	4421014995	1	21	21	0.01
L	4515280211	4515280211	1	21	21	0.01
L	4414110261	4414110261	1	21	21	0.01
L	4484390510	4484390510	1	21	21	0.01
L	4484612327	4484612327	1	21	21	0.01
L	4495668649	4495668649	1	21	21	0.01
L	4500714189	4500714189	1	21	21	0.01
L	4685815347	4685815347	1	22	22	0.01
L	4199086461	4199086461	1	22	22	0.01
L	4199389003	4199389003	1	22	22	0.01
L	4199518038	4199518038	1	22	22	0.01
L	4200613754	4200613754	1	22	22	0.01
L	4200678056	4200678056	1	22	22	0.01
L	4200999691	4200999691	1	22	22	0.01
L	4202255800	4202255800	1	22	22	0.01
L	4197993060	4197993060	1	22	22	0.01
L	4197990631	4197990631	1	22	22	0.01
L	4726678004	4726678004	1	22	22	0.01
L	4727219300	4727219300	1	22	22	0.01
L	4727353228	4727353228	1	22	22	0.01
L	5072491659	5072491659	1	22	22	0.01
L	5070688965	5070688965	1	22	22	0.01
L	5099461821	5099461821	1	22	22	0.01
L	5096664008	5096664008	1	22	22	0.01
L	4715926663	4715926663	1	22	22	0.01
L	4717370699	4717370699	1	22	22	0.01
L	4728225133	4728225133	1	22	22	0.01
L	4729541619	4729541619	1	22	22	0.01
L	4728996274	4728996274	1	22	22	0.01
L	4701587789	4701587789	1	22	22	0.01
L	1382696770	1382696770	1	23	23	0.01
L	1382597224	1382597224	1	23	23	0.01
L	1379046437	1379046437	1	23	23	0.01
L	1362113965	1362113965	1	23	23	0.01
L	1362045051	1362045051	1	23	23	0.01
L	1360120155	1360120155	1	23	23	0.01
L	1384179217	1384179217	1	23	23	0.01
L	1384289297	1384289297	1	23	23	0.01
L	1388273150	1388273150	1	23	23	0.01
L	4428742384	4428742384	1	23	23	0.01
L	3135295850	3135295850	1	23	23	0.01
L	3117724533	3117724533	1	23	23	0.01
L	1283384995	1283384995	1	23	23	0.01
L	1284214871	1284214871	1	23	23	0.01
L	1286214793	1286214793	1	23	23	0.01
L	1341169141	1341169141	1	23	23	0.01
L	1335557249	1335557249	1	23	23	0.01
L	1329803966	1329803966	1	23	23	0.01
L	5045595973	5045595973	1	24	24	0.01
L	5027651094	5027651094	1	24	24	0.01
L	5028393605	5028393605	1	24	24	0.01
L	5030359734	5030359734	1	24	24	0.01
L	5031837218	5031837218	1	24	24	0.01
L	4605690051	4605690051	1	25	25	0.01
L	2512387790	2512387790	1	25	25	0.01
L	2486669710	2486669710	1	25	25	0.01
L	2514965296	2514965296	1	25	25	0.01
L	2104841438	2104841438	1	25	25	0.01
L	2099266518	2099266518	1	25	25	0.01
L	2094231251	2094231251	1	25	25	0.01
L	2107405040	2107405040	1	25	25	0.01
L	4665317918	4665317918	1	25	25	0.01
L	4669230173	4669230173	1	25	25	0.01
L	4675640241	4675640241	1	25	25	0.01
L	4673505489	4673505489	1	25	25	0.01
L	4659990160	4659990160	1	25	25	0.01
L	4647501189	4647501189	1	25	25	0.01
L	4600478297	4600478297	1	25	25	0.01
L	4600881817	4600881817	1	25	25	0.01
L	4652442531	4652442531	1	25	25	0.01
L	4657529638	4657529638	1	25	25	0.01
L	4644279777	4644279777	1	25	25	0.01
L	4644646440	4644646440	1	25	25	0.01
L	4646917082	4646917082	1	25	25	0.01
L	4898225688	4898225688	1	25	25	0.01
L	4637385074	4637385074	1	25	25	0.01
L	4637050472	4637050472	1	25	25	0.01
L	4631593929	4631593929	1	25	25	0.01
L	4628162201	4628162201	1	25	25	0.01
L	4626944744	4626944744	1	25	25	0.01
L	4624341491	4624341491	1	25	25	0.01
L	4606484080	4606484080	1	25	25	0.01
L	4607146004	4607146004	1	25	25	0.01
L	4608739398	4608739398	1	25	25	0.01
L	422168403	422168403	1	26	26	0.01
L	408393536	408393536	1	26	26	0.01
L	402876169	402876169	1	26	26	0.01
L	1807554247	1807554247	1	26	26	0.01
L	398384531	398384531	1	26	26	0.01
L	396448616	396448616	1	26	26	0.01
L	394361668	394361668	1	26	26	0.01
L	388867446	388867446	1	26	26	0.01
L	385548532	385548532	1	26	26	0.01
L	385109604	385109604	1	26	26	0.01
L	381898519	381898519	1	26	26	0.01
L	375216767	375216767	1	26	26	0.01
L	4561031453	4561031453	1	27	27	0.01
L	4557562834	4557562834	1	27	27	0.01
L	4557480806	4557480806	1	27	27	0.01
L	4557405621	4557405621	1	27	27	0.01
L	4560232484	4560232484	1	27	27	0.01
L	4521074688	4521074688	1	27	27	0.01
L	637598031	637598031	1	27	27	0.01
L	637642570	637642570	1	27	27	0.01
L	640438971	640438971	1	27	27	0.01
L	42944727	42944727	1	27	27	0.01
L	643000733	643000733	1	27	27	0.01
L	645391647	645391647	1	27	27	0.01
L	648409795	648409795	1	27	27	0.01
L	651156672	651156672	1	27	27	0.01
L	567502876	567502876	1	27	27	0.01
L	565561327	565561327	1	27	27	0.01
L	564798741	564798741	1	27	27	0.01
L	799206975	799206975	1	27	27	0.01
L	778900263	778900263	1	27	27	0.01
L	2528449711	2528449711	1	28	28	0.01
L	322868056	322868056	1	28	28	0.01
L	325529313	325529313	1	28	28	0.01
L	327018583	327018583	1	28	28	0.01
L	338518886	338518886	1	28	28	0.01
L	352928958	352928958	1	28	28	0.01
L	362667684	362667684	1	28	28	0.01
L	363438757	363438757	1	28	28	0.01
L	3959964850	3959964850	1	28	28	0.01
L	3919635986	3919635986	1	28	28	0.01
L	3982183989	3982183989	1	28	28	0.01
L	4005278427	4005278427	1	28	28	0.01
L	3980731981	3980731981	1	28	28	0.01
L	4001574877	4001574877	1	28	28	0.01
L	4000915229	4000915229	1	28	28	0.01
L	3993110654	3993110654	1	28	28	0.01
L	3991400320	3991400320	1	28	28	0.01
L	3893153448	3893153448	1	28	28	0.01
L	3893683500	3893683500	1	28	28	0.01
1	1	879041143	1	1		1
2	879041144	1589819991	1	1		1
3	1589819992	2124227828	1	1		1
4	2124227829	2494322057	1	1		1
5	2494322058	2844255822	1	1		1
6	2844255823	3171337643	1	1		1
7	3171337644	3483736664	1	1		1
8	3483736665	3754266848	1	1		1
9	3754266849	4012822196	1	1		1
10	4012822197	4218126371	1	1		1
11	4218126372	4410765024	1	1		1
12	4410765025	4515898135	1	1		1
13	4515898136	4596726116	1	1		1
14	4596726117	4677486249	1	1		1
15	4677486250	4748734077	1	1		1
16	4748734078	4812241537	1	1		1
17	4812241538	4871502407	1	1		1
18	4871502408	4926491910	1	1		1
19	4926491911	4979796326	1	1		1
20	4979796327	5026829486	1	1		1
22	5026829487	5067827155	1	1		1
23	5067827156	5105270644	1	1		1
24	5105270645	5135016733	1	1		1
21	5135016734	5178571772	1	1		1
