name	start	end	strand	col	fill	lwd
1	1	417460861	1	4	4	0.1
2	417460862	823581412	1	4	4	0.1
3	823581413	1156091954	1	4	4	0.1
4	1156091955	1475051920	1	4	4	0.1
5	1475051921	1779463099	1	4	4	0.1
6	1779463100	2065877928	1	4	4	0.1
7	2065877929	2333076125	1	4	4	0.1
8	2333076126	2576450847	1	4	4	0.1
9	2576450848	2808517075	1	4	4	0.1
10	2808517076	3032874360	1	4	4	0.1
11	3032874361	3259393431	1	4	4	0.1
12	3259393432	3482875215	1	4	4	0.1
13	3482875216	3674646250	1	4	4	0.1
14	3674646251	3854141771	1	4	4	0.1
15	3854141772	4025164993	1	4	4	0.1
16	4025164994	4176648224	1	4	4	0.1
17	4176648225	4316257890	1	4	4	0.1
18	4316257891	4451031279	1	4	4	0.1
19	4451031280	4549323824	1	4	4	0.1
20	4549323825	4657386581	1	4	4	0.1
21	4657386582	4735711894	1	4	4	0.1
22	4735711895	4820926492	1	4	4	0.1
X	4820926493	5082582592	1	4	4	0.1
Y	5082582593	5178543988	1	4	4	0.1
M	5178543989	5178571771	1	4	4	0.1
1	1	417460861	1	1	6	0.1
2	417460862	823581412	1	1	7	0.1
3	823581413	1156091954	1	1	8	0.1
4	1156091955	1475051920	1	1	9	0.1
5	1475051921	1779463099	1	1	10	0.1
6	1779463100	2065877928	1	1	5	0.1
7	2065877929	2333076125	1	1	12	0.1
8	2333076126	2576450847	1	1	13	0.1
9	2576450848	2808517075	1	1	14	0.1
10	2808517076	3032874360	1	1	15	0.1
11	3032874361	3259393431	1	1	16	0.1
12	3259393432	3482875215	1	1	17	0.1
13	3482875216	3674646250	1	1	18	0.1
14	3674646251	3854141771	1	1	19	0.1
15	3854141772	4025164993	1	1	20	0.1
16	4025164994	4176648224	1	1	21	0.1
17	4176648225	4316257890	1	1	22	0.1
18	4316257891	4451031279	1	1	23	0.1
19	4451031280	4549323824	1	1	24	0.1
20	4549323825	4657386581	1	1	25	0.1
21	4657386582	4735711894	1	1	26	0.1
22	4735711895	4820926492	1	1	27	0.1
X	4820926493	5082582592	1	1	28	0.1
Y	5082582593	5178543988	1	1	29	0.1
M	5178543989	5178571771	1	1	30	0.1
L	1815841	1815841	1	6	6	0.01
L	2041576	2041576	1	6	6	0.01
L	2194390	2194390	1	6	6	0.01
L	2199781	2199781	1	6	6	0.01
L	3386257	3386257	1	6	6	0.01
L	4012185	4012185	1	6	6	0.01
L	4034092	4034092	1	6	6	0.01
L	6078678	6078678	1	6	6	0.01
L	6088575	6088575	1	6	6	0.01
L	6340291	6340291	1	6	6	0.01
L	6397830	6397830	1	6	6	0.01
L	6468596	6468596	1	6	6	0.01
L	10438482	10438482	1	6	6	0.01
L	13958595	13958595	1	6	6	0.01
L	16079132	16079132	1	6	6	0.01
L	16651721	16651721	1	6	6	0.01
L	17542277	17542277	1	6	6	0.01
L	18557149	18557149	1	6	6	0.01
L	18903944	18903944	1	6	6	0.01
L	19576766	19576766	1	6	6	0.01
L	20158550	20158550	1	6	6	0.01
L	26329691	26329691	1	6	6	0.01
L	32429357	32429357	1	6	6	0.01
L	33005370	33005370	1	6	6	0.01
L	33339856	33339856	1	6	6	0.01
L	34630799	34630799	1	6	6	0.01
L	34785769	34785769	1	6	6	0.01
L	36352981	36352981	1	6	6	0.01
L	38618362	38618362	1	6	6	0.01
L	43299275	43299275	1	6	6	0.01
L	43882957	43882957	1	6	6	0.01
L	44071292	44071292	1	6	6	0.01
L	44323903	44323903	1	6	6	0.01
L	44923995	44923995	1	6	6	0.01
L	45092004	45092004	1	6	6	0.01
L	45143717	45143717	1	6	6	0.01
L	45717492	45717492	1	6	6	0.01
L	46842920	46842920	1	6	6	0.01
L	47506077	47506077	1	6	6	0.01
L	47840111	47840111	1	6	6	0.01
L	54031979	54031979	1	6	6	0.01
L	59627073	59627073	1	6	6	0.01
L	59924497	59924497	1	6	6	0.01
L	60508752	60508752	1	6	6	0.01
L	60515431	60515431	1	6	6	0.01
L	60939421	60939421	1	6	6	0.01
L	62883719	62883719	1	6	6	0.01
L	62944914	62944914	1	6	6	0.01
L	63391251	63391251	1	6	6	0.01
L	66808354	66808354	1	6	6	0.01
L	67729953	67729953	1	6	6	0.01
L	72379999	72379999	1	6	6	0.01
L	72734215	72734215	1	6	6	0.01
L	72860541	72860541	1	6	6	0.01
L	74139528	74139528	1	6	6	0.01
L	74878689	74878689	1	6	6	0.01
L	75478508	75478508	1	6	6	0.01
L	76013184	76013184	1	6	6	0.01
L	76028491	76028491	1	6	6	0.01
L	76296920	76296920	1	6	6	0.01
L	77452159	77452159	1	6	6	0.01
L	77551321	77551321	1	6	6	0.01
L	78200879	78200879	1	6	6	0.01
L	88349040	88349040	1	6	6	0.01
L	88989822	88989822	1	6	6	0.01
L	90468908	90468908	1	6	6	0.01
L	90640636	90640636	1	6	6	0.01
L	90772494	90772494	1	6	6	0.01
L	90885305	90885305	1	6	6	0.01
L	91978589	91978589	1	6	6	0.01
L	92342148	92342148	1	6	6	0.01
L	98071992	98071992	1	6	6	0.01
L	98363612	98363612	1	6	6	0.01
L	104697464	104697464	1	6	6	0.01
L	106522419	106522419	1	6	6	0.01
L	112231766	112231766	1	6	6	0.01
L	130648954	130648954	1	6	6	0.01
L	141467575	141467575	1	6	6	0.01
L	142980433	142980433	1	6	6	0.01
L	143070689	143070689	1	6	6	0.01
L	143655443	143655443	1	6	6	0.01
L	146442089	146442089	1	6	6	0.01
L	148992898	148992898	1	6	6	0.01
L	154771066	154771066	1	6	6	0.01
L	158372749	158372749	1	6	6	0.01
L	182186599	182186599	1	6	6	0.01
L	185062721	185062721	1	6	6	0.01
L	186444169	186444169	1	6	6	0.01
L	190984155	190984155	1	6	6	0.01
L	197650451	197650451	1	6	6	0.01
L	197755675	197755675	1	6	6	0.01
L	199587142	199587142	1	6	6	0.01
L	271229041	271229041	1	6	6	0.01
L	279793962	279793962	1	6	6	0.01
L	282009928	282009928	1	6	6	0.01
L	283887057	283887057	1	6	6	0.01
L	284818028	284818028	1	6	6	0.01
L	285955785	285955785	1	6	6	0.01
L	288051410	288051410	1	6	6	0.01
L	291436084	291436084	1	6	6	0.01
L	300708770	300708770	1	6	6	0.01
L	310358101	310358101	1	6	6	0.01
L	310417229	310417229	1	6	6	0.01
L	310715733	310715733	1	6	6	0.01
L	323658139	323658139	1	6	6	0.01
L	323933045	323933045	1	6	6	0.01
L	342925988	342925988	1	6	6	0.01
L	343911707	343911707	1	6	6	0.01
L	344136105	344136105	1	6	6	0.01
L	347188723	347188723	1	6	6	0.01
L	354617165	354617165	1	6	6	0.01
L	355071359	355071359	1	6	6	0.01
L	355393188	355393188	1	6	6	0.01
L	356103148	356103148	1	6	6	0.01
L	359873597	359873597	1	6	6	0.01
L	373195956	373195956	1	6	6	0.01
L	379572655	379572655	1	6	6	0.01
L	382598279	382598279	1	6	6	0.01
L	386751467	386751467	1	6	6	0.01
L	387315723	387315723	1	6	6	0.01
L	387918176	387918176	1	6	6	0.01
L	388224872	388224872	1	6	6	0.01
L	390628229	390628229	1	6	6	0.01
L	394620318	394620318	1	6	6	0.01
L	394813056	394813056	1	6	6	0.01
L	409229924	409229924	1	6	6	0.01
L	410582498	410582498	1	6	6	0.01
L	418583641	418583641	1	7	7	0.01
L	428946984	428946984	1	7	7	0.01
L	428993854	428993854	1	7	7	0.01
L	433234645	433234645	1	7	7	0.01
L	435188565	435188565	1	7	7	0.01
L	435544369	435544369	1	7	7	0.01
L	436166963	436166963	1	7	7	0.01
L	447241500	447241500	1	7	7	0.01
L	463831416	463831416	1	7	7	0.01
L	466292861	466292861	1	7	7	0.01
L	489175143	489175143	1	7	7	0.01
L	490863224	490863224	1	7	7	0.01
L	490972076	490972076	1	7	7	0.01
L	491055157	491055157	1	7	7	0.01
L	491780821	491780821	1	7	7	0.01
L	495166304	495166304	1	7	7	0.01
L	507621172	507621172	1	7	7	0.01
L	510754101	510754101	1	7	7	0.01
L	521408679	521408679	1	7	7	0.01
L	522265582	522265582	1	7	7	0.01
L	523713060	523713060	1	7	7	0.01
L	524600119	524600119	1	7	7	0.01
L	531706258	531706258	1	7	7	0.01
L	536701124	536701124	1	7	7	0.01
L	536735828	536735828	1	7	7	0.01
L	540229700	540229700	1	7	7	0.01
L	561401315	561401315	1	7	7	0.01
L	561911283	561911283	1	7	7	0.01
L	565958290	565958290	1	7	7	0.01
L	582813872	582813872	1	7	7	0.01
L	585804582	585804582	1	7	7	0.01
L	589703536	589703536	1	7	7	0.01
L	589776978	589776978	1	7	7	0.01
L	593593263	593593263	1	7	7	0.01
L	593977747	593977747	1	7	7	0.01
L	599318133	599318133	1	7	7	0.01
L	600063889	600063889	1	7	7	0.01
L	608147728	608147728	1	7	7	0.01
L	643775740	643775740	1	7	7	0.01
L	645356107	645356107	1	7	7	0.01
L	645704141	645704141	1	7	7	0.01
L	668044454	668044454	1	7	7	0.01
L	671263922	671263922	1	7	7	0.01
L	704929752	704929752	1	7	7	0.01
L	705770468	705770468	1	7	7	0.01
L	713107575	713107575	1	7	7	0.01
L	714956243	714956243	1	7	7	0.01
L	716127658	716127658	1	7	7	0.01
L	717800061	717800061	1	7	7	0.01
L	730169268	730169268	1	7	7	0.01
L	735501210	735501210	1	7	7	0.01
L	735642811	735642811	1	7	7	0.01
L	737144945	737144945	1	7	7	0.01
L	748981809	748981809	1	7	7	0.01
L	752680980	752680980	1	7	7	0.01
L	754357592	754357592	1	7	7	0.01
L	756629113	756629113	1	7	7	0.01
L	758260884	758260884	1	7	7	0.01
L	762897866	762897866	1	7	7	0.01
L	764128862	764128862	1	7	7	0.01
L	765595367	765595367	1	7	7	0.01
L	766699525	766699525	1	7	7	0.01
L	770550713	770550713	1	7	7	0.01
L	778505545	778505545	1	7	7	0.01
L	779842039	779842039	1	7	7	0.01
L	784978902	784978902	1	7	7	0.01
L	791484314	791484314	1	7	7	0.01
L	793002407	793002407	1	7	7	0.01
L	807963228	807963228	1	7	7	0.01
L	822713810	822713810	1	7	7	0.01
L	828824749	828824749	1	8	8	0.01
L	832280548	832280548	1	8	8	0.01
L	839285163	839285163	1	8	8	0.01
L	839392263	839392263	1	8	8	0.01
L	846175370	846175370	1	8	8	0.01
L	847267146	847267146	1	8	8	0.01
L	847301935	847301935	1	8	8	0.01
L	848150243	848150243	1	8	8	0.01
L	849080320	849080320	1	8	8	0.01
L	849423670	849423670	1	8	8	0.01
L	850874666	850874666	1	8	8	0.01
L	866708911	866708911	1	8	8	0.01
L	880256577	880256577	1	8	8	0.01
L	885613788	885613788	1	8	8	0.01
L	889065532	889065532	1	8	8	0.01
L	898999574	898999574	1	8	8	0.01
L	899755774	899755774	1	8	8	0.01
L	902421700	902421700	1	8	8	0.01
L	904794961	904794961	1	8	8	0.01
L	905625252	905625252	1	8	8	0.01
L	905772863	905772863	1	8	8	0.01
L	906965994	906965994	1	8	8	0.01
L	907137000	907137000	1	8	8	0.01
L	908357701	908357701	1	8	8	0.01
L	912605452	912605452	1	8	8	0.01
L	919323105	919323105	1	8	8	0.01
L	930621236	930621236	1	8	8	0.01
L	930752813	930752813	1	8	8	0.01
L	935927143	935927143	1	8	8	0.01
L	939313744	939313744	1	8	8	0.01
L	969383641	969383641	1	8	8	0.01
L	969848283	969848283	1	8	8	0.01
L	971395221	971395221	1	8	8	0.01
L	981228786	981228786	1	8	8	0.01
L	985834955	985834955	1	8	8	0.01
L	991878716	991878716	1	8	8	0.01
L	993885071	993885071	1	8	8	0.01
L	994157736	994157736	1	8	8	0.01
L	1004952916	1004952916	1	8	8	0.01
L	1010893958	1010893958	1	8	8	0.01
L	1012281093	1012281093	1	8	8	0.01
L	1012332580	1012332580	1	8	8	0.01
L	1013049592	1013049592	1	8	8	0.01
L	1014836855	1014836855	1	8	8	0.01
L	1017531423	1017531423	1	8	8	0.01
L	1023962041	1023962041	1	8	8	0.01
L	1024304729	1024304729	1	8	8	0.01
L	1025856280	1025856280	1	8	8	0.01
L	1026061145	1026061145	1	8	8	0.01
L	1028582508	1028582508	1	8	8	0.01
L	1029397714	1029397714	1	8	8	0.01
L	1029682438	1029682438	1	8	8	0.01
L	1033576400	1033576400	1	8	8	0.01
L	1038353574	1038353574	1	8	8	0.01
L	1039257662	1039257662	1	8	8	0.01
L	1040363242	1040363242	1	8	8	0.01
L	1046032321	1046032321	1	8	8	0.01
L	1046060450	1046060450	1	8	8	0.01
L	1053269261	1053269261	1	8	8	0.01
L	1060452565	1060452565	1	8	8	0.01
L	1074227331	1074227331	1	8	8	0.01
L	1079863042	1079863042	1	8	8	0.01
L	1087578450	1087578450	1	8	8	0.01
L	1089867708	1089867708	1	8	8	0.01
L	1093909222	1093909222	1	8	8	0.01
L	1104937457	1104937457	1	8	8	0.01
L	1107110277	1107110277	1	8	8	0.01
L	1108589108	1108589108	1	8	8	0.01
L	1109248961	1109248961	1	8	8	0.01
L	1126423071	1126423071	1	8	8	0.01
L	1130122083	1130122083	1	8	8	0.01
L	1130469588	1130469588	1	8	8	0.01
L	1132347566	1132347566	1	8	8	0.01
L	1136398423	1136398423	1	8	8	0.01
L	1136798885	1136798885	1	8	8	0.01
L	1141920406	1141920406	1	8	8	0.01
L	1147616953	1147616953	1	8	8	0.01
L	1149965623	1149965623	1	8	8	0.01
L	1150682720	1150682720	1	8	8	0.01
L	1153431391	1153431391	1	8	8	0.01
L	1153897894	1153897894	1	8	8	0.01
L	1158344192	1158344192	1	9	9	0.01
L	1160487385	1160487385	1	9	9	0.01
L	1160690288	1160690288	1	9	9	0.01
L	1160817920	1160817920	1	9	9	0.01
L	1161006509	1161006509	1	9	9	0.01
L	1163115919	1163115919	1	9	9	0.01
L	1163198140	1163198140	1	9	9	0.01
L	1185566606	1185566606	1	9	9	0.01
L	1221973042	1221973042	1	9	9	0.01
L	1222258704	1222258704	1	9	9	0.01
L	1223573800	1223573800	1	9	9	0.01
L	1226411183	1226411183	1	9	9	0.01
L	1226522138	1226522138	1	9	9	0.01
L	1237171644	1237171644	1	9	9	0.01
L	1237391281	1237391281	1	9	9	0.01
L	1243327968	1243327968	1	9	9	0.01
L	1243387789	1243387789	1	9	9	0.01
L	1248982673	1248982673	1	9	9	0.01
L	1250562615	1250562615	1	9	9	0.01
L	1250779320	1250779320	1	9	9	0.01
L	1274625776	1274625776	1	9	9	0.01
L	1279460140	1279460140	1	9	9	0.01
L	1282664328	1282664328	1	9	9	0.01
L	1285281138	1285281138	1	9	9	0.01
L	1323045322	1323045322	1	9	9	0.01
L	1328587270	1328587270	1	9	9	0.01
L	1332546564	1332546564	1	9	9	0.01
L	1333305317	1333305317	1	9	9	0.01
L	1348296542	1348296542	1	9	9	0.01
L	1355108976	1355108976	1	9	9	0.01
L	1360333834	1360333834	1	9	9	0.01
L	1370667943	1370667943	1	9	9	0.01
L	1372292048	1372292048	1	9	9	0.01
L	1392886883	1392886883	1	9	9	0.01
L	1400306214	1400306214	1	9	9	0.01
L	1403658609	1403658609	1	9	9	0.01
L	1430246328	1430246328	1	9	9	0.01
L	1432904641	1432904641	1	9	9	0.01
L	1433544778	1433544778	1	9	9	0.01
L	1440701828	1440701828	1	9	9	0.01
L	1451391221	1451391221	1	9	9	0.01
L	1465568735	1465568735	1	9	9	0.01
L	1468101831	1468101831	1	9	9	0.01
L	1476549339	1476549339	1	10	10	0.01
L	1477154225	1477154225	1	10	10	0.01
L	1484182828	1484182828	1	10	10	0.01
L	1485705274	1485705274	1	10	10	0.01
L	1486098043	1486098043	1	10	10	0.01
L	1486175387	1486175387	1	10	10	0.01
L	1492201734	1492201734	1	10	10	0.01
L	1499720289	1499720289	1	10	10	0.01
L	1501755700	1501755700	1	10	10	0.01
L	1502630767	1502630767	1	10	10	0.01
L	1527707195	1527707195	1	10	10	0.01
L	1545354087	1545354087	1	10	10	0.01
L	1550189521	1550189521	1	10	10	0.01
L	1567243634	1567243634	1	10	10	0.01
L	1570480468	1570480468	1	10	10	0.01
L	1577127653	1577127653	1	10	10	0.01
L	1579668501	1579668501	1	10	10	0.01
L	1585094851	1585094851	1	10	10	0.01
L	1596155053	1596155053	1	10	10	0.01
L	1598412815	1598412815	1	10	10	0.01
L	1600348412	1600348412	1	10	10	0.01
L	1604895139	1604895139	1	10	10	0.01
L	1609172009	1609172009	1	10	10	0.01
L	1609431808	1609431808	1	10	10	0.01
L	1626837778	1626837778	1	10	10	0.01
L	1668101003	1668101003	1	10	10	0.01
L	1668339744	1668339744	1	10	10	0.01
L	1669708341	1669708341	1	10	10	0.01
L	1677403911	1677403911	1	10	10	0.01
L	1679562934	1679562934	1	10	10	0.01
L	1687341873	1687341873	1	10	10	0.01
L	1697329757	1697329757	1	10	10	0.01
L	1700987448	1700987448	1	10	10	0.01
L	1701237591	1701237591	1	10	10	0.01
L	1707920170	1707920170	1	10	10	0.01
L	1710882344	1710882344	1	10	10	0.01
L	1710984519	1710984519	1	10	10	0.01
L	1713690521	1713690521	1	10	10	0.01
L	1723886679	1723886679	1	10	10	0.01
L	1725501969	1725501969	1	10	10	0.01
L	1726579515	1726579515	1	10	10	0.01
L	1727252880	1727252880	1	10	10	0.01
L	1727770872	1727770872	1	10	10	0.01
L	1734863855	1734863855	1	10	10	0.01
L	1739563442	1739563442	1	10	10	0.01
L	1742103620	1742103620	1	10	10	0.01
L	1749106495	1749106495	1	10	10	0.01
L	1749149857	1749149857	1	10	10	0.01
L	1764954378	1764954378	1	10	10	0.01
L	1770820603	1770820603	1	10	10	0.01
L	1771891280	1771891280	1	10	10	0.01
L	1772410007	1772410007	1	10	10	0.01
L	1775076150	1775076150	1	10	10	0.01
L	1784100614	1784100614	1	5	5	0.01
L	1792190770	1792190770	1	5	5	0.01
L	1797388318	1797388318	1	5	5	0.01
L	1801773665	1801773665	1	5	5	0.01
L	1802900536	1802900536	1	5	5	0.01
L	1809894369	1809894369	1	5	5	0.01
L	1820383250	1820383250	1	5	5	0.01
L	1820537366	1820537366	1	5	5	0.01
L	1838911456	1838911456	1	5	5	0.01
L	1846379798	1846379798	1	5	5	0.01
L	1848346288	1848346288	1	5	5	0.01
L	1849975260	1849975260	1	5	5	0.01
L	1852633617	1852633617	1	5	5	0.01
L	1853435092	1853435092	1	5	5	0.01
L	1856868400	1856868400	1	5	5	0.01
L	1857779318	1857779318	1	5	5	0.01
L	1862352351	1862352351	1	5	5	0.01
L	1867785093	1867785093	1	5	5	0.01
L	1875236213	1875236213	1	5	5	0.01
L	1902870497	1902870497	1	5	5	0.01
L	1918924856	1918924856	1	5	5	0.01
L	1925492249	1925492249	1	5	5	0.01
L	1929243935	1929243935	1	5	5	0.01
L	1930121734	1930121734	1	5	5	0.01
L	1930265638	1930265638	1	5	5	0.01
L	1945259751	1945259751	1	5	5	0.01
L	1946141775	1946141775	1	5	5	0.01
L	1958264346	1958264346	1	5	5	0.01
L	1960637252	1960637252	1	5	5	0.01
L	1965523548	1965523548	1	5	5	0.01
L	1989119801	1989119801	1	5	5	0.01
L	1990722779	1990722779	1	5	5	0.01
L	1996745936	1996745936	1	5	5	0.01
L	1998190189	1998190189	1	5	5	0.01
L	2004094459	2004094459	1	5	5	0.01
L	2005700114	2005700114	1	5	5	0.01
L	2012799581	2012799581	1	5	5	0.01
L	2023657428	2023657428	1	5	5	0.01
L	2030154296	2030154296	1	5	5	0.01
L	2031635848	2031635848	1	5	5	0.01
L	2032245526	2032245526	1	5	5	0.01
L	2033425257	2033425257	1	5	5	0.01
L	2039806132	2039806132	1	5	5	0.01
L	2045364147	2045364147	1	5	5	0.01
L	2067096525	2067096525	1	12	12	0.01
L	2067708651	2067708651	1	12	12	0.01
L	2069625876	2069625876	1	12	12	0.01
L	2069659303	2069659303	1	12	12	0.01
L	2069826762	2069826762	1	12	12	0.01
L	2070190082	2070190082	1	12	12	0.01
L	2073886054	2073886054	1	12	12	0.01
L	2075769290	2075769290	1	12	12	0.01
L	2075954804	2075954804	1	12	12	0.01
L	2075980359	2075980359	1	12	12	0.01
L	2076626219	2076626219	1	12	12	0.01
L	2076928800	2076928800	1	12	12	0.01
L	2093483038	2093483038	1	12	12	0.01
L	2098908913	2098908913	1	12	12	0.01
L	2098948753	2098948753	1	12	12	0.01
L	2104723365	2104723365	1	12	12	0.01
L	2220338092	2220338092	1	12	12	0.01
L	2220484097	2220484097	1	12	12	0.01
L	2220898267	2220898267	1	12	12	0.01
L	2222142790	2222142790	1	12	12	0.01
L	2224481213	2224481213	1	12	12	0.01
L	2228541734	2228541734	1	12	12	0.01
L	2230436677	2230436677	1	12	12	0.01
L	2238766202	2238766202	1	12	12	0.01
L	2242839065	2242839065	1	12	12	0.01
L	2246251055	2246251055	1	12	12	0.01
L	2254158965	2254158965	1	12	12	0.01
L	2260292042	2260292042	1	12	12	0.01
L	2270564554	2270564554	1	12	12	0.01
L	2272888809	2272888809	1	12	12	0.01
L	2279463032	2279463032	1	12	12	0.01
L	2283898829	2283898829	1	12	12	0.01
L	2290788481	2290788481	1	12	12	0.01
L	2291069293	2291069293	1	12	12	0.01
L	2291659552	2291659552	1	12	12	0.01
L	2325698621	2325698621	1	12	12	0.01
L	2329058015	2329058015	1	12	12	0.01
L	2332314723	2332314723	1	12	12	0.01
L	2362550420	2362550420	1	13	13	0.01
L	2366307027	2366307027	1	13	13	0.01
L	2372057187	2372057187	1	13	13	0.01
L	2372126328	2372126328	1	13	13	0.01
L	2380753050	2380753050	1	13	13	0.01
L	2384352178	2384352178	1	13	13	0.01
L	2396973155	2396973155	1	13	13	0.01
L	2413499440	2413499440	1	13	13	0.01
L	2427168725	2427168725	1	13	13	0.01
L	2428595469	2428595469	1	13	13	0.01
L	2451524734	2451524734	1	13	13	0.01
L	2451608715	2451608715	1	13	13	0.01
L	2456829984	2456829984	1	13	13	0.01
L	2462164976	2462164976	1	13	13	0.01
L	2464986915	2464986915	1	13	13	0.01
L	2468299044	2468299044	1	13	13	0.01
L	2470078726	2470078726	1	13	13	0.01
L	2492245115	2492245115	1	13	13	0.01
L	2503899201	2503899201	1	13	13	0.01
L	2506414176	2506414176	1	13	13	0.01
L	2508023162	2508023162	1	13	13	0.01
L	2512097634	2512097634	1	13	13	0.01
L	2528656161	2528656161	1	13	13	0.01
L	2530140198	2530140198	1	13	13	0.01
L	2532485694	2532485694	1	13	13	0.01
L	2532970032	2532970032	1	13	13	0.01
L	2533854501	2533854501	1	13	13	0.01
L	2534966382	2534966382	1	13	13	0.01
L	2535051401	2535051401	1	13	13	0.01
L	2539338638	2539338638	1	13	13	0.01
L	2539752614	2539752614	1	13	13	0.01
L	2542680514	2542680514	1	13	13	0.01
L	2542722793	2542722793	1	13	13	0.01
L	2554604832	2554604832	1	13	13	0.01
L	2555415403	2555415403	1	13	13	0.01
L	2584507513	2584507513	1	14	14	0.01
L	2586004965	2586004965	1	14	14	0.01
L	2586154979	2586154979	1	14	14	0.01
L	2623316685	2623316685	1	14	14	0.01
L	2631742230	2631742230	1	14	14	0.01
L	2634032029	2634032029	1	14	14	0.01
L	2702186860	2702186860	1	14	14	0.01
L	2717204237	2717204237	1	14	14	0.01
L	2717307323	2717307323	1	14	14	0.01
L	2731753067	2731753067	1	14	14	0.01
L	2740237234	2740237234	1	14	14	0.01
L	2742823756	2742823756	1	14	14	0.01
L	2746264522	2746264522	1	14	14	0.01
L	2746609979	2746609979	1	14	14	0.01
L	2759116891	2759116891	1	14	14	0.01
L	2763187500	2763187500	1	14	14	0.01
L	2763639305	2763639305	1	14	14	0.01
L	2766585237	2766585237	1	14	14	0.01
L	2767591238	2767591238	1	14	14	0.01
L	2768657826	2768657826	1	14	14	0.01
L	2776275351	2776275351	1	14	14	0.01
L	2781267576	2781267576	1	14	14	0.01
L	2781293956	2781293956	1	14	14	0.01
L	2786401587	2786401587	1	14	14	0.01
L	2789152334	2789152334	1	14	14	0.01
L	2791355744	2791355744	1	14	14	0.01
L	2791628416	2791628416	1	14	14	0.01
L	2792313102	2792313102	1	14	14	0.01
L	2792407034	2792407034	1	14	14	0.01
L	2792675943	2792675943	1	14	14	0.01
L	2793833082	2793833082	1	14	14	0.01
L	2798918627	2798918627	1	14	14	0.01
L	2799522983	2799522983	1	14	14	0.01
L	2800153377	2800153377	1	14	14	0.01
L	2800242441	2800242441	1	14	14	0.01
L	2806079299	2806079299	1	14	14	0.01
L	2806471703	2806471703	1	14	14	0.01
L	2807151821	2807151821	1	14	14	0.01
L	2859332643	2859332643	1	15	15	0.01
L	2867223873	2867223873	1	15	15	0.01
L	2885007004	2885007004	1	15	15	0.01
L	2912544176	2912544176	1	15	15	0.01
L	2922202202	2922202202	1	15	15	0.01
L	2922349103	2922349103	1	15	15	0.01
L	2922930124	2922930124	1	15	15	0.01
L	2924521571	2924521571	1	15	15	0.01
L	2927310840	2927310840	1	15	15	0.01
L	2929455970	2929455970	1	15	15	0.01
L	2929625249	2929625249	1	15	15	0.01
L	2930756540	2930756540	1	15	15	0.01
L	2939273072	2939273072	1	15	15	0.01
L	2949609171	2949609171	1	15	15	0.01
L	2963275432	2963275432	1	15	15	0.01
L	2963943641	2963943641	1	15	15	0.01
L	2965962639	2965962639	1	15	15	0.01
L	2969756143	2969756143	1	15	15	0.01
L	2970004609	2970004609	1	15	15	0.01
L	2970503936	2970503936	1	15	15	0.01
L	2975722793	2975722793	1	15	15	0.01
L	2975745541	2975745541	1	15	15	0.01
L	2976663292	2976663292	1	15	15	0.01
L	2977732530	2977732530	1	15	15	0.01
L	2979664863	2979664863	1	15	15	0.01
L	2980264783	2980264783	1	15	15	0.01
L	2980341562	2980341562	1	15	15	0.01
L	2980400458	2980400458	1	15	15	0.01
L	2981995318	2981995318	1	15	15	0.01
L	2983114995	2983114995	1	15	15	0.01
L	2983435971	2983435971	1	15	15	0.01
L	2992743752	2992743752	1	15	15	0.01
L	2993434562	2993434562	1	15	15	0.01
L	2993805089	2993805089	1	15	15	0.01
L	2994586896	2994586896	1	15	15	0.01
L	2997045894	2997045894	1	15	15	0.01
L	2998987965	2998987965	1	15	15	0.01
L	2999887035	2999887035	1	15	15	0.01
L	3001055687	3001055687	1	15	15	0.01
L	3001250645	3001250645	1	15	15	0.01
L	3007535091	3007535091	1	15	15	0.01
L	3008129809	3008129809	1	15	15	0.01
L	3009455656	3009455656	1	15	15	0.01
L	3015028259	3015028259	1	15	15	0.01
L	3017248186	3017248186	1	15	15	0.01
L	3019329469	3019329469	1	15	15	0.01
L	3019503441	3019503441	1	15	15	0.01
L	3033360337	3033360337	1	16	16	0.01
L	3033828017	3033828017	1	16	16	0.01
L	3034167187	3034167187	1	16	16	0.01
L	3050506224	3050506224	1	16	16	0.01
L	3050609209	3050609209	1	16	16	0.01
L	3050902792	3050902792	1	16	16	0.01
L	3057117862	3057117862	1	16	16	0.01
L	3063192352	3063192352	1	16	16	0.01
L	3063526854	3063526854	1	16	16	0.01
L	3063609353	3063609353	1	16	16	0.01
L	3064080177	3064080177	1	16	16	0.01
L	3067021277	3067021277	1	16	16	0.01
L	3067061904	3067061904	1	16	16	0.01
L	3078759761	3078759761	1	16	16	0.01
L	3080286134	3080286134	1	16	16	0.01
L	3085836762	3085836762	1	16	16	0.01
L	3089651187	3089651187	1	16	16	0.01
L	3091446609	3091446609	1	16	16	0.01
L	3094062093	3094062093	1	16	16	0.01
L	3094180540	3094180540	1	16	16	0.01
L	3094212308	3094212308	1	16	16	0.01
L	3105502003	3105502003	1	16	16	0.01
L	3105582148	3105582148	1	16	16	0.01
L	3106458684	3106458684	1	16	16	0.01
L	3111089519	3111089519	1	16	16	0.01
L	3112281646	3112281646	1	16	16	0.01
L	3112373701	3112373701	1	16	16	0.01
L	3112420401	3112420401	1	16	16	0.01
L	3112646700	3112646700	1	16	16	0.01
L	3139545059	3139545059	1	16	16	0.01
L	3152660276	3152660276	1	16	16	0.01
L	3157408883	3157408883	1	16	16	0.01
L	3161648561	3161648561	1	16	16	0.01
L	3171758733	3171758733	1	16	16	0.01
L	3190074032	3190074032	1	16	16	0.01
L	3190136276	3190136276	1	16	16	0.01
L	3190196735	3190196735	1	16	16	0.01
L	3191234949	3191234949	1	16	16	0.01
L	3210635718	3210635718	1	16	16	0.01
L	3213142805	3213142805	1	16	16	0.01
L	3220807516	3220807516	1	16	16	0.01
L	3228643248	3228643248	1	16	16	0.01
L	3228694296	3228694296	1	16	16	0.01
L	3231354030	3231354030	1	16	16	0.01
L	3232415668	3232415668	1	16	16	0.01
L	3232534724	3232534724	1	16	16	0.01
L	3232581340	3232581340	1	16	16	0.01
L	3232614579	3232614579	1	16	16	0.01
L	3232704261	3232704261	1	16	16	0.01
L	3240189421	3240189421	1	16	16	0.01
L	3241828391	3241828391	1	16	16	0.01
L	3243465766	3243465766	1	16	16	0.01
L	3244497692	3244497692	1	16	16	0.01
L	3250637129	3250637129	1	16	16	0.01
L	3250700159	3250700159	1	16	16	0.01
L	3260925044	3260925044	1	17	17	0.01
L	3266922132	3266922132	1	17	17	0.01
L	3267189287	3267189287	1	17	17	0.01
L	3273821465	3273821465	1	17	17	0.01
L	3283580075	3283580075	1	17	17	0.01
L	3286540964	3286540964	1	17	17	0.01
L	3295341142	3295341142	1	17	17	0.01
L	3303319464	3303319464	1	17	17	0.01
L	3312485560	3312485560	1	17	17	0.01
L	3323644850	3323644850	1	17	17	0.01
L	3334878680	3334878680	1	17	17	0.01
L	3366342419	3366342419	1	17	17	0.01
L	3368094584	3368094584	1	17	17	0.01
L	3369117017	3369117017	1	17	17	0.01
L	3375699224	3375699224	1	17	17	0.01
L	3385994765	3385994765	1	17	17	0.01
L	3387413381	3387413381	1	17	17	0.01
L	3395392679	3395392679	1	17	17	0.01
L	3397486745	3397486745	1	17	17	0.01
L	3402395051	3402395051	1	17	17	0.01
L	3420275458	3420275458	1	17	17	0.01
L	3424811254	3424811254	1	17	17	0.01
L	3427140852	3427140852	1	17	17	0.01
L	3427937931	3427937931	1	17	17	0.01
L	3428062017	3428062017	1	17	17	0.01
L	3430007462	3430007462	1	17	17	0.01
L	3430226501	3430226501	1	17	17	0.01
L	3431838593	3431838593	1	17	17	0.01
L	3435642723	3435642723	1	17	17	0.01
L	3441359369	3441359369	1	17	17	0.01
L	3441370242	3441370242	1	17	17	0.01
L	3443133218	3443133218	1	17	17	0.01
L	3444059771	3444059771	1	17	17	0.01
L	3444473554	3444473554	1	17	17	0.01
L	3444935132	3444935132	1	17	17	0.01
L	3446951413	3446951413	1	17	17	0.01
L	3447249378	3447249378	1	17	17	0.01
L	3449290227	3449290227	1	17	17	0.01
L	3455462222	3455462222	1	17	17	0.01
L	3461102394	3461102394	1	17	17	0.01
L	3461363283	3461363283	1	17	17	0.01
L	3463385980	3463385980	1	17	17	0.01
L	3463781921	3463781921	1	17	17	0.01
L	3463858826	3463858826	1	17	17	0.01
L	3464100516	3464100516	1	17	17	0.01
L	3464762271	3464762271	1	17	17	0.01
L	3465603635	3465603635	1	17	17	0.01
L	3466141325	3466141325	1	17	17	0.01
L	3467216433	3467216433	1	17	17	0.01
L	3468988408	3468988408	1	17	17	0.01
L	3475361091	3475361091	1	17	17	0.01
L	3475485466	3475485466	1	17	17	0.01
L	3481912658	3481912658	1	17	17	0.01
L	3481956192	3481956192	1	17	17	0.01
L	3482033097	3482033097	1	17	17	0.01
L	3517089738	3517089738	1	18	18	0.01
L	3525302320	3525302320	1	18	18	0.01
L	3528880537	3528880537	1	18	18	0.01
L	3529069450	3529069450	1	18	18	0.01
L	3539582995	3539582995	1	18	18	0.01
L	3544834470	3544834470	1	18	18	0.01
L	3549371481	3549371481	1	18	18	0.01
L	3551989850	3551989850	1	18	18	0.01
L	3553791698	3553791698	1	18	18	0.01
L	3558658107	3558658107	1	18	18	0.01
L	3565455663	3565455663	1	18	18	0.01
L	3566574944	3566574944	1	18	18	0.01
L	3570768338	3570768338	1	18	18	0.01
L	3585852234	3585852234	1	18	18	0.01
L	3604921675	3604921675	1	18	18	0.01
L	3611978785	3611978785	1	18	18	0.01
L	3614701208	3614701208	1	18	18	0.01
L	3616224144	3616224144	1	18	18	0.01
L	3626738264	3626738264	1	18	18	0.01
L	3641462286	3641462286	1	18	18	0.01
L	3649296290	3649296290	1	18	18	0.01
L	3650290240	3650290240	1	18	18	0.01
L	3664323948	3664323948	1	18	18	0.01
L	3664340123	3664340123	1	18	18	0.01
L	3668206061	3668206061	1	18	18	0.01
L	3668360347	3668360347	1	18	18	0.01
L	3668403714	3668403714	1	18	18	0.01
L	3673189500	3673189500	1	18	18	0.01
L	3674429530	3674429530	1	18	18	0.01
L	3722041472	3722041472	1	19	19	0.01
L	3725995108	3725995108	1	19	19	0.01
L	3732507198	3732507198	1	19	19	0.01
L	3748616660	3748616660	1	19	19	0.01
L	3757860498	3757860498	1	19	19	0.01
L	3758660627	3758660627	1	19	19	0.01
L	3759701539	3759701539	1	19	19	0.01
L	3766050901	3766050901	1	19	19	0.01
L	3770563485	3770563485	1	19	19	0.01
L	3770859778	3770859778	1	19	19	0.01
L	3774373081	3774373081	1	19	19	0.01
L	3776891941	3776891941	1	19	19	0.01
L	3787984210	3787984210	1	19	19	0.01
L	3790699674	3790699674	1	19	19	0.01
L	3791056512	3791056512	1	19	19	0.01
L	3791161636	3791161636	1	19	19	0.01
L	3796954765	3796954765	1	19	19	0.01
L	3798649356	3798649356	1	19	19	0.01
L	3798875110	3798875110	1	19	19	0.01
L	3800438127	3800438127	1	19	19	0.01
L	3801502039	3801502039	1	19	19	0.01
L	3803987335	3803987335	1	19	19	0.01
L	3825492460	3825492460	1	19	19	0.01
L	3826028856	3826028856	1	19	19	0.01
L	3828698202	3828698202	1	19	19	0.01
L	3829945344	3829945344	1	19	19	0.01
L	3830464146	3830464146	1	19	19	0.01
L	3836235917	3836235917	1	19	19	0.01
L	3842892094	3842892094	1	19	19	0.01
L	3848249782	3848249782	1	19	19	0.01
L	3896631528	3896631528	1	20	20	0.01
L	3905964044	3905964044	1	20	20	0.01
L	3906025761	3906025761	1	20	20	0.01
L	3922144418	3922144418	1	20	20	0.01
L	3922170357	3922170357	1	20	20	0.01
L	3922387204	3922387204	1	20	20	0.01
L	3922496907	3922496907	1	20	20	0.01
L	3922569697	3922569697	1	20	20	0.01
L	3922715882	3922715882	1	20	20	0.01
L	3926795445	3926795445	1	20	20	0.01
L	3926806439	3926806439	1	20	20	0.01
L	3934831523	3934831523	1	20	20	0.01
L	3937344593	3937344593	1	20	20	0.01
L	3940803967	3940803967	1	20	20	0.01
L	3941233910	3941233910	1	20	20	0.01
L	3946891300	3946891300	1	20	20	0.01
L	3946964758	3946964758	1	20	20	0.01
L	3948670944	3948670944	1	20	20	0.01
L	3950727387	3950727387	1	20	20	0.01
L	3955458186	3955458186	1	20	20	0.01
L	3960657064	3960657064	1	20	20	0.01
L	3960784621	3960784621	1	20	20	0.01
L	3963571558	3963571558	1	20	20	0.01
L	3966830358	3966830358	1	20	20	0.01
L	3976040275	3976040275	1	20	20	0.01
L	3976136033	3976136033	1	20	20	0.01
L	3977724504	3977724504	1	20	20	0.01
L	3980501803	3980501803	1	20	20	0.01
L	3982033141	3982033141	1	20	20	0.01
L	3984021278	3984021278	1	20	20	0.01
L	3992890546	3992890546	1	20	20	0.01
L	4002474663	4002474663	1	20	20	0.01
L	4002553663	4002553663	1	20	20	0.01
L	4003796074	4003796074	1	20	20	0.01
L	4004345977	4004345977	1	20	20	0.01
L	4109118041	4109118041	1	21	21	0.01
L	4115047265	4115047265	1	21	21	0.01
L	4115391730	4115391730	1	21	21	0.01
L	4118195376	4118195376	1	21	21	0.01
L	4119881075	4119881075	1	21	21	0.01
L	4121495447	4121495447	1	21	21	0.01
L	4121520967	4121520967	1	21	21	0.01
L	4122424382	4122424382	1	21	21	0.01
L	4123540993	4123540993	1	21	21	0.01
L	4137772803	4137772803	1	21	21	0.01
L	4139695515	4139695515	1	21	21	0.01
L	4143348208	4143348208	1	21	21	0.01
L	4145173542	4145173542	1	21	21	0.01
L	4150297612	4150297612	1	21	21	0.01
L	4155646933	4155646933	1	21	21	0.01
L	4155996697	4155996697	1	21	21	0.01
L	4167110679	4167110679	1	21	21	0.01
L	4171597947	4171597947	1	21	21	0.01
L	4194558784	4194558784	1	22	22	0.01
L	4205568901	4205568901	1	22	22	0.01
L	4205973119	4205973119	1	22	22	0.01
L	4206002689	4206002689	1	22	22	0.01
L	4206862503	4206862503	1	22	22	0.01
L	4206979002	4206979002	1	22	22	0.01
L	4207140348	4207140348	1	22	22	0.01
L	4209083935	4209083935	1	22	22	0.01
L	4212149360	4212149360	1	22	22	0.01
L	4212194487	4212194487	1	22	22	0.01
L	4228268475	4228268475	1	22	22	0.01
L	4230783240	4230783240	1	22	22	0.01
L	4230863518	4230863518	1	22	22	0.01
L	4247018420	4247018420	1	22	22	0.01
L	4248026614	4248026614	1	22	22	0.01
L	4252117118	4252117118	1	22	22	0.01
L	4255331057	4255331057	1	22	22	0.01
L	4261270611	4261270611	1	22	22	0.01
L	4261697259	4261697259	1	22	22	0.01
L	4284767417	4284767417	1	22	22	0.01
L	4289568252	4289568252	1	22	22	0.01
L	4290200598	4290200598	1	22	22	0.01
L	4315541377	4315541377	1	22	22	0.01
L	4316524003	4316524003	1	23	23	0.01
L	4316615842	4316615842	1	23	23	0.01
L	4320515394	4320515394	1	23	23	0.01
L	4337509134	4337509134	1	23	23	0.01
L	4337559009	4337559009	1	23	23	0.01
L	4339174432	4339174432	1	23	23	0.01
L	4352564211	4352564211	1	23	23	0.01
L	4352715115	4352715115	1	23	23	0.01
L	4357217729	4357217729	1	23	23	0.01
L	4360829345	4360829345	1	23	23	0.01
L	4396795423	4396795423	1	23	23	0.01
L	4414322732	4414322732	1	23	23	0.01
L	4419913375	4419913375	1	23	23	0.01
L	4420573844	4420573844	1	23	23	0.01
L	4422455352	4422455352	1	23	23	0.01
L	4440593809	4440593809	1	23	23	0.01
L	4445339809	4445339809	1	23	23	0.01
L	4449868662	4449868662	1	23	23	0.01
L	4458842022	4458842022	1	24	24	0.01
L	4478789201	4478789201	1	24	24	0.01
L	4479621241	4479621241	1	24	24	0.01
L	4481730023	4481730023	1	24	24	0.01
L	4482723075	4482723075	1	24	24	0.01
L	4551739180	4551739180	1	25	25	0.01
L	4554674048	4554674048	1	25	25	0.01
L	4554705739	4554705739	1	25	25	0.01
L	4556324737	4556324737	1	25	25	0.01
L	4559281815	4559281815	1	25	25	0.01
L	4565278739	4565278739	1	25	25	0.01
L	4571558051	4571558051	1	25	25	0.01
L	4579456459	4579456459	1	25	25	0.01
L	4605794420	4605794420	1	25	25	0.01
L	4607893988	4607893988	1	25	25	0.01
L	4608922346	4608922346	1	25	25	0.01
L	4609136184	4609136184	1	25	25	0.01
L	4610706262	4610706262	1	25	25	0.01
L	4611667772	4611667772	1	25	25	0.01
L	4612581335	4612581335	1	25	25	0.01
L	4613016120	4613016120	1	25	25	0.01
L	4614597361	4614597361	1	25	25	0.01
L	4622424055	4622424055	1	25	25	0.01
L	4623610512	4623610512	1	25	25	0.01
L	4623909805	4623909805	1	25	25	0.01
L	4625391073	4625391073	1	25	25	0.01
L	4629577179	4629577179	1	25	25	0.01
L	4632880386	4632880386	1	25	25	0.01
L	4633059354	4633059354	1	25	25	0.01
L	4639155234	4639155234	1	25	25	0.01
L	4644012971	4644012971	1	25	25	0.01
L	4645497549	4645497549	1	25	25	0.01
L	4647674038	4647674038	1	25	25	0.01
L	4655954426	4655954426	1	25	25	0.01
L	4656153119	4656153119	1	25	25	0.01
L	4656610335	4656610335	1	25	25	0.01
L	4687223346	4687223346	1	26	26	0.01
L	4700540054	4700540054	1	26	26	0.01
L	4705807748	4705807748	1	26	26	0.01
L	4710127432	4710127432	1	26	26	0.01
L	4712024193	4712024193	1	26	26	0.01
L	4713541083	4713541083	1	26	26	0.01
L	4715020482	4715020482	1	26	26	0.01
L	4719807978	4719807978	1	26	26	0.01
L	4723077899	4723077899	1	26	26	0.01
L	4723421308	4723421308	1	26	26	0.01
L	4726502376	4726502376	1	26	26	0.01
L	4731188628	4731188628	1	26	26	0.01
L	4767637083	4767637083	1	27	27	0.01
L	4768297240	4768297240	1	27	27	0.01
L	4768327616	4768327616	1	27	27	0.01
L	4768376745	4768376745	1	27	27	0.01
L	4770689350	4770689350	1	27	27	0.01
L	4780121224	4780121224	1	27	27	0.01
L	4796862680	4796862680	1	27	27	0.01
L	4796899912	4796899912	1	27	27	0.01
L	4799338322	4799338322	1	27	27	0.01
L	4799354442	4799354442	1	27	27	0.01
L	4801966136	4801966136	1	27	27	0.01
L	4803457709	4803457709	1	27	27	0.01
L	4805796246	4805796246	1	27	27	0.01
L	4806999374	4806999374	1	27	27	0.01
L	4808039240	4808039240	1	27	27	0.01
L	4809201221	4809201221	1	27	27	0.01
L	4809800406	4809800406	1	27	27	0.01
L	4813409702	4813409702	1	27	27	0.01
L	4819877782	4819877782	1	27	27	0.01
L	4842433103	4842433103	1	28	28	0.01
L	4843702548	4843702548	1	28	28	0.01
L	4845896510	4845896510	1	28	28	0.01
L	4847021365	4847021365	1	28	28	0.01
L	4857376974	4857376974	1	28	28	0.01
L	4872625958	4872625958	1	28	28	0.01
L	4884119937	4884119937	1	28	28	0.01
L	4884884873	4884884873	1	28	28	0.01
L	4928562848	4928562848	1	28	28	0.01
L	4990676166	4990676166	1	28	28	0.01
L	4995597849	4995597849	1	28	28	0.01
L	5019435553	5019435553	1	28	28	0.01
L	5022751158	5022751158	1	28	28	0.01
L	5046256675	5046256675	1	28	28	0.01
L	5047114452	5047114452	1	28	28	0.01
L	5061744159	5061744159	1	28	28	0.01
L	5065447822	5065447822	1	28	28	0.01
L	5077225839	5077225839	1	28	28	0.01
L	5082328671	5082328671	1	28	28	0.01
1	1	417460861	1	1		1
2	417460862	823581412	1	1		1
3	823581413	1156091954	1	1		1
4	1156091955	1475051920	1	1		1
5	1475051921	1779463099	1	1		1
6	1779463100	2065877928	1	1		1
7	2065877929	2333076125	1	1		1
8	2333076126	2576450847	1	1		1
9	2576450848	2808517075	1	1		1
10	2808517076	3032874360	1	1		1
11	3032874361	3259393431	1	1		1
12	3259393432	3482875215	1	1		1
13	3482875216	3674646250	1	1		1
14	3674646251	3854141771	1	1		1
15	3854141772	4025164993	1	1		1
16	4025164994	4176648224	1	1		1
17	4176648225	4316257890	1	1		1
18	4316257891	4451031279	1	1		1
19	4451031280	4549323824	1	1		1
20	4549323825	4657386581	1	1		1
21	4657386582	4735711894	1	1		1
22	4735711895	4820926492	1	1		1
X	4820926493	5082582592	1	1		1
Y	5082582593	5178543988	1	1		1
M	5178543989	5178571771	1	1		1
