name	start	end	strand	col	fill	lwd
1	1	235807515	1	4	4	0.1
2	235807516	339312438	1	4	4	0.1
3	339312439	593618351	1	4	4	0.1
4	593618352	845049466	1	4	4	0.1
5	845049467	1105076931	1	4	4	0.1
6	1105076932	1331902327	1	4	4	0.1
7	1331902328	1573399265	1	4	4	0.1
8	1573399266	1783154785	1	4	4	0.1
9	1783154786	2016596963	1	4	4	0.1
10	2016596964	2279888973	1	4	4	0.1
11	2279888974	2487290944	1	4	4	0.1
12	2487290945	2677532888	1	4	4	0.1
13	2677532889	2926126958	1	4	4	0.1
14	2926126959	3150392920	1	4	4	0.1
15	3150392921	3368040093	1	4	4	0.1
16	3368040094	3601838063	1	4	4	0.1
17	3601838064	3827391689	1	4	4	0.1
18	3827391690	4005269164	1	4	4	0.1
19	4005269165	4185360035	1	4	4	0.1
20	4185360036	4366740901	1	4	4	0.1
21	4366740902	4626491387	1	4	4	0.1
22	4626491388	4837005266	1	4	4	0.1
23	4837005267	4985753398	1	4	4	0.1
24	4985753399	5178571772	1	4	4	0.1
1	1	235807515	1	1	4	0.1
2	235807516	339312438	1	1	4	0.1
3	339312439	593618351	1	1	4	0.1
4	593618352	845049466	1	1	4	0.1
5	845049467	1105076931	1	1	4	0.1
6	1105076932	1331902327	1	1	4	0.1
7	1331902328	1573399265	1	1	4	0.1
8	1573399266	1783154785	1	1	4	0.1
9	1783154786	2016596963	1	1	4	0.1
10	2016596964	2279888973	1	1	4	0.1
11	2279888974	2487290944	1	1	4	0.1
12	2487290945	2677532888	1	1	4	0.1
13	2677532889	2926126958	1	1	4	0.1
14	2926126959	3150392920	1	1	4	0.1
15	3150392921	3368040093	1	1	4	0.1
16	3368040094	3601838063	1	1	4	0.1
17	3601838064	3827391689	1	1	4	0.1
18	3827391690	4005269164	1	1	4	0.1
19	4005269165	4185360035	1	1	4	0.1
20	4185360036	4366740901	1	1	4	0.1
21	4366740902	4626491387	1	1	4	0.1
22	4626491388	4837005266	1	1	4	0.1
23	4837005267	4985753398	1	1	4	0.1
24	4985753399	5178571772	1	1	4	0.1
L	959401371	959401371	1	6	6	0.01
L	1418749587	1418749587	1	6	6	0.01
L	1069998283	1069998283	1	6	6	0.01
L	1417786888	1417786888	1	6	6	0.01
L	1545182772	1545182772	1	6	6	0.01
L	1563988171	1563988171	1	6	6	0.01
L	1502646725	1502646725	1	6	6	0.01
L	1564365760	1564365760	1	6	6	0.01
L	1564240985	1564240985	1	6	6	0.01
L	1549049008	1549049008	1	6	6	0.01
L	1548847516	1548847516	1	6	6	0.01
L	1548698947	1548698947	1	6	6	0.01
L	1500852738	1500852738	1	6	6	0.01
L	942581786	942581786	1	6	6	0.01
L	1474879014	1474879014	1	6	6	0.01
L	1474018164	1474018164	1	6	6	0.01
L	1470775424	1470775424	1	6	6	0.01
L	1573234794	1573234794	1	6	6	0.01
L	1541633573	1541633573	1	6	6	0.01
L	1544133910	1544133910	1	6	6	0.01
L	942983630	942983630	1	6	6	0.01
L	1542804770	1542804770	1	6	6	0.01
L	1100939475	1100939475	1	6	6	0.01
L	1535804893	1535804893	1	6	6	0.01
L	1541029515	1541029515	1	6	6	0.01
L	1542916662	1542916662	1	6	6	0.01
L	897290518	897290518	1	6	6	0.01
L	988400794	988400794	1	6	6	0.01
L	4697777832	4697777832	1	6	6	0.01
L	4707300872	4707300872	1	6	6	0.01
L	4707126963	4707126963	1	6	6	0.01
L	3388112208	3388112208	1	6	6	0.01
L	3551409657	3551409657	1	6	6	0.01
L	3387474248	3387474248	1	6	6	0.01
L	3387705329	3387705329	1	6	6	0.01
L	2321926047	2321926047	1	6	6	0.01
L	3387938281	3387938281	1	6	6	0.01
L	3539091411	3539091411	1	6	6	0.01
L	3538803114	3538803114	1	6	6	0.01
L	3386729965	3386729965	1	6	6	0.01
L	2335244970	2335244970	1	6	6	0.01
L	2433242354	2433242354	1	6	6	0.01
L	2432706595	2432706595	1	6	6	0.01
L	2438845405	2438845405	1	6	6	0.01
L	4775692215	4775692215	1	6	6	0.01
L	3543205506	3543205506	1	6	6	0.01
L	2433837273	2433837273	1	6	6	0.01
L	3544574406	3544574406	1	6	6	0.01
L	3539425190	3539425190	1	6	6	0.01
L	2345178551	2345178551	1	6	6	0.01
L	169746378	169746378	1	6	6	0.01
L	642367646	642367646	1	6	6	0.01
L	752997022	752997022	1	6	6	0.01
L	718725641	718725641	1	6	6	0.01
L	839497430	839497430	1	6	6	0.01
L	3663078727	3663078727	1	6	6	0.01
L	3664380439	3664380439	1	6	6	0.01
L	814281659	814281659	1	6	6	0.01
L	3663109302	3663109302	1	6	6	0.01
L	793055171	793055171	1	6	6	0.01
L	608683636	608683636	1	6	6	0.01
L	711104286	711104286	1	6	6	0.01
L	610375855	610375855	1	6	6	0.01
L	792564740	792564740	1	6	6	0.01
L	752568943	752568943	1	6	6	0.01
L	3770752918	3770752918	1	6	6	0.01
L	3770698080	3770698080	1	6	6	0.01
L	3770660119	3770660119	1	6	6	0.01
L	3623419954	3623419954	1	6	6	0.01
L	785762784	785762784	1	6	6	0.01
L	786035297	786035297	1	6	6	0.01
L	789241405	789241405	1	6	6	0.01
L	789342477	789342477	1	6	6	0.01
L	644973574	644973574	1	6	6	0.01
L	646889777	646889777	1	6	6	0.01
L	3683836681	3683836681	1	6	6	0.01
L	840630124	840630124	1	6	6	0.01
L	700418384	700418384	1	6	6	0.01
L	3753377008	3753377008	1	6	6	0.01
L	641162331	641162331	1	6	6	0.01
L	640488897	640488897	1	6	6	0.01
L	760854014	760854014	1	6	6	0.01
L	3691141461	3691141461	1	6	6	0.01
L	3691808730	3691808730	1	6	6	0.01
L	4213998838	4213998838	1	6	6	0.01
L	633242725	633242725	1	6	6	0.01
L	1481346404	1481346404	1	6	6	0.01
L	1502157506	1502157506	1	6	6	0.01
L	1511518977	1511518977	1	6	6	0.01
L	4564704314	4564704314	1	6	6	0.01
L	4564570155	4564570155	1	6	6	0.01
L	4563324674	4563324674	1	6	6	0.01
L	3642145436	3642145436	1	6	6	0.01
L	3680309088	3680309088	1	6	6	0.01
L	2963988842	2963988842	1	6	6	0.01
L	769273561	769273561	1	6	6	0.01
L	818960857	818960857	1	6	6	0.01
L	604209265	604209265	1	6	6	0.01
L	789981332	789981332	1	6	6	0.01
L	303906583	303906583	1	6	6	0.01
L	831811156	831811156	1	6	6	0.01
L	3627702471	3627702471	1	6	6	0.01
L	603435962	603435962	1	6	6	0.01
L	653850473	653850473	1	6	6	0.01
L	624996048	624996048	1	6	6	0.01
L	625338280	625338280	1	6	6	0.01
L	1074340538	1074340538	1	6	6	0.01
L	885646800	885646800	1	6	6	0.01
L	1099966227	1099966227	1	6	6	0.01
L	897562678	897562678	1	6	6	0.01
L	5149165406	5149165406	1	6	6	0.01
L	5148668864	5148668864	1	6	6	0.01
L	5148581652	5148581652	1	6	6	0.01
L	4653513223	4653513223	1	6	6	0.01
L	488806924	488806924	1	6	6	0.01
L	5146101764	5146101764	1	6	6	0.01
L	5107973325	5107973325	1	6	6	0.01
L	3748627394	3748627394	1	6	6	0.01
L	3283541952	3283541952	1	6	6	0.01
L	5122353613	5122353613	1	6	6	0.01
L	5122509849	5122509849	1	6	6	0.01
L	3229209214	3229209214	1	6	6	0.01
L	3227692224	3227692224	1	6	6	0.01
L	3230450519	3230450519	1	6	6	0.01
L	3230291508	3230291508	1	6	6	0.01
L	3312065690	3312065690	1	6	6	0.01
L	5048780346	5048780346	1	6	6	0.01
L	5109925030	5109925030	1	7	7	0.01
L	4712606522	4712606522	1	7	7	0.01
L	4712640424	4712640424	1	7	7	0.01
L	4715680515	4715680515	1	7	7	0.01
L	4787155488	4787155488	1	7	7	0.01
L	5151131114	5151131114	1	7	7	0.01
L	4776900794	4776900794	1	7	7	0.01
L	5159614757	5159614757	1	7	7	0.01
L	4784903092	4784903092	1	7	7	0.01
L	4776988268	4776988268	1	7	7	0.01
L	3198775656	3198775656	1	7	7	0.01
L	3314619491	3314619491	1	7	7	0.01
L	3314744908	3314744908	1	7	7	0.01
L	3314826751	3314826751	1	7	7	0.01
L	3315595651	3315595651	1	7	7	0.01
L	3359364433	3359364433	1	7	7	0.01
L	4138188688	4138188688	1	7	7	0.01
L	3319119899	3319119899	1	7	7	0.01
L	2348621	2348621	1	7	7	0.01
L	1287986350	1287986350	1	7	7	0.01
L	3332934641	3332934641	1	7	7	0.01
L	970771	970771	1	7	7	0.01
L	3328007998	3328007998	1	7	7	0.01
L	416492798	416492798	1	7	7	0.01
L	416445056	416445056	1	7	7	0.01
L	2083548177	2083548177	1	7	7	0.01
L	2230650802	2230650802	1	7	7	0.01
L	2244916495	2244916495	1	7	7	0.01
L	4647551405	4647551405	1	7	7	0.01
L	290507670	290507670	1	7	7	0.01
L	293592376	293592376	1	7	7	0.01
L	4525401740	4525401740	1	7	7	0.01
L	4525291629	4525291629	1	7	7	0.01
L	309385681	309385681	1	7	7	0.01
L	405228865	405228865	1	7	7	0.01
L	4459632878	4459632878	1	7	7	0.01
L	4466173875	4466173875	1	7	7	0.01
L	4404904037	4404904037	1	7	7	0.01
L	4431243896	4431243896	1	7	7	0.01
L	4450774069	4450774069	1	7	7	0.01
L	4450645163	4450645163	1	7	7	0.01
L	254501862	254501862	1	7	7	0.01
L	4577427930	4577427930	1	7	7	0.01
L	4495807597	4495807597	1	7	7	0.01
L	4496227377	4496227377	1	7	7	0.01
L	3337261609	3337261609	1	7	7	0.01
L	4501577081	4501577081	1	7	7	0.01
L	3344220849	3344220849	1	7	7	0.01
L	4548021031	4548021031	1	7	7	0.01
L	3344290324	3344290324	1	7	7	0.01
L	4405141554	4405141554	1	7	7	0.01
L	4406136003	4406136003	1	7	7	0.01
L	325829585	325829585	1	7	7	0.01
L	2088117300	2088117300	1	7	7	0.01
L	4403226870	4403226870	1	7	7	0.01
L	3670517974	3670517974	1	7	7	0.01
L	265356781	265356781	1	7	7	0.01
L	316828472	316828472	1	7	7	0.01
L	4502891404	4502891404	1	7	7	0.01
L	308279313	308279313	1	7	7	0.01
L	279408200	279408200	1	7	7	0.01
L	4579471801	4579471801	1	7	7	0.01
L	4469627454	4469627454	1	7	7	0.01
L	390790248	390790248	1	7	7	0.01
L	4480661500	4480661500	1	7	7	0.01
L	308155515	308155515	1	7	7	0.01
L	2679421843	2679421843	1	7	7	0.01
L	2728456814	2728456814	1	7	7	0.01
L	2824338347	2824338347	1	7	7	0.01
L	763492425	763492425	1	7	7	0.01
L	1028073200	1028073200	1	8	8	0.01
L	949975641	949975641	1	8	8	0.01
L	1097971481	1097971481	1	8	8	0.01
L	995937523	995937523	1	8	8	0.01
L	1003701681	1003701681	1	8	8	0.01
L	1102704162	1102704162	1	8	8	0.01
L	1553342210	1553342210	1	8	8	0.01
L	1091822546	1091822546	1	8	8	0.01
L	3601187230	3601187230	1	8	8	0.01
L	3587319069	3587319069	1	8	8	0.01
L	2364782729	2364782729	1	8	8	0.01
L	2306422250	2306422250	1	8	8	0.01
L	2381426081	2381426081	1	8	8	0.01
L	3218976253	3218976253	1	8	8	0.01
L	3669590641	3669590641	1	8	8	0.01
L	2422066899	2422066899	1	8	8	0.01
L	3388417420	3388417420	1	8	8	0.01
L	3368686388	3368686388	1	8	8	0.01
L	880497177	880497177	1	8	8	0.01
L	1553469851	1553469851	1	8	8	0.01
L	2244409684	2244409684	1	8	8	0.01
L	1040329023	1040329023	1	8	8	0.01
L	1031896205	1031896205	1	8	8	0.01
L	949085944	949085944	1	8	8	0.01
L	1092261781	1092261781	1	8	8	0.01
L	882294147	882294147	1	8	8	0.01
L	1051073849	1051073849	1	8	8	0.01
L	1050885638	1050885638	1	8	8	0.01
L	1046542741	1046542741	1	8	8	0.01
L	1042900815	1042900815	1	8	8	0.01
L	4465747477	4465747477	1	8	8	0.01
L	4465556473	4465556473	1	8	8	0.01
L	4464718567	4464718567	1	8	8	0.01
L	4462540935	4462540935	1	8	8	0.01
L	4288048930	4288048930	1	8	8	0.01
L	773354885	773354885	1	8	8	0.01
L	407011145	407011145	1	8	8	0.01
L	4522425700	4522425700	1	8	8	0.01
L	3813124450	3813124450	1	8	8	0.01
L	4219763539	4219763539	1	8	8	0.01
L	242886295	242886295	1	8	8	0.01
L	4585484118	4585484118	1	8	8	0.01
L	4391166102	4391166102	1	8	8	0.01
L	4258454262	4258454262	1	8	8	0.01
L	2713475106	2713475106	1	8	8	0.01
L	261273379	261273379	1	8	8	0.01
L	4516506788	4516506788	1	8	8	0.01
L	4236662273	4236662273	1	8	8	0.01
L	4447097392	4447097392	1	8	8	0.01
L	3029017064	3029017064	1	8	8	0.01
L	4553309802	4553309802	1	8	8	0.01
L	4239037825	4239037825	1	8	8	0.01
L	4468213361	4468213361	1	8	8	0.01
L	1092308285	1092308285	1	8	8	0.01
L	1041085095	1041085095	1	8	8	0.01
L	1041005748	1041005748	1	8	8	0.01
L	4268521224	4268521224	1	8	8	0.01
L	4268553815	4268553815	1	8	8	0.01
L	3811610226	3811610226	1	8	8	0.01
L	2682507742	2682507742	1	8	8	0.01
L	633552918	633552918	1	8	8	0.01
L	2782021130	2782021130	1	8	8	0.01
L	2719746375	2719746375	1	8	8	0.01
L	2780442449	2780442449	1	8	8	0.01
L	2777248536	2777248536	1	8	8	0.01
L	2720188277	2720188277	1	8	8	0.01
L	2727633626	2727633626	1	8	8	0.01
L	3763425971	3763425971	1	8	8	0.01
L	3763661988	3763661988	1	8	8	0.01
L	628815743	628815743	1	8	8	0.01
L	631669405	631669405	1	8	8	0.01
L	632040032	632040032	1	8	8	0.01
L	3668228250	3668228250	1	8	8	0.01
L	4582128952	4582128952	1	8	8	0.01
L	731087670	731087670	1	8	8	0.01
L	768639796	768639796	1	8	8	0.01
L	843656203	843656203	1	8	8	0.01
L	691248696	691248696	1	8	8	0.01
L	692167069	692167069	1	8	8	0.01
L	785485010	785485010	1	8	8	0.01
L	635104641	635104641	1	8	8	0.01
L	2252057907	2252057907	1	9	9	0.01
L	44852060	44852060	1	9	9	0.01
L	44964857	44964857	1	9	9	0.01
L	2530784184	2530784184	1	9	9	0.01
L	1965848103	1965848103	1	9	9	0.01
L	1051592567	1051592567	1	9	9	0.01
L	1051592567	1051592567	1	9	9	0.01
L	51502843	51502843	1	9	9	0.01
L	97305705	97305705	1	9	9	0.01
L	97134074	97134074	1	9	9	0.01
L	96473721	96473721	1	9	9	0.01
L	2056052563	2056052563	1	9	9	0.01
L	2082198524	2082198524	1	9	9	0.01
L	778959753	778959753	1	9	9	0.01
L	779130625	779130625	1	9	9	0.01
L	779950956	779950956	1	9	9	0.01
L	779981205	779981205	1	9	9	0.01
L	782912776	782912776	1	9	9	0.01
L	783681604	783681604	1	9	9	0.01
L	2046076257	2046076257	1	9	9	0.01
L	943847255	943847255	1	9	9	0.01
L	2557630104	2557630104	1	9	9	0.01
L	1820481661	1820481661	1	9	9	0.01
L	2521626628	2521626628	1	9	9	0.01
L	80847644	80847644	1	9	9	0.01
L	82515373	82515373	1	9	9	0.01
L	75204717	75204717	1	9	9	0.01
L	74868840	74868840	1	9	9	0.01
L	90000455	90000455	1	9	9	0.01
L	88566907	88566907	1	9	9	0.01
L	143233795	143233795	1	9	9	0.01
L	2239908933	2239908933	1	9	9	0.01
L	154626941	154626941	1	9	9	0.01
L	65027842	65027842	1	9	9	0.01
L	61123736	61123736	1	9	9	0.01
L	58409676	58409676	1	9	9	0.01
L	52705609	52705609	1	9	9	0.01
L	52364091	52364091	1	9	9	0.01
L	51233441	51233441	1	9	9	0.01
L	101822738	101822738	1	9	9	0.01
L	119477797	119477797	1	9	9	0.01
L	2068170610	2068170610	1	9	9	0.01
L	46300190	46300190	1	9	9	0.01
L	3369743612	3369743612	1	10	10	0.01
L	2346364085	2346364085	1	10	10	0.01
L	3404442375	3404442375	1	10	10	0.01
L	2339799231	2339799231	1	10	10	0.01
L	2340084445	2340084445	1	10	10	0.01
L	2340170880	2340170880	1	10	10	0.01
L	3666505249	3666505249	1	10	10	0.01
L	4283309920	4283309920	1	10	10	0.01
L	4295352445	4295352445	1	10	10	0.01
L	3817427922	3817427922	1	10	10	0.01
L	4321175520	4321175520	1	10	10	0.01
L	1925572127	1925572127	1	10	10	0.01
L	1965417538	1965417538	1	10	10	0.01
L	2623375977	2623375977	1	10	10	0.01
L	3688004566	3688004566	1	10	10	0.01
L	1931020931	1931020931	1	10	10	0.01
L	1891458365	1891458365	1	10	10	0.01
L	2649124804	2649124804	1	10	10	0.01
L	1919584626	1919584626	1	10	10	0.01
L	1978212953	1978212953	1	10	10	0.01
L	2643450976	2643450976	1	10	10	0.01
L	2654276054	2654276054	1	10	10	0.01
L	1892051964	1892051964	1	10	10	0.01
L	1892199955	1892199955	1	10	10	0.01
L	1872656601	1872656601	1	10	10	0.01
L	1939184998	1939184998	1	10	10	0.01
L	1939542236	1939542236	1	10	10	0.01
L	1915016750	1915016750	1	10	10	0.01
L	1917472238	1917472238	1	10	10	0.01
L	2336478590	2336478590	1	10	10	0.01
L	4866117413	4866117413	1	10	10	0.01
L	3107302726	3107302726	1	10	10	0.01
L	3129084436	3129084436	1	10	10	0.01
L	3129269773	3129269773	1	10	10	0.01
L	2166545293	2166545293	1	10	10	0.01
L	2139552477	2139552477	1	10	10	0.01
L	3142431629	3142431629	1	10	10	0.01
L	3111188543	3111188543	1	10	10	0.01
L	2258474617	2258474617	1	10	10	0.01
L	3100444873	3100444873	1	10	10	0.01
L	2140638757	2140638757	1	10	10	0.01
L	2140750568	2140750568	1	10	10	0.01
L	2165253309	2165253309	1	10	10	0.01
L	3135677524	3135677524	1	10	10	0.01
L	2170811402	2170811402	1	10	10	0.01
L	3102189671	3102189671	1	10	10	0.01
L	2149743039	2149743039	1	10	10	0.01
L	2175642053	2175642053	1	10	10	0.01
L	2159863005	2159863005	1	10	10	0.01
L	3140221379	3140221379	1	10	10	0.01
L	3047329194	3047329194	1	10	10	0.01
L	2022051435	2022051435	1	10	10	0.01
L	4139189854	4139189854	1	10	10	0.01
L	3739832618	3739832618	1	5	5	0.01
L	3599284587	3599284587	1	5	5	0.01
L	3779950289	3779950289	1	5	5	0.01
L	614822229	614822229	1	5	5	0.01
L	3810653756	3810653756	1	5	5	0.01
L	2443639976	2443639976	1	5	5	0.01
L	3390587322	3390587322	1	5	5	0.01
L	3595324703	3595324703	1	5	5	0.01
L	1483694438	1483694438	1	5	5	0.01
L	4787577257	4787577257	1	5	5	0.01
L	1480285853	1480285853	1	5	5	0.01
L	1425381249	1425381249	1	5	5	0.01
L	3239276032	3239276032	1	5	5	0.01
L	3239871692	3239871692	1	5	5	0.01
L	5066129253	5066129253	1	5	5	0.01
L	5051253381	5051253381	1	5	5	0.01
L	5067440322	5067440322	1	5	5	0.01
L	3269930067	3269930067	1	5	5	0.01
L	3272776712	3272776712	1	5	5	0.01
L	3326754969	3326754969	1	5	5	0.01
L	5088715149	5088715149	1	5	5	0.01
L	4708339437	4708339437	1	5	5	0.01
L	5011855567	5011855567	1	5	5	0.01
L	5013725439	5013725439	1	5	5	0.01
L	5013941847	5013941847	1	5	5	0.01
L	3438412214	3438412214	1	5	5	0.01
L	3438014909	3438014909	1	5	5	0.01
L	4790193545	4790193545	1	5	5	0.01
L	5157840976	5157840976	1	5	5	0.01
L	1330925525	1330925525	1	5	5	0.01
L	5087320204	5087320204	1	5	5	0.01
L	3415713396	3415713396	1	5	5	0.01
L	5083789691	5083789691	1	5	5	0.01
L	5084068550	5084068550	1	5	5	0.01
L	5096314952	5096314952	1	5	5	0.01
L	5095620734	5095620734	1	5	5	0.01
L	5131003852	5131003852	1	5	5	0.01
L	5115527375	5115527375	1	5	5	0.01
L	5033052131	5033052131	1	5	5	0.01
L	5094139662	5094139662	1	5	5	0.01
L	5156320288	5156320288	1	5	5	0.01
L	5162092068	5162092068	1	5	5	0.01
L	4750399989	4750399989	1	5	5	0.01
L	5160024439	5160024439	1	5	5	0.01
L	1714921955	1714921955	1	12	12	0.01
L	1687610375	1687610375	1	12	12	0.01
L	1680386452	1680386452	1	12	12	0.01
L	1680269967	1680269967	1	12	12	0.01
L	41733625	41733625	1	12	12	0.01
L	34309394	34309394	1	12	12	0.01
L	1760705588	1760705588	1	12	12	0.01
L	4082453728	4082453728	1	12	12	0.01
L	1728121808	1728121808	1	12	12	0.01
L	4082688795	4082688795	1	12	12	0.01
L	4063961550	4063961550	1	12	12	0.01
L	3678241079	3678241079	1	12	12	0.01
L	3576310626	3576310626	1	12	12	0.01
L	2372692427	2372692427	1	12	12	0.01
L	2372737204	2372737204	1	12	12	0.01
L	2361441313	2361441313	1	12	12	0.01
L	2409416076	2409416076	1	12	12	0.01
L	2409456423	2409456423	1	12	12	0.01
L	2389415325	2389415325	1	12	12	0.01
L	2371456230	2371456230	1	12	12	0.01
L	2369247635	2369247635	1	12	12	0.01
L	2367426762	2367426762	1	12	12	0.01
L	1727822238	1727822238	1	12	12	0.01
L	4921621157	4921621157	1	12	12	0.01
L	4863842570	4863842570	1	12	12	0.01
L	2749204036	2749204036	1	12	12	0.01
L	1107189020	1107189020	1	12	12	0.01
L	4906876796	4906876796	1	12	12	0.01
L	1118667074	1118667074	1	12	12	0.01
L	1120233732	1120233732	1	12	12	0.01
L	4911483545	4911483545	1	12	12	0.01
L	4924379388	4924379388	1	12	12	0.01
L	4928850876	4928850876	1	12	12	0.01
L	1170310441	1170310441	1	12	12	0.01
L	1169316182	1169316182	1	12	12	0.01
L	3611289503	3611289503	1	12	12	0.01
L	4272843229	4272843229	1	12	12	0.01
L	4275380785	4275380785	1	12	12	0.01
L	2187343856	2187343856	1	13	13	0.01
L	2138599035	2138599035	1	13	13	0.01
L	1842487898	1842487898	1	13	13	0.01
L	1059746526	1059746526	1	13	13	0.01
L	5049770880	5049770880	1	13	13	0.01
L	104198119	104198119	1	13	13	0.01
L	2660318945	2660318945	1	13	13	0.01
L	3743281180	3743281180	1	13	13	0.01
L	4186377789	4186377789	1	13	13	0.01
L	3638313147	3638313147	1	13	13	0.01
L	3804129412	3804129412	1	13	13	0.01
L	4248562149	4248562149	1	13	13	0.01
L	4244972694	4244972694	1	13	13	0.01
L	4226799885	4226799885	1	13	13	0.01
L	4220583039	4220583039	1	13	13	0.01
L	2391978981	2391978981	1	13	13	0.01
L	4277128268	4277128268	1	13	13	0.01
L	3598378943	3598378943	1	13	13	0.01
L	4557461279	4557461279	1	13	13	0.01
L	3440553902	3440553902	1	13	13	0.01
L	3441773609	3441773609	1	13	13	0.01
L	2426449854	2426449854	1	13	13	0.01
L	3412808946	3412808946	1	13	13	0.01
L	2424291568	2424291568	1	13	13	0.01
L	3392882651	3392882651	1	13	13	0.01
L	3393515774	3393515774	1	13	13	0.01
L	3458851911	3458851911	1	13	13	0.01
L	3390180805	3390180805	1	13	13	0.01
L	3391542472	3391542472	1	13	13	0.01
L	3420531951	3420531951	1	13	13	0.01
L	2473244326	2473244326	1	13	13	0.01
L	3444855530	3444855530	1	13	13	0.01
L	3413720096	3413720096	1	13	13	0.01
L	3814048157	3814048157	1	13	13	0.01
L	3813417610	3813417610	1	13	13	0.01
L	2581411741	2581411741	1	14	14	0.01
L	2600752654	2600752654	1	14	14	0.01
L	2601040734	2601040734	1	14	14	0.01
L	2071379295	2071379295	1	14	14	0.01
L	81366281	81366281	1	14	14	0.01
L	1054283674	1054283674	1	14	14	0.01
L	1855712178	1855712178	1	14	14	0.01
L	1941486447	1941486447	1	14	14	0.01
L	1941666720	1941666720	1	14	14	0.01
L	885737727	885737727	1	14	14	0.01
L	188989114	188989114	1	14	14	0.01
L	3500872514	3500872514	1	14	14	0.01
L	2566297746	2566297746	1	14	14	0.01
L	621316	621316	1	14	14	0.01
L	2375445731	2375445731	1	14	14	0.01
L	229862188	229862188	1	14	14	0.01
L	2492488751	2492488751	1	14	14	0.01
L	2536770962	2536770962	1	14	14	0.01
L	2608142794	2608142794	1	14	14	0.01
L	2423327206	2423327206	1	14	14	0.01
L	2612405630	2612405630	1	14	14	0.01
L	2586710502	2586710502	1	14	14	0.01
L	2586625568	2586625568	1	14	14	0.01
L	2606803501	2606803501	1	14	14	0.01
L	1849274458	1849274458	1	14	14	0.01
L	2606127110	2606127110	1	14	14	0.01
L	2605251977	2605251977	1	14	14	0.01
L	2506487076	2506487076	1	14	14	0.01
L	2506296198	2506296198	1	14	14	0.01
L	2631622256	2631622256	1	14	14	0.01
L	1848002479	1848002479	1	14	14	0.01
L	2543618246	2543618246	1	14	14	0.01
L	2542889521	2542889521	1	14	14	0.01
L	4099646038	4099646038	1	14	14	0.01
L	2635208656	2635208656	1	14	14	0.01
L	2605421673	2605421673	1	14	14	0.01
L	1637060503	1637060503	1	14	14	0.01
L	2605070808	2605070808	1	14	14	0.01
L	4336888222	4336888222	1	15	15	0.01
L	4343332794	4343332794	1	15	15	0.01
L	3258145201	3258145201	1	15	15	0.01
L	3313532696	3313532696	1	15	15	0.01
L	3213879842	3213879842	1	15	15	0.01
L	3213906574	3213906574	1	15	15	0.01
L	3214180379	3214180379	1	15	15	0.01
L	484958064	484958064	1	15	15	0.01
L	3215176835	3215176835	1	15	15	0.01
L	4128972288	4128972288	1	15	15	0.01
L	4129014036	4129014036	1	15	15	0.01
L	3242787442	3242787442	1	15	15	0.01
L	4127407782	4127407782	1	15	15	0.01
L	4130743873	4130743873	1	15	15	0.01
L	3212143750	3212143750	1	15	15	0.01
L	4037364954	4037364954	1	15	15	0.01
L	4110558472	4110558472	1	15	15	0.01
L	4045946405	4045946405	1	15	15	0.01
L	3210529395	3210529395	1	15	15	0.01
L	3215741333	3215741333	1	15	15	0.01
L	3263451222	3263451222	1	15	15	0.01
L	3263413669	3263413669	1	15	15	0.01
L	786286691	786286691	1	15	15	0.01
L	3258334687	3258334687	1	15	15	0.01
L	3264626930	3264626930	1	15	15	0.01
L	3304161588	3304161588	1	15	15	0.01
L	4155141221	4155141221	1	15	15	0.01
L	3265299288	3265299288	1	15	15	0.01
L	167693340	167693340	1	15	15	0.01
L	3293010696	3293010696	1	15	15	0.01
L	3293192389	3293192389	1	15	15	0.01
L	184106588	184106588	1	15	15	0.01
L	3290256153	3290256153	1	15	15	0.01
L	185963704	185963704	1	15	15	0.01
L	186807169	186807169	1	15	15	0.01
L	4122034600	4122034600	1	15	15	0.01
L	4115339511	4115339511	1	15	15	0.01
L	4114658708	4114658708	1	15	15	0.01
L	3224453073	3224453073	1	15	15	0.01
L	4037408999	4037408999	1	15	15	0.01
L	3213971809	3213971809	1	15	15	0.01
L	3217379870	3217379870	1	15	15	0.01
L	3214564685	3214564685	1	15	15	0.01
L	4131697124	4131697124	1	15	15	0.01
L	4133111569	4133111569	1	15	15	0.01
L	3286565301	3286565301	1	15	15	0.01
L	4134718954	4134718954	1	15	15	0.01
L	1186470703	1186470703	1	16	16	0.01
L	1297483336	1297483336	1	16	16	0.01
L	1188460115	1188460115	1	16	16	0.01
L	1134957436	1134957436	1	16	16	0.01
L	433292937	433292937	1	16	16	0.01
L	433572094	433572094	1	16	16	0.01
L	428299722	428299722	1	16	16	0.01
L	1185390236	1185390236	1	16	16	0.01
L	1186184920	1186184920	1	16	16	0.01
L	1186104379	1186104379	1	16	16	0.01
L	1293187747	1293187747	1	16	16	0.01
L	350257869	350257869	1	16	16	0.01
L	350312455	350312455	1	16	16	0.01
L	418084199	418084199	1	16	16	0.01
L	417431504	417431504	1	16	16	0.01
L	467853672	467853672	1	16	16	0.01
L	1179260603	1179260603	1	16	16	0.01
L	1300363639	1300363639	1	16	16	0.01
L	359752017	359752017	1	16	16	0.01
L	1305690236	1305690236	1	16	16	0.01
L	1305649916	1305649916	1	16	16	0.01
L	1140198267	1140198267	1	16	16	0.01
L	359612207	359612207	1	16	16	0.01
L	1140918811	1140918811	1	16	16	0.01
L	290063509	290063509	1	16	16	0.01
L	418552824	418552824	1	16	16	0.01
L	418683286	418683286	1	16	16	0.01
L	1188624541	1188624541	1	16	16	0.01
L	1188581735	1188581735	1	16	16	0.01
L	468126284	468126284	1	16	16	0.01
L	567576733	567576733	1	16	16	0.01
L	2851263949	2851263949	1	16	16	0.01
L	2702060661	2702060661	1	16	16	0.01
L	2871593479	2871593479	1	16	16	0.01
L	2992278218	2992278218	1	16	16	0.01
L	2896231111	2896231111	1	16	16	0.01
L	2896289214	2896289214	1	16	16	0.01
L	2765260055	2765260055	1	16	16	0.01
L	2741052247	2741052247	1	16	16	0.01
L	2741818507	2741818507	1	16	16	0.01
L	2797246358	2797246358	1	16	16	0.01
L	3036397793	3036397793	1	16	16	0.01
L	890595102	890595102	1	16	16	0.01
L	2755457930	2755457930	1	16	16	0.01
L	1971641797	1971641797	1	16	16	0.01
L	2957066315	2957066315	1	16	16	0.01
L	3022568297	3022568297	1	16	16	0.01
L	3022618344	3022618344	1	16	16	0.01
L	2816168088	2816168088	1	16	16	0.01
L	2760925194	2760925194	1	16	16	0.01
L	2945869751	2945869751	1	16	16	0.01
L	2971687005	2971687005	1	16	16	0.01
L	1102940423	1102940423	1	16	16	0.01
L	3031553870	3031553870	1	16	16	0.01
L	2881303646	2881303646	1	16	16	0.01
L	1316321009	1316321009	1	17	17	0.01
L	1265494962	1265494962	1	17	17	0.01
L	1273169819	1273169819	1	17	17	0.01
L	3520656350	3520656350	1	17	17	0.01
L	226513947	226513947	1	17	17	0.01
L	1288047834	1288047834	1	17	17	0.01
L	4886638319	4886638319	1	17	17	0.01
L	1310307490	1310307490	1	17	17	0.01
L	1286590908	1286590908	1	17	17	0.01
L	4888690327	4888690327	1	17	17	0.01
L	349982066	349982066	1	17	17	0.01
L	1282790504	1282790504	1	17	17	0.01
L	4962029340	4962029340	1	17	17	0.01
L	4863195217	4863195217	1	17	17	0.01
L	4921717772	4921717772	1	17	17	0.01
L	4867488293	4867488293	1	17	17	0.01
L	1212067707	1212067707	1	17	17	0.01
L	4952445883	4952445883	1	17	17	0.01
L	4932719299	4932719299	1	17	17	0.01
L	1132555829	1132555829	1	17	17	0.01
L	4959344499	4959344499	1	17	17	0.01
L	4940928811	4940928811	1	17	17	0.01
L	4942743274	4942743274	1	17	17	0.01
L	1311352799	1311352799	1	17	17	0.01
L	4874735902	4874735902	1	17	17	0.01
L	4943658873	4943658873	1	17	17	0.01
L	4943622341	4943622341	1	17	17	0.01
L	4958222581	4958222581	1	17	17	0.01
L	1287493461	1287493461	1	17	17	0.01
L	1899808383	1899808383	1	17	17	0.01
L	1899718052	1899718052	1	17	17	0.01
L	1897071668	1897071668	1	17	17	0.01
L	1819254866	1819254866	1	17	17	0.01
L	1819031678	1819031678	1	17	17	0.01
L	2253725690	2253725690	1	17	17	0.01
L	1918277951	1918277951	1	17	17	0.01
L	2666651128	2666651128	1	17	17	0.01
L	1895236376	1895236376	1	17	17	0.01
L	1956959145	1956959145	1	17	17	0.01
L	958725939	958725939	1	17	17	0.01
L	1898806603	1898806603	1	17	17	0.01
L	2593831790	2593831790	1	17	17	0.01
L	1907134056	1907134056	1	17	17	0.01
L	1907009091	1907009091	1	17	17	0.01
L	1906885781	1906885781	1	17	17	0.01
L	1906447296	1906447296	1	17	17	0.01
L	1814056724	1814056724	1	17	17	0.01
L	2659303541	2659303541	1	17	17	0.01
L	1842535124	1842535124	1	17	17	0.01
L	1909450331	1909450331	1	17	17	0.01
L	1846392166	1846392166	1	17	17	0.01
L	1846253939	1846253939	1	17	17	0.01
L	1831433918	1831433918	1	17	17	0.01
L	1831557211	1831557211	1	17	17	0.01
L	1831665993	1831665993	1	17	17	0.01
L	4561463066	4561463066	1	18	18	0.01
L	4223705244	4223705244	1	18	18	0.01
L	5130978467	5130978467	1	18	18	0.01
L	4256259670	4256259670	1	18	18	0.01
L	3078469817	3078469817	1	18	18	0.01
L	3076479465	3076479465	1	18	18	0.01
L	2869872449	2869872449	1	18	18	0.01
L	299503802	299503802	1	18	18	0.01
L	4584074979	4584074979	1	18	18	0.01
L	4459045517	4459045517	1	18	18	0.01
L	292808930	292808930	1	18	18	0.01
L	4528325392	4528325392	1	18	18	0.01
L	3037117975	3037117975	1	18	18	0.01
L	399739443	399739443	1	18	18	0.01
L	3283007151	3283007151	1	18	18	0.01
L	4534655721	4534655721	1	18	18	0.01
L	393932116	393932116	1	18	18	0.01
L	260058201	260058201	1	18	18	0.01
L	249387813	249387813	1	18	18	0.01
L	296158680	296158680	1	18	18	0.01
L	4537503822	4537503822	1	18	18	0.01
L	4537983468	4537983468	1	18	18	0.01
L	263271316	263271316	1	18	18	0.01
L	4518063375	4518063375	1	18	18	0.01
L	4520079844	4520079844	1	18	18	0.01
L	4520129015	4520129015	1	18	18	0.01
L	242854446	242854446	1	18	18	0.01
L	405708800	405708800	1	18	18	0.01
L	4541374903	4541374903	1	18	18	0.01
L	3290129687	3290129687	1	19	19	0.01
L	4627743241	4627743241	1	19	19	0.01
L	4630509590	4630509590	1	19	19	0.01
L	1138135348	1138135348	1	19	19	0.01
L	4716512490	4716512490	1	19	19	0.01
L	4726061774	4726061774	1	19	19	0.01
L	4661895813	4661895813	1	19	19	0.01
L	4998360104	4998360104	1	19	19	0.01
L	4727278082	4727278082	1	19	19	0.01
L	5075866297	5075866297	1	19	19	0.01
L	5104097579	5104097579	1	19	19	0.01
L	4720039133	4720039133	1	19	19	0.01
L	5082923362	5082923362	1	19	19	0.01
L	4654952095	4654952095	1	19	19	0.01
L	4656788752	4656788752	1	19	19	0.01
L	4656691442	4656691442	1	19	19	0.01
L	5083001616	5083001616	1	19	19	0.01
L	4728460904	4728460904	1	19	19	0.01
L	4733565416	4733565416	1	19	19	0.01
L	4729738804	4729738804	1	19	19	0.01
L	4730048409	4730048409	1	19	19	0.01
L	4728055110	4728055110	1	19	19	0.01
L	549386558	549386558	1	19	19	0.01
L	4775283202	4775283202	1	19	19	0.01
L	4657472483	4657472483	1	19	19	0.01
L	4795269661	4795269661	1	19	19	0.01
L	5083543649	5083543649	1	19	19	0.01
L	4729010549	4729010549	1	19	19	0.01
L	4704711641	4704711641	1	19	19	0.01
L	4641545254	4641545254	1	19	19	0.01
L	242526037	242526037	1	20	20	0.01
L	1182194560	1182194560	1	20	20	0.01
L	444083797	444083797	1	20	20	0.01
L	4718237698	4718237698	1	20	20	0.01
L	4718268507	4718268507	1	20	20	0.01
L	4993275092	4993275092	1	20	20	0.01
L	4740319837	4740319837	1	20	20	0.01
L	4742023610	4742023610	1	20	20	0.01
L	5082756034	5082756034	1	20	20	0.01
L	4078478032	4078478032	1	20	20	0.01
L	1179482977	1179482977	1	20	20	0.01
L	381784633	381784633	1	20	20	0.01
L	380233859	380233859	1	20	20	0.01
L	384739149	384739149	1	20	20	0.01
L	385089010	385089010	1	20	20	0.01
L	448904595	448904595	1	20	20	0.01
L	448831901	448831901	1	20	20	0.01
L	447757229	447757229	1	20	20	0.01
L	446219292	446219292	1	20	20	0.01
L	1197094154	1197094154	1	20	20	0.01
L	1194312517	1194312517	1	20	20	0.01
L	1194414303	1194414303	1	20	20	0.01
L	1180574971	1180574971	1	20	20	0.01
L	1190681440	1190681440	1	20	20	0.01
L	369811421	369811421	1	20	20	0.01
L	1144905391	1144905391	1	20	20	0.01
L	523818637	523818637	1	20	20	0.01
L	1194074620	1194074620	1	20	20	0.01
L	1200286702	1200286702	1	20	20	0.01
L	1151021654	1151021654	1	20	20	0.01
L	386791997	386791997	1	20	20	0.01
L	550364273	550364273	1	20	20	0.01
L	1249214499	1249214499	1	20	20	0.01
L	1307514444	1307514444	1	20	20	0.01
L	1141060437	1141060437	1	20	20	0.01
L	541784476	541784476	1	21	21	0.01
L	1110969716	1110969716	1	21	21	0.01
L	534774258	534774258	1	21	21	0.01
L	530366921	530366921	1	21	21	0.01
L	1257411527	1257411527	1	21	21	0.01
L	1232631627	1232631627	1	21	21	0.01
L	1232599742	1232599742	1	21	21	0.01
L	1247691859	1247691859	1	21	21	0.01
L	450703897	450703897	1	21	21	0.01
L	449617653	449617653	1	21	21	0.01
L	566683076	566683076	1	21	21	0.01
L	449713490	449713490	1	21	21	0.01
L	1229425564	1229425564	1	21	21	0.01
L	1114865965	1114865965	1	21	21	0.01
L	436640437	436640437	1	21	21	0.01
L	436596673	436596673	1	21	21	0.01
L	1229194655	1229194655	1	21	21	0.01
L	1307754285	1307754285	1	21	21	0.01
L	1648207544	1648207544	1	22	22	0.01
L	4056006931	4056006931	1	22	22	0.01
L	1710594716	1710594716	1	22	22	0.01
L	4055205078	4055205078	1	22	22	0.01
L	4079952586	4079952586	1	22	22	0.01
L	1756183710	1756183710	1	22	22	0.01
L	36410617	36410617	1	22	22	0.01
L	1748997449	1748997449	1	22	22	0.01
L	1743836860	1743836860	1	22	22	0.01
L	1743798836	1743798836	1	22	22	0.01
L	1639595582	1639595582	1	22	22	0.01
L	217163478	217163478	1	22	22	0.01
L	1730741315	1730741315	1	22	22	0.01
L	1672174526	1672174526	1	22	22	0.01
L	1678052720	1678052720	1	22	22	0.01
L	4122301878	4122301878	1	22	22	0.01
L	1679261280	1679261280	1	22	22	0.01
L	4166213353	4166213353	1	22	22	0.01
L	1733469089	1733469089	1	22	22	0.01
L	202745355	202745355	1	22	22	0.01
L	198330217	198330217	1	22	22	0.01
L	200680212	200680212	1	22	22	0.01
L	1699907919	1699907919	1	22	22	0.01
L	3750401230	3750401230	1	23	23	0.01
L	3750342693	3750342693	1	23	23	0.01
L	4279632420	4279632420	1	23	23	0.01
L	3452743739	3452743739	1	23	23	0.01
L	2397210762	2397210762	1	23	23	0.01
L	3454881295	3454881295	1	23	23	0.01
L	3751078904	3751078904	1	23	23	0.01
L	3751166397	3751166397	1	23	23	0.01
L	784875672	784875672	1	23	23	0.01
L	1232677209	1232677209	1	23	23	0.01
L	2618849578	2618849578	1	23	23	0.01
L	2621288513	2621288513	1	23	23	0.01
L	4324741914	4324741914	1	23	23	0.01
L	4228408526	4228408526	1	23	23	0.01
L	3731135577	3731135577	1	23	23	0.01
L	4240403561	4240403561	1	23	23	0.01
L	2439175061	2439175061	1	23	23	0.01
L	2329809681	2329809681	1	23	23	0.01
L	835250090	835250090	1	24	24	0.01
L	668554379	668554379	1	24	24	0.01
L	820538626	820538626	1	24	24	0.01
L	664831578	664831578	1	24	24	0.01
L	835575777	835575777	1	24	24	0.01
L	1516668301	1516668301	1	25	25	0.01
L	242763075	242763075	1	25	25	0.01
L	790017873	790017873	1	25	25	0.01
L	77996506	77996506	1	25	25	0.01
L	5071282248	5071282248	1	25	25	0.01
L	5073303645	5073303645	1	25	25	0.01
L	3235159614	3235159614	1	25	25	0.01
L	3239416103	3239416103	1	25	25	0.01
L	1532924419	1532924419	1	25	25	0.01
L	1522198062	1522198062	1	25	25	0.01
L	866424315	866424315	1	25	25	0.01
L	888180007	888180007	1	25	25	0.01
L	1358596820	1358596820	1	25	25	0.01
L	1016160251	1016160251	1	25	25	0.01
L	1533295516	1533295516	1	25	25	0.01
L	1534178750	1534178750	1	25	25	0.01
L	1033522981	1033522981	1	25	25	0.01
L	1016069351	1016069351	1	25	25	0.01
L	1427183019	1427183019	1	25	25	0.01
L	1426714385	1426714385	1	25	25	0.01
L	1080173196	1080173196	1	25	25	0.01
L	1470499277	1470499277	1	25	25	0.01
L	1361400452	1361400452	1	25	25	0.01
L	1360808752	1360808752	1	25	25	0.01
L	1422257037	1422257037	1	25	25	0.01
L	917004644	917004644	1	25	25	0.01
L	1039240808	1039240808	1	25	25	0.01
L	1080781296	1080781296	1	25	25	0.01
L	1501545582	1501545582	1	25	25	0.01
L	1534338520	1534338520	1	25	25	0.01
L	1362367074	1362367074	1	25	25	0.01
L	2974505381	2974505381	1	26	26	0.01
L	4520986204	4520986204	1	26	26	0.01
L	314688972	314688972	1	26	26	0.01
L	4775911534	4775911534	1	26	26	0.01
L	3072546891	3072546891	1	26	26	0.01
L	3556400477	3556400477	1	26	26	0.01
L	4513514954	4513514954	1	26	26	0.01
L	3045213099	3045213099	1	26	26	0.01
L	3044213652	3044213652	1	26	26	0.01
L	2691058528	2691058528	1	26	26	0.01
L	2690708928	2690708928	1	26	26	0.01
L	4550520265	4550520265	1	26	26	0.01
L	2594194480	2594194480	1	27	27	0.01
L	1980305253	1980305253	1	27	27	0.01
L	1980356611	1980356611	1	27	27	0.01
L	1980916092	1980916092	1	27	27	0.01
L	1979182106	1979182106	1	27	27	0.01
L	1894421939	1894421939	1	27	27	0.01
L	1775834165	1775834165	1	27	27	0.01
L	1768242091	1768242091	1	27	27	0.01
L	161764177	161764177	1	27	27	0.01
L	1766003157	1766003157	1	27	27	0.01
L	1760061933	1760061933	1	27	27	0.01
L	1735043585	1735043585	1	27	27	0.01
L	1766995905	1766995905	1	27	27	0.01
L	1773854336	1773854336	1	27	27	0.01
L	4943394189	4943394189	1	27	27	0.01
L	4858916913	4858916913	1	27	27	0.01
L	1160114455	1160114455	1	27	27	0.01
L	4888757542	4888757542	1	27	27	0.01
L	1285028987	1285028987	1	27	27	0.01
L	4722293536	4722293536	1	28	28	0.01
L	4509594323	4509594323	1	28	28	0.01
L	4510294977	4510294977	1	28	28	0.01
L	388990847	388990847	1	28	28	0.01
L	4305904368	4305904368	1	28	28	0.01
L	840744430	840744430	1	28	28	0.01
L	4521419833	4521419833	1	28	28	0.01
L	4521823440	4521823440	1	28	28	0.01
L	3010313857	3010313857	1	28	28	0.01
L	2100292438	2100292438	1	28	28	0.01
L	2278775861	2278775861	1	28	28	0.01
L	3024883315	3024883315	1	28	28	0.01
L	2096714716	2096714716	1	28	28	0.01
L	2195836187	2195836187	1	28	28	0.01
L	2196025835	2196025835	1	28	28	0.01
L	2207992656	2207992656	1	28	28	0.01
L	2217356043	2217356043	1	28	28	0.01
L	2155629342	2155629342	1	28	28	0.01
L	2187035073	2187035073	1	28	28	0.01
1	1	235807515	1	1		1
2	235807516	339312438	1	1		1
3	339312439	593618351	1	1		1
4	593618352	845049466	1	1		1
5	845049467	1105076931	1	1		1
6	1105076932	1331902327	1	1		1
7	1331902328	1573399265	1	1		1
8	1573399266	1783154785	1	1		1
9	1783154786	2016596963	1	1		1
10	2016596964	2279888973	1	1		1
11	2279888974	2487290944	1	1		1
12	2487290945	2677532888	1	1		1
13	2677532889	2926126958	1	1		1
14	2926126959	3150392920	1	1		1
15	3150392921	3368040093	1	1		1
16	3368040094	3601838063	1	1		1
17	3601838064	3827391689	1	1		1
18	3827391690	4005269164	1	1		1
19	4005269165	4185360035	1	1		1
20	4185360036	4366740901	1	1		1
21	4366740902	4626491387	1	1		1
22	4626491388	4837005266	1	1		1
23	4837005267	4985753398	1	1		1
24	4985753399	5178571772	1	1		1
