start1	end1	start2	end2	col
2217977295	2217977295	2280711848	2280711848	28
2131147771	2131147771	2183073373	2183073373	28
4668920896	4668920896	4722109583	4722109583	28
4490434480	4490434480	4560393802	4560393802	28
4491204220	4491204220	4559469129	4559469129	28
527921234	527921234	485956073	485956073	28
4269997201	4269997201	4317106615	4317106615	28
4506244568	4506244568	4547956600	4547956600	28
4506713337	4506713337	4547399607	4547399607	28
3193735332	3193735332	3106244908	3106244908	28
832321723	832321723	813018204	813018204	28
2225403622	2225403622	2289453256	2289453256	28
2219460338	2219460338	2282355224	2282355224	28
3145321425	3145321425	3079453580	3079453580	28
2253609902	2253609902	2319375093	2319375093	28
2243842799	2243842799	2309803082	2309803082	28
2189590273	2189590273	2246505218	2246505218	28
2219657927	2219657927	2282535863	2282535863	28
2126845301	2126845301	2178892386	2178892386	28
1744048847	1744048847	1770901545	1770901545	27
2623185604	2623185604	2692566947	2692566947	27
1913674818	1913674818	1989835091	1989835091	27
1914687262	1914687262	1989772531	1989772531	27
1915466916	1915466916	1989007901	1989007901	27
1912469248	1912469248	1991226992	1991226992	27
1734194330	1734194330	1783603443	1783603443	27
1736800578	1736800578	1779967615	1779967615	27
215760034	215760034	172002154	172002154	27
1972073730	1972073730	1927530775	1927530775	27
1749785923	1749785923	1763404340	1763404340	27
1743076833	1743076833	1772126116	1772126116	27
1742613485	1742613485	1772841810	1772841810	27
4841571461	4841571461	4864876111	4864876111	27
4911740688	4911740688	4892967485	4892967485	27
1284588519	1284588519	1356449462	1356449462	27
4901738803	4901738803	4932002833	4932002833	27
1376136343	1376136343	1251923825	1251923825	27
1783225396	1783225396	1735278718	1735278718	27
4493889549	4493889549	4556475160	4556475160	26
3224469657	3224469657	3049253566	3049253566	26
4505748040	4505748040	4548481776	4548481776	26
382371320	382371320	342201132	342201132	26
3169428382	3169428382	3135020125	3135020125	26
3673749638	3673749638	3523996927	3523996927	26
4753885384	4753885384	4782911593	4782911593	26
3040479793	3040479793	3204028541	3204028541	26
2951666314	2951666314	2796419925	2796419925	26
2949669923	2949669923	2794506586	2794506586	26
4535325669	4535325669	4578438185	4578438185	26
3039171448	3039171448	3205464703	3205464703	26
3407260733	3407260733	3327477756	3327477756	25
991737308	991737308	931697281	931697281	25
1538074319	1538074319	1487345469	1487345469	25
1161172212	1161172212	1118529596	1118529596	25
1182094458	1182094458	1143970071	1143970071	25
1635211865	1635211865	1595884377	1595884377	25
1621450800	1621450800	1581377798	1581377798	25
5089822596	5089822596	5101786806	5101786806	25
3410665509	3410665509	3323147288	3323147288	25
5087943905	5087943905	5099484820	5099484820	25
113293001	113293001	70459455	70459455	25
884850035	884850035	824940857	824940857	25
467470257	467470257	247646814	247646814	25
1642308798	1642308798	1603817893	1603817893	25
1619831784	1619831784	1579569371	1579569371	25
1620410507	1620410507	1580315702	1580315702	25
1536210573	1536210573	1485131206	1485131206	25
1009111026	1009111026	952533416	952533416	25
1476370827	1476370827	1438464104	1438464104	25
991622110	991622110	931515705	931515705	25
1619788468	1619788468	1579499382	1579499382	25
1665583735	1665583735	266329967	266329967	25
1056044267	1056044267	1070091665	1070091665	25
1014534942	1014534942	959556946	959556946	25
1131421971	1131421971	1088942363	1088942363	25
1534088488	1534088488	1482512627	1482512627	25
1578292413	1578292413	1532015752	1532015752	25
1055520300	1055520300	1007214705	1007214705	25
1472871080	1472871080	1435101716	1435101716	25
1534938755	1534938755	1483654880	1483654880	25
1472611940	1472611940	1434741077	1434741077	25
797748673	797748673	774944606	774944606	24
837314584	837314584	874285892	874285892	24
793353513	793353513	770192713	770192713	24
852991760	852991760	857992140	857992140	24
837752786	837752786	873956007	873956007	24
2427276643	2427276643	2424242294	2424242294	23
3848532406	3848532406	3779650894	3779650894	23
3517941343	3517941343	3672764784	3672764784	23
3847850328	3847850328	3780539609	3780539609	23
3520121930	3520121930	3670178390	3670178390	23
4293804567	4293804567	4294765778	4294765778	23
3847771507	3847771507	3780599810	3780599810	23
890485990	890485990	819024315	819024315	23
3848632158	3848632158	3779356634	3779356634	23
4338184883	4338184883	4349293281	4349293281	23
1417874463	1417874463	1182169781	1182169781	23
2650951076	2650951076	2702453021	2702453021	23
4252406291	4252406291	4265837686	4265837686	23
3828418851	3828418851	3801844934	3801844934	23
4328811285	4328811285	4338398711	4338398711	23
3544924248	3544924248	3637850069	3637850069	23
2498302463	2498302463	2353279654	2353279654	23
2648141408	2648141408	2664404745	2664404745	23
1751096503	1751096503	1757690725	1757690725	22
1768875432	1768875432	1741992958	1741992958	22
1768794976	1768794976	1742087974	1742087974	22
1762669821	1762669821	1748540770	1748540770	22
67798093	67798093	68065416	68065416	22
3967753291	3967753291	4238067291	4238067291	22
3992526704	3992526704	4224020789	4224020789	22
3968261754	3968261754	4237509614	4237509614	22
1810916190	1810916190	1704331834	1704331834	22
1709176468	1709176468	1629260096	1629260096	22
160611344	160611344	113628628	113628628	22
1700467814	1700467814	1640703599	1640703599	22
4032824146	4032824146	4172869407	4172869407	22
1789379169	1789379169	1728792486	1728792486	22
1785519383	1785519383	1733456378	1733456378	22
1821440961	1821440961	1692456559	1692456559	22
178579843	178579843	132722121	132722121	22
173779810	173779810	127245528	127245528	22
176575185	176575185	129793198	129793198	22
4118204894	4118204894	4116756640	4116756640	22
1843010725	1843010725	1652497924	1652497924	22
1849403078	1849403078	1659955839	1659955839	22
1844200745	1844200745	1653811460	1653811460	22
588526224	588526224	550977793	550977793	21
662919973	662919973	619597177	619597177	21
1208857610	1208857610	3969024962	3969024962	21
656311164	656311164	612022841	612022841	21
1567958547	1567958547	1519627683	1519627683	21
1395341162	1395341162	1217264972	1217264972	21
1417824164	1417824164	1182084572	1182084572	21
1407152103	1407152103	1207648186	1207648186	21
589719110	589719110	552467069	552467069	21
1417794053	1417794053	1182049586	1182049586	21
679287137	679287137	386207527	386207527	21
1424960295	1424960295	1178381735	1178381735	21
1200000539	1200000539	1404842204	1404842204	21
576836880	576836880	537673209	537673209	21
3584025397	3584025397	537628885	537628885	21
1425550954	1425550954	1178204238	1178204238	21
1355691277	1355691277	1275695619	1275695619	21
588613781	588613781	551148851	551148851	21
5078151538	5078151538	5088167141	5088167141	20
587626973	587626973	550213803	550213803	20
523872484	523872484	481679160	481679160	20
523552353	523552353	481277178	481277178	20
519444105	519444105	476496638	476496638	20
520834268	520834268	478233823	478233823	20
468018896	468018896	248079397	248079397	20
3994069499	3994069499	4221502197	4221502197	20
4672545164	4672545164	4717541292	4717541292	20
4652074221	4652074221	4743512995	4743512995	20
4653495472	4653495472	4741694185	4741694185	20
5160135758	5160135758	5177996933	5177996933	20
4672584767	4672584767	4717519778	4717519778	20
583480542	583480542	545482919	545482919	20
1305842497	1305842497	1332424751	1332424751	20
586859624	586859624	549193690	549193690	20
587682732	587682732	550162643	550162643	20
1303073376	1303073376	1335319661	1335319661	20
585438627	585438627	547692725	547692725	20
1317902337	1317902337	1319068720	1319068720	20
1320574005	1320574005	1315893896	1315893896	20
1356046020	1356046020	1275547363	1275547363	20
1405617705	1405617705	1209703901	1209703901	20
671305975	671305975	626172211	626172211	20
525423780	525423780	483126615	483126615	20
1274948517	1274948517	1366591163	1366591163	20
1323333381	1323333381	1312516838	1312516838	20
1263784521	1263784521	1377183692	1377183692	20
646506484	646506484	600874409	600874409	20
508013184	508013184	464693875	464693875	20
1314910910	1314910910	1323120156	1323120156	20
1304237774	1304237774	1334090028	1334090028	20
1318297744	1318297744	1318751370	1318751370	20
1318217686	1318217686	1318829257	1318829257	20
1267722593	1267722593	1372933849	1372933849	20
5157724904	5157724904	5147074795	5147074795	19
5077997212	5077997212	5088068865	5088068865	19
4670996805	4670996805	4719550836	4719550836	19
5051843975	5051843975	5062607471	5062607471	19
5085548119	5085548119	5096323631	5096323631	19
4664699286	4664699286	4727546111	4727546111	19
4675079067	4675079067	4715763160	4715763160	19
4728311802	4728311802	4654567812	4654567812	19
4665798140	4665798140	4726281385	4726281385	19
1259788559	1259788559	1379540511	1379540511	19
4631063220	4631063220	4655577308	4655577308	19
4635082830	4635082830	4658843563	4658843563	19
3353749666	3353749666	3386581196	3386581196	19
4733721848	4733721848	4648876666	4648876666	19
4731284610	4731284610	4646809145	4646809145	19
4663634745	4663634745	4729165416	4729165416	19
4733634949	4733634949	4648775625	4648775625	19
4734552168	4734552168	4649847861	4649847861	19
5077913525	5077913525	5087849494	5087849494	19
4616170767	4616170767	4631167491	4631167491	19
4685568828	4685568828	4702574115	4702574115	19
4663167449	4663167449	4729787004	4729787004	19
4596452261	4596452261	4803520576	4803520576	19
5077281544	5077281544	5087224412	5087224412	19
4755171684	4755171684	4783987224	4783987224	19
670224477	670224477	419829166	419829166	19
4664187084	4664187084	4728718595	4728718595	19
4661810875	4661810875	4731055431	4731055431	19
4662059546	4662059546	4730714010	4730714010	19
4658796939	4658796939	4734715223	4734715223	19
2830905656	2830905656	2915529848	2915529848	18
3165479123	3165479123	3131150733	3131150733	18
4514108628	4514108628	4600241166	4600241166	18
400700966	400700966	306178691	306178691	18
4439651837	4439651837	4508004125	4508004125	18
373198191	373198191	285076825	285076825	18
3347410785	3347410785	3393954225	3393954225	18
3173495979	3173495979	3138957552	3138957552	18
3175503204	3175503204	3141249830	3141249830	18
4315377211	4315377211	4273850332	4273850332	18
5001179605	5001179605	5013713507	5013713507	18
4342059640	4342059640	4354395339	4354395339	18
4547204193	4547204193	4618424025	4618424025	18
539117425	539117425	497240009	497240009	18
4581647659	4581647659	4416487525	4416487525	18
4521077920	4521077920	4593343684	4593343684	18
437665384	437665384	283598112	283598112	18
4527507687	4527507687	4586147620	4586147620	18
467426068	467426068	247598446	247598446	18
4504852333	4504852333	4549490200	4549490200	18
4504806965	4504806965	4549546826	4549546826	18
4502825382	4502825382	4551627206	4551627206	18
545749348	545749348	504801656	504801656	18
4524105347	4524105347	4589669106	4589669106	18
4523617308	4523617308	4590439130	4590439130	18
390991797	390991797	301855202	301855202	18
420188820	420188820	322590387	322590387	18
427194483	427194483	326937713	326937713	18
533330114	533330114	491257601	491257601	18
1253363014	1253363014	1385578194	1385578194	17
4864612528	4864612528	4886078280	4886078280	17
4920022494	4920022494	4918159474	4918159474	17
1333373305	1333373305	1299868603	1299868603	17
4830445602	4830445602	4852441845	4852441845	17
4852886870	4852886870	4873910644	4873910644	17
1352698280	1352698280	1279659603	1279659603	17
4822153548	4822153548	4847266644	4847266644	17
4842174021	4842174021	4864196348	4864196348	17
4933762009	4933762009	4909907555	4909907555	17
4841124796	4841124796	4862040764	4862040764	17
4811358138	4811358138	4841917450	4841917450	17
4943039405	4943039405	4894866551	4894866551	17
1373865327	1373865327	1254588088	1254588088	17
1378001536	1378001536	1249358657	1249358657	17
1287525946	1287525946	1353245253	1353245253	17
4901814829	4901814829	4931941029	4931941029	17
1374786923	1374786923	1253493042	1253493042	17
1353649843	1353649843	1278412159	1278412159	17
4938334003	4938334003	4929709997	4929709997	17
4823709932	4823709932	4845843666	4845843666	17
151413883	151413883	104591267	104591267	17
3631369134	3631369134	3546512100	3546512100	17
1385392156	1385392156	1254791151	1254791151	17
1391804868	1391804868	1229792373	1229792373	17
1349197197	1349197197	1283959399	1283959399	17
1161301131	1161301131	4862154277	4862154277	17
4844267370	4844267370	4862533260	4862533260	17
1374213776	1374213776	1254030556	1254030556	17
1958353675	1958353675	1941984798	1941984798	17
1966911332	1966911332	1934009614	1934009614	17
2032109776	2032109776	1861548260	1861548260	17
2032256799	2032256799	1861455577	1861455577	17
2018231480	2018231480	1877080562	1877080562	17
2018054151	2018054151	1877210258	1877210258	17
1955802313	1955802313	1944400828	1944400828	17
2021671428	2021671428	1873304601	1873304601	17
2567672543	2567672543	2708993169	2708993169	17
2043356534	2043356534	1843762279	1843762279	17
1959118405	1959118405	1941135455	1941135455	17
1958481004	1958481004	1941684873	1941684873	17
1958419890	1958419890	1941745858	1941745858	17
2031943711	2031943711	1861650165	1861650165	17
2622865370	2622865370	2693054643	2693054643	17
2264750146	2264750146	2348565566	2348565566	17
1967943566	1967943566	1932535260	1932535260	17
1969423612	1969423612	1930573616	1930573616	17
2047288092	2047288092	1848476871	1848476871	17
2047037903	2047037903	1848078626	1848078626	17
1966943911	1966943911	1933918813	1933918813	17
1925921323	1925921323	1978615571	1978615571	17
2564534816	2564534816	2706467354	2706467354	17
1971164668	1971164668	1928501736	1928501736	17
1888132500	1888132500	2018729737	2018729737	17
1088171812	1088171812	1034398380	1034398380	17
1358123460	1358123460	1273922863	1273922863	16
601719250	601719250	566183442	566183442	16
1302862256	1302862256	1335653473	1335653473	16
1362652262	1362652262	1268325381	1268325381	16
497975286	497975286	453477281	453477281	16
1262796266	1262796266	1376313816	1376313816	16
1358161727	1358161727	1273885094	1273885094	16
559123488	559123488	518090778	518090778	16
497833826	497833826	453308691	453308691	16
1263479543	1263479543	1376932730	1376932730	16
395537714	395537714	302610665	302610665	16
558751924	558751924	517532696	517532696	16
558020752	558020752	516665936	516665936	16
1308896583	1308896583	1328782917	1328782917	16
486564782	486564782	442143392	442143392	16
486355133	486355133	442069044	442069044	16
1368867625	1368867625	1260590380	1260590380	16
1310438388	1310438388	1328021223	1328021223	16
1310537306	1310537306	1328008453	1328008453	16
1310843639	1310843639	1327564334	1327564334	16
573292292	573292292	534482176	534482176	16
573051921	573051921	534173975	534173975	16
1256480135	1256480135	1382827092	1382827092	16
1312991489	1312991489	1325367019	1325367019	16
1365186562	1365186562	1265211893	1265211893	16
1313184232	1313184232	1325138228	1325138228	16
559245729	559245729	518285087	518285087	16
568531002	568531002	528875329	528875329	16
1313144623	1313144623	1325138228	1325138228	16
1157796889	1157796889	1115864441	1115864441	16
601944605	601944605	566405794	566405794	16
2821028273	2821028273	2927819938	2927819938	16
1080447849	1080447849	1043597010	1043597010	16
3227050192	3227050192	3046218326	3046218326	16
3245165030	3245165030	3023673670	3023673670	16
2901382974	2901382974	2853452773	2853452773	16
2765383160	2765383160	2986084048	2986084048	16
3143335249	3143335249	3091649393	3091649393	16
3143300200	3143300200	3091697490	3091697490	16
3235366637	3235366637	3014832257	3014832257	16
1903735800	1903735800	2000755264	2000755264	16
2906304721	2906304721	2847884019	2847884019	16
3151915479	3151915479	3086910179	3086910179	16
3157648210	3157648210	3075580109	3075580109	16
3211015505	3211015505	3129076314	3129076314	16
2860793304	2860793304	2884764863	2884764863	16
692797986	692797986	387362865	387362865	16
2962933861	2962933861	2808193043	2808193043	16
2829369851	2829369851	2917445087	2917445087	16
2849262553	2849262553	2895434460	2895434460	16
2784201972	2784201972	2947616950	2947616950	16
2784169314	2784169314	2947717234	2947717234	16
2895629670	2895629670	2858338027	2858338027	16
2922650855	2922650855	2831763278	2831763278	16
2921730862	2921730862	2832632758	2832632758	16
3380757607	3380757607	3358217084	3358217084	15
3403613645	3403613645	3330774197	3330774197	15
3380793281	3380793281	3358182359	3358182359	15
3427168614	3427168614	3300681132	3300681132	15
3432258205	3432258205	3280464613	3280464613	15
4108279426	4108279426	4064318586	4064318586	15
4019246032	4019246032	4186258939	4186258939	15
4100191079	4100191079	4070809240	4070809240	15
3431257103	3431257103	3279063311	3279063311	15
4041555360	4041555360	4163212917	4163212917	15
4038005229	4038005229	4167163501	4167163501	15
3425629148	3425629148	3298585721	3298585721	15
4039952929	4039952929	4165209286	4165209286	15
4039917672	4039917672	4165233177	4165233177	15
3426649050	3426649050	3299998577	3299998577	15
606875121	606875121	571680739	571680739	15
3425886027	3425886027	3298912608	3298912608	15
3332418736	3332418736	3409248757	3409248757	15
3375274655	3375274655	3363719171	3363719171	15
4226202781	4226202781	4384588284	4384588284	15
4216519945	4216519945	4393790840	4393790840	15
3375557808	3375557808	3363494505	3363494505	15
889087234	889087234	820671896	820671896	15
3425602314	3425602314	3298554725	3298554725	15
3382183803	3382183803	3356859026	3356859026	15
4024334040	4024334040	4626936776	4626936776	15
3368887064	3368887064	3371195376	3371195376	15
4045475765	4045475765	4158829173	4158829173	15
4044125517	4044125517	4160514460	4160514460	15
4042668715	4042668715	4162121553	4162121553	15
3426161669	3426161669	3299281802	3299281802	15
3428503539	3428503539	3302592463	3302592463	15
3425679421	3425679421	3298644040	3298644040	15
4100113399	4100113399	4070893080	4070893080	15
3420264254	3420264254	3310812909	3310812909	15
4023653688	4023653688	4181696303	4181696303	15
3350674004	3350674004	3390254900	3390254900	15
4032549169	4032549169	4173146791	4173146791	15
3357254533	3357254533	3383523586	3383523586	15
188144555	188144555	143870427	143870427	15
4133603380	4133603380	4132565119	4132565119	15
210094958	210094958	164766934	164766934	15
3382783321	3382783321	3355967537	3355967537	15
3357478071	3357478071	3383258746	3383258746	15
191275598	191275598	147024763	147024763	15
3353834103	3353834103	3386350973	3386350973	15
189602458	189602458	144926426	144926426	15
1164239444	1164239444	1122201427	1122201427	14
2713979429	2713979429	2562490529	2562490529	14
148485192	148485192	101326497	101326497	14
2449187938	2449187938	2400980764	2400980764	14
18249587	18249587	13340803	13340803	14
2671091882	2671091882	2631674019	2631674019	14
3612708361	3612708361	3567000131	3567000131	14
186009669	186009669	141194907	141194907	14
117276058	117276058	74183832	74183832	14
1948535868	1948535868	1952744755	1952744755	14
1948384787	1948384787	1952971187	1952971187	14
2009392624	2009392624	1886545049	1886545049	14
1026163303	1026163303	977680631	977680631	14
2098264858	2098264858	2152020026	2152020026	14
2629721202	2629721202	2685231713	2685231713	14
2629865821	2629865821	2684903458	2684903458	14
2654705885	2654705885	2650729815	2650729815	14
2395073724	2395073724	2439723247	2439723247	14
2637184760	2637184760	2676481237	2676481237	14
2698547197	2698547197	2593983978	2593983978	14
2641706794	2641706794	2671086728	2671086728	14
2075047980	2075047980	1878548540	1878548540	14
2614007224	2614007224	2657381674	2657381674	14
2633881209	2633881209	2680284700	2680284700	14
1697878869	1697878869	1623306343	1623306343	14
2595822921	2595822921	2740057493	2740057493	14
4003909215	4003909215	4198358457	4198358457	14
2692404427	2692404427	2601727525	2601727525	14
2691518968	2691518968	2602573617	2602573617	14
2634304525	2634304525	2679922737	2679922737	14
2601749795	2601749795	2741078092	2741078092	14
2723705079	2723705079	2566653280	2566653280	14
2634151444	2634151444	2680137444	2680137444	14
2635070512	2635070512	2679100302	2679100302	14
2015812417	2015812417	1879797912	1879797912	14
2635802069	2635802069	2678192360	2678192360	14
2723986317	2723986317	2566903486	2566903486	14
2613924931	2613924931	2657288937	2657288937	14
4344422246	4344422246	4356975798	4356975798	13
3530741594	3530741594	3655746385	3655746385	13
4542414511	4542414511	4627790515	4627790515	13
3507182058	3507182058	3472103411	3472103411	13
4296541676	4296541676	4292645107	4292645107	13
2432382227	2432382227	1480751731	1480751731	13
4321800613	4321800613	4329913561	4329913561	13
4339597222	4339597222	4351186322	4351186322	13
4324678470	4324678470	4333558439	4333558439	13
3909941957	3909941957	3724621701	3724621701	13
3745794644	3745794644	3901716656	3901716656	13
2391628394	2391628394	1138173840	1138173840	13
3529595255	3529595255	3657383926	3657383926	13
2325878933	2325878933	2513043238	2513043238	13
3558895202	3558895202	3621584035	3621584035	13
2393758167	2393758167	2456446413	2456446413	13
3578806419	3578806419	3599418290	3599418290	13
3578268633	3578268633	3600133858	3600133858	13
3698035168	3698035168	3699445130	3699445130	13
3581980810	3581980810	3595381542	3595381542	13
3580518947	3580518947	3597018641	3597018641	13
3550173969	3550173969	3630963196	3630963196	13
3526921795	3526921795	3660992152	3660992152	13
3558211163	3558211163	3622558743	3622558743	13
3926898651	3926898651	3712933333	3712933333	13
3927905511	3927905511	3711653504	3711653504	13
3839744215	3839744215	3788406729	3788406729	13
4204811317	4204811317	4268571002	4268571002	13
2558831440	2558831440	2747609216	2747609216	13
5111310144	5111310144	5127414809	5127414809	13
1034273344	1034273344	983920169	983920169	13
2021714041	2021714041	1873250650	1873250650	13
2170244268	2170244268	2227486903	2227486903	13
2218404989	2218404989	2255734331	2255734331	13
145043067	145043067	97772439	97772439	13
1749118190	1749118190	1764272136	1764272136	12
3989865133	3989865133	4216463104	4216463104	12
2412807904	2412807904	2438613828	2438613828	12
2412877519	2412877519	2438549431	2438549431	12
2452314961	2452314961	2397564623	2397564623	12
2452378003	2452378003	2397518236	2397518236	12
3488288607	3488288607	3544910698	3544910698	12
3773518774	3773518774	3881314212	3881314212	12
3959507114	3959507114	4102472315	4102472315	12
64966822	64966822	22330967	22330967	12
1792648427	1792648427	1725425478	1725425478	12
3990090417	3990090417	4216699081	4216699081	12
2454602147	2454602147	2396074852	2396074852	12
73498224	73498224	62278813	62278813	12
1842068744	1842068744	1651369306	1651369306	12
1842011689	1842011689	1651297118	1651297118	12
1834734202	1834734202	1643866121	1643866121	12
1806637811	1806637811	1710367860	1710367860	12
2435097492	2435097492	2415947995	2415947995	12
2463654579	2463654579	2385373853	2385373853	12
2456701509	2456701509	2393867603	2393867603	12
3713974722	3713974722	1400123667	1400123667	12
4298252497	4298252497	4291279052	4291279052	12
4300444041	4300444041	4289275073	4289275073	12
2458380005	2458380005	2391961090	2391961090	12
1292830924	1292830924	1346754716	1346754716	12
1293892814	1293892814	1345503669	1345503669	12
4856932513	4856932513	4878186495	4878186495	12
4861403941	4861403941	4883008612	4883008612	12
4875778270	4875778270	4958289752	4958289752	12
3712600871	3712600871	3925873287	3925873287	12
1234028879	1234028879	1401858042	1401858042	12
1210958718	1210958718	1412249427	1412249427	12
2913828671	2913828671	2840970013	2840970013	12
4942279209	4942279209	4894275221	4894275221	12
4864645323	4864645323	4886141984	4886141984	12
1792915535	1792915535	1725067027	1725067027	12
4881029267	4881029267	4951884577	4951884577	12
1946339666	1946339666	1955343874	1955343874	10
3047021527	3047021527	3199228217	3199228217	10
3043306615	3043306615	3362597460	3362597460	10
2306797562	2306797562	2120099596	2120099596	10
4050171368	4050171368	4153776554	4153776554	10
1925090612	1925090612	1979548980	1979548980	10
1922623361	1922623361	1982166865	1982166865	10
1974077294	1974077294	1925026997	1925026997	10
1946005079	1946005079	1955630290	1955630290	10
1992023109	1992023109	1904454738	1904454738	10
1974202903	1974202903	1924849996	1924849996	10
2575312734	2575312734	2714771082	2714771082	10
2587320710	2587320710	2727213391	2727213391	10
2207991430	2207991430	2267707288	2267707288	10
2193313518	2193313518	2250909683	2250909683	10
2173655813	2173655813	2229635256	2229635256	10
2182368128	2182368128	2239780010	2239780010	10
3108971971	3108971971	3164786970	3164786970	10
1927121544	1927121544	1977252137	1977252137	10
3130125669	3130125669	3178828294	3178828294	10
3130530497	3130530497	3176432887	3176432887	10
2199164900	2199164900	2257805445	2257805445	10
2171188764	2171188764	2228753196	2228753196	10
3035727440	3035727440	3235032196	3235032196	10
2286331277	2286331277	2327822285	2327822285	10
3098011369	3098011369	3154229319	3154229319	10
3096210659	3096210659	3152243324	3152243324	10
2490735217	2490735217	2359834994	2359834994	10
2173791885	2173791885	2229865335	2229865335	10
2197793323	2197793323	2256242514	2256242514	10
3058641895	3058641895	3193901789	3193901789	10
2203180673	2203180673	2262655263	2262655263	10
1911522772	1911522772	1992294671	1992294671	10
3104392367	3104392367	3160139936	3160139936	10
2581461445	2581461445	2720908131	2720908131	10
4290898990	4290898990	4297667108	4297667108	10
4917893738	4917893738	4919616178	4919616178	10
3606375995	3606375995	3573617644	3573617644	10
1975036662	1975036662	1923862915	1923862915	10
3568495374	3568495374	3612188035	3612188035	10
2486974975	2486974975	2363111336	2363111336	10
2486538584	2486538584	2363403786	2363403786	10
2486494519	2486494519	2363494155	2363494155	10
3750623160	3750623160	3856969306	3856969306	10
2480451397	2480451397	2368716282	2368716282	10
4280019815	4280019815	4307335368	4307335368	10
4255442872	4255442872	4263381834	4263381834	10
1932367083	1932367083	1970876724	1970876724	10
1895699759	1895699759	2008200714	2008200714	10
2652977096	2652977096	2700112853	2700112853	10
3784538275	3784538275	3893282387	3893282387	10
1937901469	1937901469	1964650036	1964650036	10
3922342077	3922342077	3718411510	3718411510	10
94348307	94348307	41434302	41434302	9
125549858	125549858	81936565	81936565	9
237872234	237872234	195194748	195194748	9
2285406515	2285406515	2327327439	2327327439	9
222642608	222642608	180849816	180849816	9
99058783	99058783	37481755	37481755	9
84446024	84446024	51981309	51981309	9
91751811	91751811	44032655	44032655	9
86061308	86061308	50199475	50199475	9
85722305	85722305	50543445	50543445	9
7416887	7416887	237274188	237274188	9
2094699079	2094699079	2148521135	2148521135	9
78372694	78372694	56983174	56983174	9
140210786	140210786	95169907	95169907	9
896149294	896149294	813760708	813760708	9
109740857	109740857	27009322	27009322	9
2111577793	2111577793	2163406552	2163406552	9
2263148360	2263148360	2350769140	2350769140	9
76660029	76660029	58662094	58662094	9
76834381	76834381	58585008	58585008	9
2704797902	2704797902	2585841194	2585841194	9
118731622	118731622	75648199	75648199	9
1028736281	1028736281	974325753	974325753	9
1028828887	1028828887	974194698	974194698	9
84766077	84766077	51704168	51704168	9
134578348	134578348	90512445	90512445	9
134494394	134494394	90353815	90353815	9
133947716	133947716	89664668	89664668	9
2081667637	2081667637	2135416146	2135416146	9
1896136769	1896136769	2007640183	2007640183	9
897026024	897026024	4594051184	4594051184	9
1101942935	1101942935	1018539300	1018539300	9
896974676	896974676	4736963716	4736963716	9
116713647	116713647	73545296	73545296	9
2712878953	2712878953	2577001961	2577001961	9
2043139654	2043139654	1851349483	1851349483	9
2678800626	2678800626	1988171525	1988171525	9
126986210	126986210	83213539	83213539	9
2071072253	2071072253	2124275594	2124275594	9
893379476	893379476	816876114	816876114	9
109544675	109544675	27296783	27296783	9
896229952	896229952	813719815	813719815	9
892542675	892542675	817760723	817760723	9
1069397580	1069397580	1056673388	1056673388	8
761109727	761109727	733241024	733241024	8
2992283711	2992283711	2774270066	2774270066	8
3931636984	3931636984	3709336174	3709336174	8
4304126036	4304126036	4285308459	4285308459	8
4304193456	4304193456	4285272546	4285272546	8
1016462754	1016462754	961713603	961713603	8
1016550304	1016550304	961800649	961800649	8
4329354888	4329354888	4339080329	4339080329	8
4448045024	4448045024	4518450578	4518450578	8
4538422973	4538422973	4624535336	4624535336	8
3149426696	3149426696	3084046528	3084046528	8
4430898851	4430898851	4500336673	4500336673	8
4500823349	4500823349	4553610869	4553610869	8
440504590	440504590	280542646	280542646	8
2980829435	2980829435	2818155096	2818155096	8
4331463064	4331463064	4341773968	4341773968	8
4286440012	4286440012	4301484709	4301484709	8
2946130815	2946130815	2791785868	2791785868	8
1600280581	1600280581	1555177989	1555177989	8
1184179455	1184179455	1146515139	1146515139	8
3607161161	3607161161	3572525452	3572525452	8
3583590941	3583590941	3593430011	3593430011	8
2397122460	2397122460	2441331142	2441331142	8
3772777562	3772777562	3872553298	3872553298	8
3425218229	3425218229	3304862740	3304862740	8
2443482021	2443482021	2406948313	2406948313	8
2526019029	2526019029	2547744885	2547744885	8
2460819875	2460819875	2389072205	2389072205	8
3501529952	3501529952	3477802275	3477802275	8
3502181926	3502181926	3477017221	3477017221	8
1068786798	1068786798	1057327179	1057327179	8
1600676691	1600676691	1555706245	1555706245	8
1080181536	1080181536	1043859976	1043859976	8
976953279	976953279	914936824	914936824	8
968130365	968130365	892863222	892863222	8
1074935268	1074935268	1049762524	1049762524	8
1096031540	1096031540	1024974940	1024974940	8
1003145083	1003145083	945951312	945951312	8
1600541590	1600541590	1555565851	1555565851	8
1187611006	1187611006	1124305735	1124305735	8
4313627412	4313627412	4275318427	4275318427	8
1006908634	1006908634	950767216	950767216	8
4372929444	4372929444	4442954290	4442954290	8
4580100656	4580100656	4414989289	4414989289	8
467388804	467388804	247560119	247560119	8
4345147882	4345147882	4357708351	4357708351	8
3928444378	3928444378	3711029097	3711029097	8
4507475806	4507475806	4607416599	4607416599	8
547426613	547426613	503268335	503268335	8
903511531	903511531	890433955	890433955	8
4724155325	4724155325	4512165319	4512165319	8
4444846574	4444846574	4514559474	4514559474	8
4445563213	4445563213	4515517774	4515517774	8
4445696731	4445696731	4515686940	4515686940	8
1018855210	1018855210	963776864	963776864	8
1021962611	1021962611	967987353	967987353	8
1025443642	1025443642	973136087	973136087	8
1025623068	1025623068	973363842	973363842	8
1186834465	1186834465	1125252850	1125252850	8
1069312622	1069312622	1056749600	1056749600	8
1096933253	1096933253	1023977044	1023977044	8
2876805288	2876805288	2875421102	2875421102	8
820496998	820496998	799950318	799950318	8
2878116305	2878116305	2873724325	2873724325	8
3763885957	3763885957	3871071749	3871071749	8
2881060162	2881060162	2870585153	2870585153	8
763032008	763032008	735276747	735276747	8
889820492	889820492	819715604	819715604	8
829446733	829446733	809904969	809904969	8
955697509	955697509	1543012686	1543012686	8
725724443	725724443	648817574	648817574	8
4584411569	4584411569	4418631132	4418631132	8
821583161	821583161	801084593	801084593	8
759408463	759408463	731207192	731207192	8
756905453	756905453	727182989	727182989	8
3865536800	3865536800	3765018700	3765018700	8
2945536365	2945536365	2791244977	2791244977	8
3865215035	3865215035	3765458424	3765458424	8
1587220747	1587220747	2784048570	2784048570	8
759035518	759035518	730670200	730670200	8
4446069552	4446069552	4516157904	4516157904	7
4433727034	4433727034	4503214806	4503214806	7
4433762344	4433762344	4503358198	4503358198	7
4415317669	4415317669	4482936798	4482936798	7
4389890451	4389890451	4455829938	4455829938	7
355221405	355221405	341850282	341850282	7
4440415850	4440415850	4508708572	4508708572	7
545232905	545232905	505333182	505333182	7
4508779787	4508779787	4603778502	4603778502	7
4508715728	4508715728	4603700101	4603700101	7
4590777433	4590777433	4424347584	4424347584	7
401934842	401934842	307323186	307323186	7
434864348	434864348	332878255	332878255	7
4391335755	4391335755	4456142596	4456142596	7
4477607995	4477607995	4575195325	4575195325	7
4478020829	4478020829	4574502730	4574502730	7
4483021169	4483021169	4568808143	4568808143	7
3297412253	3297412253	3440006934	3440006934	7
4531411590	4531411590	4581082303	4581082303	7
3297261335	3297261335	3440086028	3440086028	7
4610034408	4610034408	4637746515	4637746515	7
4390167403	4390167403	4457166032	4457166032	7
347774589	347774589	354380005	354380005	7
2118645104	2118645104	2169726104	2169726104	7
4388440386	4388440386	4454486694	4454486694	7
3771841809	3771841809	3873721316	3873721316	7
396014776	396014776	303105106	303105106	7
3311554432	3311554432	3428674369	3428674369	7
2284973433	2284973433	2330170594	2330170594	7
3331809674	3331809674	3410562788	3410562788	7
5045638371	5045638371	5055357878	5055357878	7
4677870247	4677870247	4711601426	4711601426	7
4677850201	4677850201	4711641086	4711641086	7
4675261490	4675261490	4714767749	4714767749	7
4741406892	4741406892	4769686653	4769686653	7
5027047070	5027047070	5034215758	5034215758	7
4752302875	4752302875	4781430864	4781430864	7
5035784317	5035784317	5043778457	5043778457	7
4744340730	4744340730	4772300414	4772300414	7
4751960022	4751960022	4781116846	4781116846	7
3444554644	3444554644	3296359507	3296359507	7
3331950482	3331950482	3410401321	3410401321	7
3331390821	3331390821	3410636623	3410636623	7
2234310393	2234310393	2300604821	2300604821	7
3330975016	3330975016	3411483202	3411483202	7
3294471406	3294471406	3452154136	3452154136	7
4048944860	4048944860	4155012400	4155012400	7
3327387328	3327387328	3414869635	3414869635	7
21613672	21613672	1331906	1331906	7
1373955542	1373955542	1254453233	1254453233	7
332225778	332225778	344996288	344996288	7
18855671	18855671	2943655	2943655	7
3316884290	3316884290	3423575147	3423575147	7
557153162	557153162	515744747	515744747	7
557088895	557088895	515683871	515683871	7
2112829259	2112829259	2164933218	2164933218	7
449289673	449289673	272330017	272330017	7
3305672118	3305672118	3433151039	3433151039	7
4484302856	4484302856	4567450436	4567450436	7
402707214	402707214	308140606	308140606	7
950105352	950105352	675969317	675969317	7
2764222795	2764222795	2995314296	2995314296	7
2936103790	2936103790	2783441075	2783441075	7
2996035490	2996035490	2770748660	2770748660	7
402564054	402564054	308006398	308006398	7
4460369398	4460369398	4547005684	4547005684	7
4449285696	4449285696	4520094980	4520094980	7
4587482658	4587482658	4421408197	4421408197	7
365705740	365705740	291438585	291438585	7
530263775	530263775	487969697	487969697	7
833349574	833349574	879267594	879267594	6
909042724	909042724	702434965	702434965	6
3614474934	3614474934	634546108	634546108	6
915002471	915002471	701048405	701048405	6
880823969	880823969	828111754	828111754	6
3753698476	3753698476	3860524968	3860524968	6
858971013	858971013	851538876	851538876	6
3752495010	3752495010	3859043752	3859043752	6
3753821955	3753821955	3860588150	3860588150	6
770661977	770661977	743814704	743814704	6
729968470	729968470	639203535	639203535	6
714289685	714289685	664395218	664395218	6
2464044149	2464044149	2384939955	2384939955	6
2481941248	2481941248	2367201197	2367201197	6
714770545	714770545	663596728	663596728	6
3652398330	3652398330	3505224747	3505224747	6
3657931876	3657931876	3510529175	3510529175	6
2383227259	2383227259	2467880721	2467880721	6
1568302098	1568302098	1520100124	1520100124	6
881331682	881331682	827440637	827440637	6
889529788	889529788	820056621	820056621	6
3872568867	3872568867	3758032055	3758032055	6
832422075	832422075	813140264	813140264	6
4203798854	4203798854	4267998223	4267998223	6
3788285937	3788285937	3899032329	3899032329	6
4133922422	4133922422	3898284837	3898284837	6
947430732	947430732	673075740	673075740	6
768783709	768783709	741692098	741692098	6
769534745	769534745	742527492	742527492	6
3851097136	3851097136	3777174105	3777174105	6
828583345	828583345	808735267	808735267	6
1939924101	1939924101	1962443787	1962443787	6
3872520222	3872520222	3758099146	3758099146	6
774888343	774888343	749035896	749035896	6
773134785	773134785	746942241	746942241	6
885618647	885618647	824191987	824191987	6
885686667	885686667	824106372	824106372	6
889113378	889113378	820347783	820347783	6
4754791319	4754791319	4783412887	4783412887	6
3750258078	3750258078	3906696035	3906696035	6
3872428079	3872428079	3758115256	3758115256	6
3656394826	3656394826	3509210560	3509210560	6
3651866610	3651866610	3504508845	3504508845	6
2376322905	2376322905	2503202425	2503202425	6
1605156484	1605156484	1561412034	1561412034	6
1610408257	1610408257	1567415371	1567415371	6
1612535104	1612535104	1570411401	1570411401	6
1578566830	1578566830	1532053926	1532053926	6
1578040791	1578040791	1531717304	1531717304	6
1575378562	1575378562	1528279253	1528279253	6
1574423813	1574423813	1527241633	1527241633	6
1103558238	1103558238	1016894573	1016894573	6
1664239083	1664239083	263945880	263945880	6
1604822901	1604822901	1561033628	1561033628	6
2385066262	2385066262	2466584035	2466584035	6
1604794178	1604794178	1560993392	1560993392	6
1587518018	1587518018	1542865943	1542865943	6
1587489816	1587489816	1542816585	1542816585	6
1661705552	1661705552	1619236141	1619236141	6
1587784597	1587784597	1543250131	1543250131	6
1609187013	1609187013	1565962152	1565962152	6
1481233408	1481233408	4714803383	4714803383	6
1043117300	1043117300	995419181	995419181	6
1103086492	1103086492	1017295115	1017295115	6
1611508368	1611508368	1568883240	1568883240	6
1078281836	1078281836	1045946669	1045946669	6
1618266943	1618266943	1577573615	1577573615	6
2383907721	2383907721	2467177994	2467177994	6
2492111791	2492111791	2358597932	2358597932	6
3585554348	3585554348	3591319111	3591319111	6
3652132956	3652132956	3504872690	3504872690	6
3584254485	3584254485	3592756524	3592756524	6
2510591892	2510591892	2535456668	2535456668	6
3584549703	3584549703	3592475565	3592475565	6
3584741234	3584741234	3592135125	3592135125	6
3668567852	3668567852	3517906247	3517906247	6
3584087996	3584087996	3592938406	3592938406	6
4683123909	4683123909	4705308134	4705308134	6
4682904437	4682904437	4705549406	4705549406	6
4692253325	4692253325	4695206669	4695206669	6
960809243	960809243	900008991	900008991	6
1150901754	1150901754	1108515537	1108515537	6
1611474277	1611474277	1568820545	1568820545	6
1613234466	1613234466	1571336174	1571336174	6
760812978	760812978	732834178	732834178	6
1480261942	1480261942	1441861874	1441861874	6
1661336802	1661336802	267386561	267386561	6
3347897417	3347897417	3393454408	3393454408	6
5024866640	5024866640	5030838259	5030838259	6
5023716666	5023716666	5030210961	5030210961	6
5023600366	5023600366	5030101798	5030101798	6
4730013509	4730013509	4644927369	4644927369	6
611016105	611016105	575071053	575071053	6
5019985505	5019985505	5026986409	5026986409	6
5047808267	5047808267	5057619186	5057619186	6
3844907630	3844907630	3782474039	3782474039	6
4987955062	4987955062	5002040475	5002040475	6
1522975072	1522975072	1047211837	1047211837	6
4988180717	4988180717	5002218124	5002218124	6
3415768338	3415768338	3316660029	3316660029	6
3417031296	3417031296	3314967186	3314967186	6
3414686103	3414686103	3318083952	3318083952	6
3414890833	3414890833	3317925439	3317925439	6
3334471056	3334471056	3407663817	3407663817	6
5112147558	5112147558	5128684281	5128684281	6
1656810508	1656810508	1611217866	1611217866	6
1150685832	1150685832	1108321993	1108321993	6
1087384912	1087384912	1035424842	1035424842	6
1164430089	1164430089	1122075802	1122075802	6
921545450	921545450	694283087	694283087	6
1048900630	1048900630	1000401937	1000401937	6
4550731933	4550731933	4614920567	4614920567	6
4549723229	4549723229	4616229194	4616229194	6
3742704780	3742704780	3905500605	3905500605	6
3775444722	3775444722	3883907179	3883907179	6
3259159040	3259159040	3033349954	3033349954	6
956515640	956515640	883567885	883567885	6
854402569	854402569	856753304	856753304	6
4550954962	4550954962	4614655457	4614655457	6
884873566	884873566	824899783	824899783	6
841413198	841413198	869236866	869236866	6
3730265494	3730265494	3916808306	3916808306	6
923349502	923349502	693058308	693058308	6
782473634	782473634	757388991	757388991	6
750420207	750420207	721741373	721741373	6
749996402	749996402	722053833	722053833	6
408408993	408408993	313896015	313896015	6
1337465481	1337465481	1297201368	1297201368	5
3555600062	3555600062	3624894066	3624894066	5
5071790813	5071790813	5082588508	5082588508	5
3533051255	3533051255	3652675826	3652675826	5
5033853495	5033853495	5041654536	5041654536	5
4783418856	4783418856	4767111948	4767111948	5
5076713107	5076713107	5086471795	5086471795	5
3532625184	3532625184	3653225398	3653225398	5
5076983381	5076983381	5086788830	5086788830	5
5039902011	5039902011	5048479848	5048479848	5
5060838602	5060838602	5071891940	5071891940	5
5061536733	5061536733	5072660451	5072660451	5
5001293547	5001293547	5013758831	5013758831	5
5129213568	5129213568	5158378840	5158378840	5
5062812342	5062812342	5074109715	5074109715	5
5032172068	5032172068	5039921421	5039921421	5
5037416291	5037416291	5045899695	5045899695	5
5151029723	5151029723	5175213699	5175213699	5
4777549669	4777549669	4752542026	4752542026	5
5036204629	5036204629	5044258039	5044258039	5
5150504974	5150504974	5174704498	5174704498	5
3406833398	3406833398	3328082342	3328082342	5
5152860903	5152860903	5176697905	5176697905	5
4681774990	4681774990	4706918793	4706918793	5
3836287133	3836287133	3792115050	3792115050	5
3504954396	3504954396	3474086227	3474086227	5
736209390	736209390	708395877	708395877	5
3920172102	3920172102	3718704375	3718704375	5
2371647901	2371647901	2496721119	2496721119	5
3581541891	3581541891	3595843492	3595843492	5
3688667107	3688667107	3466437182	3466437182	5
1566059400	1566059400	1517494161	1517494161	5
4740973967	4740973967	4769250117	4769250117	5
1569135812	1569135812	1521537231	1521537231	5
1474097654	1474097654	1436111833	1436111833	5
3407423593	3407423593	3327321107	3327321107	5
5094544655	5094544655	5107896757	5107896757	5
5109503564	5109503564	5125478442	5125478442	5
5093181990	5093181990	5105914283	5105914283	5
3386961472	3386961472	3350805196	3350805196	5
3390210782	3390210782	3347544236	3347544236	5
3318258935	3318258935	3422260684	3422260684	5
5069032545	5069032545	5081162801	5081162801	5
3881985254	3881985254	3748677110	3748677110	5
