start1	end1	start2	end2	col
3370591873	3370591873	2642788538	2642788538	28
3430011856	3430011856	2638493440	2638493440	28
238690643	238690643	358671822	358671822	28
3060966735	3060966735	2943438356	2943438356	28
3131639648	3131639648	2946148912	2946148912	28
2967042848	2967042848	2895517534	2895517534	28
2974984809	2974984809	2938062312	2938062312	28
2959984677	2959984677	2908771983	2908771983	28
2966411913	2966411913	2908124088	2908124088	28
3466992609	3466992609	2668604667	2668604667	28
2953809772	2953809772	2926968049	2926968049	28
3458325782	3458325782	2600354574	2600354574	28
3372538073	3372538073	2589009298	2589009298	28
3378070537	3378070537	2691806122	2691806122	28
3473084396	3473084396	2604342946	2604342946	28
3471049673	3471049673	2606175925	2606175925	28
3369974904	3369974904	2642900932	2642900932	28
3373546263	3373546263	2589291036	2589291036	28
4951348100	4951348100	2590467664	2590467664	28
1253488597	1253488597	4769804718	4769804718	27
4544523443	4544523443	4036185827	4036185827	27
4542884004	4542884004	4040514786	4040514786	27
4542822419	4542822419	4040589608	4040589608	27
4542720590	4542720590	4040632010	4040632010	27
4544143159	4544143159	4058033655	4058033655	27
1296678603	1296678603	4776420574	4776420574	27
1296730810	1296730810	4776544484	4776544484	27
1253433444	1253433444	4778429938	4778429938	27
4510464652	4510464652	4029762621	4029762621	27
1258046256	1258046256	4760223804	4760223804	27
1266781202	1266781202	4763387796	4763387796	27
1292587385	1292587385	4778190796	4778190796	27
2523732319	2523732319	3426490310	3426490310	27
2534301004	2534301004	3436391777	3436391777	27
2533150238	2533150238	3436094798	3436094798	27
4160474081	4160474081	3663550049	3663550049	27
4177964270	4177964270	3674848271	3674848271	27
1263601385	1263601385	4780261736	4780261736	27
2985622323	2985622323	2849939997	2849939997	26
4876595206	4876595206	2840743693	2840743693	26
4857290396	4857290396	2845362225	2845362225	26
4226121431	4226121431	2865832869	2865832869	26
2988953696	2988953696	2864986042	2864986042	26
2987296359	2987296359	2863375516	2863375516	26
1993406764	1993406764	1505776684	1505776684	26
2981731515	2981731515	2855945253	2855945253	26
4885524786	4885524786	2853456216	2853456216	26
4883511156	4883511156	2858224063	2858224063	26
4879100444	4879100444	2838023438	2838023438	26
4885915564	4885915564	2853790716	2853790716	26
1917739542	1917739542	2035031486	2035031486	25
3867912898	3867912898	3849073772	3849073772	25
3880409761	3880409761	3861034273	3861034273	25
3893494437	3893494437	3855384831	3855384831	25
3892211534	3892211534	3893431183	3893431183	25
3895548892	3895548892	3858197728	3858197728	25
3885439232	3885439232	3859102470	3859102470	25
1758196492	1758196492	2093356563	2093356563	25
1769080073	1769080073	2102536358	2102536358	25
1763810579	1763810579	2098749863	2098749863	25
252038242	252038242	363482014	363482014	25
4392721845	4392721845	2305348186	2305348186	25
2856758638	2856758638	360296861	360296861	25
3825525965	3825525965	3821746263	3821746263	25
3866740880	3866740880	3841985317	3841985317	25
3867029276	3867029276	3842322676	3842322676	25
3850032619	3850032619	3828421795	3828421795	25
3875429913	3875429913	3861754276	3861754276	25
3845520084	3845520084	3833958844	3833958844	25
3870599075	3870599075	3869570687	3869570687	25
3826700902	3826700902	3823447611	3823447611	25
3825986976	3825986976	3824001646	3824001646	25
3839596575	3839596575	3879304385	3879304385	25
3841733571	3841733571	3877168195	3877168195	25
3842685778	3842685778	3876994350	3876994350	25
3827954681	3827954681	3818292387	3818292387	25
4931785991	4931785991	4487610629	4487610629	25
1784679453	1784679453	3881239182	3881239182	25
3857134614	3857134614	3823058396	3823058396	25
3850193323	3850193323	3828088107	3828088107	25
3468156982	3468156982	3822758937	3822758937	25
4058051262	4058051262	4341037697	4341037697	24
4048531163	4048531163	4357594614	4357594614	24
4063215064	4063215064	4364726622	4364726622	24
4056564381	4056564381	4356140955	4356140955	24
4071309211	4071309211	4372695191	4372695191	24
1411073672	1411073672	1124477351	1124477351	23
2197856493	2197856493	1148189425	1148189425	23
1408054366	1408054366	1125536039	1125536039	23
1434261596	1434261596	1149442855	1149442855	23
1411138756	1411138756	1124377076	1124377076	23
1429774230	1429774230	3772027189	3772027189	23
1434062067	1434062067	1149503070	1149503070	23
1440871979	1440871979	1137547203	1137547203	23
1436264010	1436264010	1226894083	1226894083	23
1304066473	1304066473	566778659	566778659	23
3616955453	3616955453	3265734223	3265734223	23
4695811689	4695811689	324910213	324910213	23
1303064769	1303064769	567506764	567506764	23
1269347912	1269347912	548968194	548968194	23
1385018853	1385018853	1022253409	1022253409	23
1377292048	1377292048	1063066604	1063066604	23
1369048864	1369048864	1057274798	1057274798	23
784752751	784752751	342217535	342217535	23
4776094864	4776094864	3783229303	3783229303	22
4777364765	4777364765	3800825026	3800825026	22
4777322798	4777322798	3800763662	3800763662	22
4775295520	4775295520	3751860597	3751860597	22
4775946129	4775946129	3782795010	3782795010	22
4776922251	4776922251	3750365116	3750365116	22
4776138241	4776138241	3768695841	3768695841	22
4776708816	4776708816	3789945811	3789945811	22
4776837927	4776837927	3790278898	3790278898	22
2570436403	2570436403	4078491050	4078491050	22
2617477033	2617477033	4139806854	4139806854	22
2616686442	2616686442	4140295552	4140295552	22
4656007642	4656007642	3123591599	3123591599	22
2617565769	2617565769	4139898413	4139898413	22
2571257995	2571257995	4143356172	4143356172	22
2575028036	2575028036	4073342179	4073342179	22
2446444089	2446444089	4084173262	4084173262	22
2618537104	2618537104	4085556508	4085556508	22
2446952886	2446952886	4084711671	4084711671	22
2606251690	2606251690	4110730285	4110730285	22
4664533673	4664533673	3118498067	3118498067	22
4667253725	4667253725	3114223032	3114223032	22
4648527762	4648527762	3092045363	3092045363	22
3598062502	3598062502	3280993577	3280993577	21
3577645178	3577645178	3302107717	3302107717	21
4941866688	4941866688	3296874914	3296874914	21
3585444592	3585444592	3296678226	3296678226	21
3589402681	3589402681	3293242202	3293242202	21
3600227746	3600227746	3276373014	3276373014	21
3616741672	3616741672	3265705157	3265705157	21
3647682500	3647682500	3283503085	3283503085	21
3645337723	3645337723	3268861425	3268861425	21
3616690858	3616690858	3265676895	3265676895	21
3596082225	3596082225	3278449376	3278449376	21
3542640290	3542640290	3208524187	3208524187	21
3613900744	3613900744	3278727588	3278727588	21
3521686987	3521686987	3253364301	3253364301	21
3521597790	3521597790	3253235392	3253235392	21
4044348267	4044348267	3239833586	3239833586	21
3508397128	3508397128	3207931360	3207931360	21
3614951783	3614951783	3270201436	3270201436	21
2365112691	2365112691	2146395061	2146395061	20
4735086618	4735086618	2381789500	2381789500	20
4739354896	4739354896	4689873037	4689873037	20
4739672765	4739672765	4689521120	4689521120	20
4744239384	4744239384	4692375070	4692375070	20
4742414135	4742414135	4676335509	4676335509	20
3114628467	3114628467	1719687606	1719687606	20
4771228981	4771228981	3766786995	3766786995	20
2363359510	2363359510	2130270280	2130270280	20
2364786960	2364786960	2143175146	2143175146	20
2364655278	2364655278	2142910575	2142910575	20
2364131336	2364131336	2141920241	2141920241	20
2363256692	2363256692	2131287606	2131287606	20
4720390303	4720390303	4896885048	4896885048	20
4720533837	4720533837	4896932399	4896932399	20
4733184514	4733184514	4681161379	4681161379	20
4735040724	4735040724	4680279919	4680279919	20
4723873688	4723873688	2870195276	2870195276	20
4730864952	4730864952	4682211226	4682211226	20
4701369787	4701369787	4917533201	4917533201	20
4716843933	4716843933	4925258055	4925258055	20
4752656777	4752656777	4656617510	4656617510	20
4754192695	4754192695	4655093250	4655093250	20
4754329609	4754329609	4654930337	4654930337	20
4746358493	4746358493	4677927854	4677927854	20
4698689640	4698689640	4908942988	4908942988	20
4694342990	4694342990	4907815986	4907815986	20
4753410263	4753410263	4658272266	4658272266	20
4696056614	4696056614	4900604628	4900604628	20
4706140282	4706140282	4897713725	4897713725	20
4765615525	4765615525	4669562180	4669562180	20
4764003614	4764003614	4686114745	4686114745	20
4712477752	4712477752	4923419580	4923419580	20
4712512230	4712512230	4923443171	4923443171	20
4706055352	4706055352	4897423719	4897423719	20
2329725559	2329725559	2213020172	2213020172	19
2393657632	2393657632	2138957473	2138957473	19
2317698201	2317698201	2228445173	2228445173	19
2322169433	2322169433	2206690764	2206690764	19
2325260872	2325260872	2209832998	2209832998	19
2325503153	2325503153	2210058336	2210058336	19
2337227031	2337227031	2127561401	2127561401	19
883538691	883538691	2127882180	2127882180	19
2336081189	2336081189	2129228653	2129228653	19
5033888016	5033888016	3609198348	3609198348	19
2407385552	2407385552	3875564363	3875564363	19
2414252239	2414252239	2184583472	2184583472	19
3745009102	3745009102	2995116991	2995116991	19
2382240022	2382240022	2134935930	2134935930	19
2382978560	2382978560	2151889480	2151889480	19
2348492230	2348492230	2250387960	2250387960	19
2382100176	2382100176	2134759303	2134759303	19
1739562806	1739562806	2256609250	2256609250	19
2375802943	2375802943	2133129062	2133129062	19
2303027957	2303027957	2189951268	2189951268	19
2295899671	2295899671	2124672747	2124672747	19
2288756729	2288756729	2233787089	2233787089	19
2282988167	2282988167	2275039251	2275039251	19
2283330507	2283330507	2274601532	2274601532	19
2279443395	2279443395	2241569152	2241569152	19
2278566153	2278566153	2241800770	2241800770	19
2262084301	2262084301	2232116651	2232116651	19
2343829733	2343829733	2232247933	2232247933	19
2344786790	2344786790	2232191313	2232191313	19
2347579850	2347579850	2250650198	2250650198	19
2862552824	2862552824	1558856058	1558856058	18
2864545289	2864545289	1559993423	1559993423	18
2867798079	2867798079	2886048530	2886048530	18
2869059442	2869059442	2886906290	2886906290	18
2876130751	2876130751	2889529870	2889529870	18
2882363271	2882363271	2898845590	2898845590	18
2918362239	2918362239	1683796223	1683796223	18
2857731095	2857731095	1555966746	1555966746	18
2851209529	2851209529	1638823553	1638823553	18
2841091956	2841091956	1631970222	1631970222	18
2840373096	2840373096	1631890949	1631890949	18
2836927715	2836927715	1629888968	1629888968	18
2829892274	2829892274	1624868169	1624868169	18
2898595633	2898595633	1573696438	1573696438	18
2880011744	2880011744	2892879321	2892879321	18
2923767788	2923767788	1679397657	1679397657	18
3097291589	3097291589	1552099966	1552099966	18
3100023223	3100023223	1706815755	1706815755	18
3105013940	3105013940	1708568282	1708568282	18
3105157953	3105157953	1708528829	1708528829	18
3105269303	3105269303	1708443657	1708443657	18
3097332926	3097332926	1552153723	1552153723	18
3101165450	3101165450	2898958440	2898958440	18
3093054416	3093054416	1702555074	1702555074	18
3092365110	3092365110	1701660219	1701660219	18
3112748104	3112748104	1642788376	1642788376	18
2941043989	2941043989	1659976529	1659976529	18
5122732383	5122732383	1674345585	1674345585	18
2927277937	2927277937	1676052036	1676052036	18
5010892080	5010892080	3489797082	3489797082	17
2730098465	2730098465	3482925063	3482925063	17
2724220729	2724220729	3467624190	3467624190	17
2723641059	2723641059	4435011856	4435011856	17
2718033548	2718033548	3494063630	3494063630	17
2716900386	2716900386	3493056761	3493056761	17
5157956199	5157956199	3462703964	3462703964	17
2702665266	2702665266	3631687633	3631687633	17
4612293129	4612293129	3661413914	3661413914	17
2481214186	2481214186	3462621919	3462621919	17
2479106228	2479106228	3463599515	3463599515	17
4221918578	4221918578	3495537074	3495537074	17
4220303022	4220303022	3496377988	3496377988	17
2739298886	2739298886	3646317762	3646317762	17
4628952027	4628952027	3472595724	3472595724	17
4208966557	4208966557	3481038793	3481038793	17
4160246947	4160246947	3650921507	3650921507	17
2511162427	2511162427	3448141140	3448141140	17
2547242221	2547242221	3636627622	3636627622	17
3448767647	3448767647	3641754209	3641754209	17
2478075934	2478075934	3464083555	3464083555	17
1287268077	1287268077	4760335981	4760335981	17
4935094089	4935094089	4883195416	4883195416	17
2736410574	2736410574	3663450934	3663450934	17
2737019174	2737019174	3663193115	3663193115	17
2495638078	2495638078	3431400363	3431400363	17
2478983179	2478983179	3463799350	3463799350	17
2482987440	2482987440	3659277922	3659277922	17
2696568016	2696568016	3623817833	3623817833	17
4515874867	4515874867	4016976279	4016976279	17
4522518516	4522518516	4009840655	4009840655	17
4540351912	4540351912	4065042429	4065042429	17
4540460107	4540460107	4065126153	4065126153	17
4534220243	4534220243	4013434691	4013434691	17
4534131740	4534131740	4013343882	4013343882	17
4532298715	4532298715	4010148709	4010148709	17
4530840963	4530840963	4060247577	4060247577	17
4529283938	4529283938	4060922304	4060922304	17
4528718317	4528718317	4061463058	4061463058	17
4514873101	4514873101	4016002567	4016002567	17
4691636725	4691636725	4016661652	4016661652	17
4515727718	4515727718	4016862088	4016862088	17
4540268926	4540268926	4064943691	4064943691	17
4516142213	4516142213	4017547518	4017547518	17
4517736352	4517736352	4019335398	4019335398	17
4548489842	4548489842	4045903204	4045903204	17
4525712910	4525712910	4053771264	4053771264	17
4516770003	4516770003	4018460547	4018460547	17
4517147824	4517147824	4018898325	4018898325	17
4522550153	4522550153	4009889071	4009889071	17
4519560439	4519560439	4050034960	4050034960	17
4519801298	4519801298	4049810366	4049810366	17
4557845041	4557845041	4007685762	4007685762	17
4554111136	4554111136	3996172639	3996172639	17
4548682245	4548682245	4042113605	4042113605	17
5014450169	5014450169	3558654426	3558654426	16
5023034841	5023034841	3541872476	3541872476	16
5016054649	5016054649	3559769261	3559769261	16
5015194337	5015194337	3595642745	3595642745	16
5014490495	5014490495	3592220646	3592220646	16
5011543999	5011543999	3551063964	3551063964	16
5014435617	5014435617	3558631587	3558631587	16
5025420236	5025420236	3602148804	3602148804	16
5011435189	5011435189	3550906466	3550906466	16
5011155829	5011155829	3550570936	3550570936	16
5008398181	5008398181	3588515361	3588515361	16
5021036741	5021036741	3523677597	3523677597	16
5021648502	5021648502	3524676224	3524676224	16
5035997548	5035997548	3575869653	3575869653	16
5018666115	5018666115	4260572589	4260572589	16
5018630388	5018630388	3530957691	3530957691	16
5036316531	5036316531	3572883806	3572883806	16
5036148017	5036148017	3575684786	3575684786	16
5036114056	5036114056	3575765748	3575765748	16
5059719701	5059719701	3574156297	3574156297	16
5028351251	5028351251	3549420970	3549420970	16
5028470972	5028470972	3549706262	3549706262	16
5028564499	5028564499	3549880459	3549880459	16
5055066331	5055066331	3568850570	3568850570	16
5057336862	5057336862	3522272214	3522272214	16
5025693358	5025693358	3600218367	3600218367	16
5025480245	5025480245	3601471530	3601471530	16
5031403308	5031403308	3613863213	3613863213	16
5025799404	5025799404	3558791441	3558791441	16
4621373134	4621373134	4607520081	4607520081	16
5022969894	5022969894	3542150612	3542150612	16
4637185712	4637185712	4642116927	4642116927	16
3389105748	3389105748	4894804165	4894804165	16
4643094507	4643094507	4628292003	4628292003	16
4629923377	4629923377	4641207684	4641207684	16
4630438533	4630438533	4612036582	4612036582	16
4617493408	4617493408	4585166540	4585166540	16
4617395188	4617395188	4606015232	4606015232	16
4619093556	4619093556	4606059581	4606059581	16
4619153531	4619153531	4590312328	4590312328	16
4619291418	4619291418	4593293880	4593293880	16
4620048444	4620048444	4584990181	4584990181	16
4637348546	4637348546	4642489504	4642489504	16
4621397645	4621397645	4607560384	4607560384	16
4008493778	4008493778	4284691513	4284691513	16
4627235345	4627235345	4602390305	4602390305	16
5017956255	5017956255	3532915621	3532915621	16
2776073975	2776073975	1743660082	1743660082	16
2784709198	2784709198	1597448052	1597448052	16
2767739903	2767739903	1715551175	1715551175	16
2799549523	2799549523	1584301580	1584301580	16
2799675812	2799675812	1584270743	1584270743	16
2800836851	2800836851	1583101214	1583101214	16
2818582114	2818582114	1618679728	1618679728	16
2821101184	2821101184	1619786517	1619786517	16
3762440471	3762440471	3045663759	3045663759	15
3640522259	3640522259	4716830351	4716830351	15
3762515258	3762515258	3045698125	3045698125	15
3638517811	3638517811	4740957393	4740957393	15
3056386370	3056386370	4802981411	4802981411	15
3736217907	3736217907	2983793474	2983793474	15
3729843136	3729843136	2978106588	2978106588	15
3732410950	3732410950	2981712495	2981712495	15
3058708353	3058708353	2982271329	2982271329	15
3662132886	3662132886	4736000885	4736000885	15
4951239989	4951239989	4707995919	4707995919	15
3698271578	3698271578	3053128138	3053128138	15
3626808392	3626808392	4717371625	4717371625	15
3626890026	3626890026	4717388115	4717388115	15
3630160131	3630160131	4721710509	4721710509	15
3695659334	3695659334	3071087881	3071087881	15
3697469713	3697469713	3052662709	3052662709	15
3705219362	3705219362	3057737937	3057737937	15
3641958007	3641958007	4735627789	4735627789	15
959478134	959478134	436204573	436204573	15
969830663	969830663	491971910	491971910	15
3780033426	3780033426	3040657250	3040657250	15
3697122361	3697122361	4718025150	4718025150	15
3698388362	3698388362	3053168091	3053168091	15
3772297711	3772297711	3044474718	3044474718	15
3801300592	3801300592	3021707646	3021707646	15
3634971208	3634971208	4733790495	4733790495	15
3760501849	3760501849	3006169635	3006169635	15
871638147	871638147	3008424905	3008424905	15
3817869706	3817869706	3012044440	3012044440	15
3812464639	3812464639	3017412454	3017412454	15
3811149324	3811149324	3032482199	3032482199	15
3810889150	3810889150	3031901807	3031901807	15
3804029881	3804029881	3024431738	3024431738	15
3803791507	3803791507	3024255218	3024255218	15
3802296133	3802296133	3022736515	3022736515	15
3760724598	3760724598	3006272593	3006272593	15
3799169608	3799169608	3019275118	3019275118	15
3785507384	3785507384	3051084724	3051084724	15
3795509048	3795509048	3034202803	3034202803	15
3780391584	3780391584	3040945789	3040945789	15
3783692250	3783692250	3050743937	3050743937	15
3780636503	3780636503	3041129274	3041129274	15
3786148769	3786148769	4801767096	4801767096	15
3792705227	3792705227	3036449488	3036449488	15
3793976026	3793976026	3035579116	3035579116	15
3794352108	3794352108	3035194745	3035194745	15
2448267061	2448267061	3412853495	3412853495	14
539026532	539026532	901857550	901857550	14
539126788	539126788	901476093	901476093	14
1216472981	1216472981	625104962	625104962	14
4687965712	4687965712	3442728487	3442728487	14
444362843	444362843	905343774	905343774	14
1191059125	1191059125	461262614	461262614	14
425297951	425297951	861395800	861395800	14
427269880	427269880	898805023	898805023	14
567602010	567602010	819094008	819094008	14
3315965943	3315965943	819010070	819010070	14
546029324	546029324	807045079	807045079	14
809003389	809003389	302309838	302309838	14
471416121	471416121	911798514	911798514	14
533629176	533629176	875750406	875750406	14
533406896	533406896	875522958	875522958	14
531862636	531862636	950647781	950647781	14
3949182666	3949182666	4375747853	4375747853	14
3979067216	3979067216	4554785477	4554785477	14
3969965877	3969965877	4516078622	4516078622	14
3942466925	3942466925	4521407945	4521407945	14
3902563697	3902563697	4531933577	4531933577	14
3939698678	3939698678	4556236447	4556236447	14
3960846759	3960846759	4518537317	4518537317	14
3977425899	3977425899	4516395328	4516395328	14
3910844951	3910844951	4530809940	4530809940	14
3910779656	3910779656	4530954079	4530954079	14
3908999645	3908999645	4533207460	4533207460	14
3908349541	3908349541	4547362202	4547362202	14
3957841132	3957841132	4548098504	4548098504	14
3901067614	3901067614	4545106244	4545106244	14
3900470669	3900470669	4533421809	4533421809	14
3956270019	3956270019	4515740637	4515740637	14
3898516839	3898516839	4534063012	4534063012	14
3925631613	3925631613	4567578377	4567578377	14
3930696573	3930696573	4562756385	4562756385	14
3900680892	3900680892	4533352713	4533352713	14
3939764279	3939764279	4556203160	4556203160	14
1519333757	1519333757	1102847006	1102847006	13
1565772021	1565772021	1020610518	1020610518	13
2832038294	2832038294	1604830092	1604830092	13
1549378861	1549378861	3860647305	3860647305	13
1524565662	1524565662	1140855013	1140855013	13
3826777915	3826777915	1100744697	1100744697	13
1505102816	1505102816	1115143188	1115143188	13
1515952119	1515952119	1105127446	1105127446	13
1510140459	1510140459	1110594709	1110594709	13
1505001347	1505001347	1115207692	1115207692	13
1480219736	1480219736	1175048859	1175048859	13
1572428433	1572428433	3851921856	3851921856	13
1568144131	1568144131	1018286843	1018286843	13
1574506207	1574506207	1066954558	1066954558	13
1590153189	1590153189	1084078648	1084078648	13
1591784695	1591784695	1083162294	1083162294	13
1593651822	1593651822	1081984850	1081984850	13
1594256085	1594256085	1081517458	1081517458	13
1595471098	1595471098	1080616803	1080616803	13
1596867354	1596867354	1069752313	1069752313	13
1596929716	1596929716	1069608305	1069608305	13
1600533852	1600533852	1067231749	1067231749	13
1604645528	1604645528	1049414279	1049414279	13
1604731011	1604731011	1049243576	1049243576	13
1616242649	1616242649	1154786174	1154786174	13
1617212638	1617212638	1155566038	1155566038	13
1463378714	1463378714	1160423374	1160423374	13
1478262507	1478262507	1173483408	1173483408	13
3009270225	3009270225	4810808874	4810808874	13
2174366994	2174366994	1468160579	1468160579	13
3040410788	3040410788	4809236103	4809236103	13
2997222700	2997222700	4796139410	4796139410	13
383333437	383333437	5278929	5278929	13
126835024	126835024	246854091	246854091	13
387872810	387872810	18698860	18698860	13
4778992903	4778992903	3798029633	3798029633	12
4786278774	4786278774	3760115308	3760115308	12
1008558080	1008558080	629417893	629417893	12
1008302574	1008302574	629546766	629546766	12
1043743932	1043743932	517505277	517505277	12
1043539853	1043539853	517350883	517350883	12
1037118571	1037118571	499291591	499291591	12
4817195540	4817195540	3805188669	3805188669	12
4786632916	4786632916	3760575545	3760575545	12
4780350382	4780350382	3769150460	3769150460	12
4786266276	4786266276	3760092714	3760092714	12
4786117911	4786117911	3759916460	3759916460	12
4819955019	4819955019	454395462	454395462	12
4780813213	4780813213	3791745365	3791745365	12
4780845900	4780845900	3769238427	3769238427	12
4780879425	4780879425	3769360410	3769360410	12
4783465970	4783465970	3800961307	3800961307	12
4783861096	4783861096	3756570475	3756570475	12
1009248711	1009248711	629206546	629206546	12
1049829042	1049829042	522670728	522670728	12
1015121661	1015121661	450978586	450978586	12
4143916947	4143916947	3439340110	3439340110	12
944109550	944109550	482694150	482694150	12
939208320	939208320	479391324	479391324	12
1019067501	1019067501	450144914	450144914	12
2734271116	2734271116	3648200232	3648200232	12
4120749368	4120749368	3697023919	3697023919	12
4120559584	4120559584	3697072888	3697072888	12
4122244214	4122244214	3695226297	3695226297	12
4179951349	4179951349	3442008998	3442008998	12
934937877	934937877	475286875	475286875	12
4146346651	4146346651	3437902148	3437902148	12
4195319897	4195319897	3419867892	3419867892	12
4151968495	4151968495	3662403005	3662403005	12
4142782948	4142782948	3683148253	3683148253	12
4139498558	4139498558	3681168201	3681168201	12
4785965551	4785965551	3759452364	3759452364	12
2664196604	2664196604	3510107709	3510107709	12
617097986	617097986	782554497	782554497	10
5131585203	5131585203	2477260103	2477260103	10
5130321779	5130321779	2506708448	2506708448	10
5129892921	5129892921	2556207767	2556207767	10
1737893853	1737893853	2012794150	2012794150	10
606690898	606690898	791497520	791497520	10
615744016	615744016	785045566	785045566	10
699586711	699586711	972015423	972015423	10
4960940394	4960940394	782152751	782152751	10
662190268	662190268	751459487	751459487	10
699359995	699359995	972439074	972439074	10
693873836	693873836	976087613	976087613	10
688765568	688765568	981681539	981681539	10
5096467933	5096467933	2508773231	2508773231	10
5126805581	5126805581	2483752611	2483752611	10
5106724700	5106724700	2430867341	2430867341	10
349678377	349678377	2439356552	2439356552	10
5122831616	5122831616	2532816284	2532816284	10
683366032	683366032	986339893	986339893	10
5119446368	5119446368	2451134849	2451134849	10
5119320245	5119320245	2451559955	2451559955	10
5087070271	5087070271	2499213992	2499213992	10
5100042168	5100042168	2512787362	2512787362	10
5100227845	5100227845	2513279345	2513279345	10
5133088690	5133088690	2480625646	2480625646	10
5114127585	5114127585	2547967926	2547967926	10
5128059511	5128059511	2489314325	2489314325	10
604583436	604583436	794516400	794516400	10
5107637338	5107637338	2511273173	2511273173	10
5108104512	5108104512	2512151806	2512151806	10
5111331991	5111331991	2512607737	2512607737	10
5113073998	5113073998	2548694946	2548694946	10
686518272	686518272	983798161	983798161	10
5122143440	5122143440	2531056206	2531056206	10
705942179	705942179	254497169	254497169	10
1249121025	1249121025	561890372	561890372	10
594862245	594862245	802027154	802027154	10
1198000953	1198000953	717552102	717552102	10
712318115	712318115	258551253	258551253	10
1222823313	1222823313	552225090	552225090	10
1224214416	1224214416	551619033	551619033	10
1224822781	1224822781	551262099	551262099	10
1225090885	1225090885	551208784	551208784	10
1232662698	1232662698	459121878	459121878	10
1197756900	1197756900	590350389	590350389	10
1286211957	1286211957	678823583	678823583	10
1305037100	1305037100	569159415	569159415	10
742024701	742024701	959786821	959786821	10
730589451	730589451	281416380	281416380	10
725395856	725395856	271599190	271599190	10
721003569	721003569	265971338	265971338	10
59408205	59408205	260600670	260600670	10
1285717349	1285717349	674316356	674316356	10
46613025	46613025	31092801	31092801	9
4053161	4053161	141796788	141796788	9
269562	269562	17296509	17296509	9
19247703	19247703	5698463	5698463	9
21072435	21072435	96152456	96152456	9
39980134	39980134	2927176	2927176	9
3988241025	3988241025	4299744041	4299744041	9
50070383	50070383	27863312	27863312	9
78562140	78562140	34986498	34986498	9
80492681	80492681	60113901	60113901	9
98365648	98365648	1001190900	1001190900	9
295881055	295881055	50208418	50208418	9
118334896	118334896	967859415	967859415	9
88508455	88508455	926177820	926177820	9
143016685	143016685	230816198	230816198	9
301369784	301369784	870823243	870823243	9
154738491	154738491	219400736	219400736	9
233861516	233861516	352938743	352938743	9
224495028	224495028	935913923	935913923	9
224298551	224298551	935801256	935801256	9
223892996	223892996	935529019	935529019	9
305319598	305319598	73721218	73721218	9
205499202	205499202	64736641	64736641	9
205722345	205722345	64673619	64673619	9
194419332	194419332	178540907	178540907	9
161225464	161225464	214067985	214067985	9
160804258	160804258	214443464	214443464	9
158462885	158462885	215674857	215674857	9
155082683	155082683	219118034	219118034	9
223335221	223335221	935232099	935232099	9
145027822	145027822	229327393	229327393	9
4911851460	4911851460	4509606116	4509606116	9
144862127	144862127	229490157	229490157	9
310149164	310149164	132163958	132163958	9
349732965	349732965	163239374	163239374	9
334268611	334268611	68741170	68741170	9
340329619	340329619	861827639	861827639	9
8973747	8973747	136947361	136947361	9
388642850	388642850	74853910	74853910	9
138479934	138479934	235157841	235157841	9
300750889	300750889	118756375	118756375	9
143250349	143250349	230690043	230690043	9
135551183	135551183	236765902	236765902	9
2679544495	2679544495	3371384198	3371384198	8
4307648695	4307648695	2787655753	2787655753	8
4242433630	4242433630	2710739368	2710739368	8
4229750550	4229750550	2863482595	2863482595	8
1078577447	1078577447	668661039	668661039	8
1078538047	1078538047	668603291	668603291	8
772737128	772737128	3374700544	3374700544	8
2677943745	2677943745	3370329965	3370329965	8
3166412619	3166412619	458582299	458582299	8
4663492199	4663492199	3133163349	3133163349	8
3166123359	3166123359	1920641198	1920641198	8
4897114364	4897114364	2956288412	2956288412	8
124940627	124940627	2955857961	2955857961	8
4899376492	4899376492	2954517046	2954517046	8
4888543102	4888543102	3851880968	3851880968	8
4892070314	4892070314	2914167257	2914167257	8
4898795964	4898795964	2956024140	2956024140	8
1080002865	1080002865	673206525	673206525	8
4271362055	4271362055	2727003867	2727003867	8
2674697602	2674697602	3375739020	3375739020	8
2669357762	2669357762	3390153726	3390153726	8
900048408	900048408	1262903288	1262903288	8
1128213827	1128213827	562457926	562457926	8
1129317384	1129317384	678535018	678535018	8
924234697	924234697	466390492	466390492	8
1176062977	1176062977	1250340821	1250340821	8
1132845168	1132845168	1223695192	1223695192	8
1100465727	1100465727	532323841	532323841	8
1064413959	1064413959	617790134	617790134	8
1085205084	1085205084	722481286	722481286	8
1084868745	1084868745	722716465	722716465	8
2685837415	2685837415	3357176889	3357176889	8
2684969777	2684969777	3368966043	3368966043	8
2684921273	2684921273	3368932946	3368932946	8
2630187102	2630187102	3398322829	3398322829	8
2669921854	2669921854	3388847249	3388847249	8
2688603598	2688603598	3359169063	3359169063	8
2692250012	2692250012	3353809683	3353809683	8
2693352690	2693352690	3345624384	3345624384	8
2674977927	2674977927	3376983104	3376983104	8
2473799918	2473799918	3364744663	3364744663	8
4889911736	4889911736	2937731442	2937731442	8
2474232237	2474232237	3381160303	3381160303	8
4881360798	4881360798	2938007467	2938007467	8
2979182792	2979182792	2903042950	2903042950	8
2979252790	2979252790	2902993568	2902993568	8
4876925777	4876925777	2896899809	2896899809	8
4905082476	4905082476	625332543	625332543	8
4903297381	4903297381	2874284572	2874284572	8
4903203108	4903203108	2874075607	2874075607	8
4902613834	4902613834	2870596886	2870596886	8
4865516476	4865516476	2911858759	2911858759	8
4866348560	4866348560	2868169112	2868169112	8
4866742773	4866742773	2869539538	2869539538	8
4866955412	4866955412	2869712722	2869712722	8
2662878045	2662878045	3333209137	3333209137	8
2659995518	2659995518	3330030448	3330030448	8
2655104692	2655104692	3326356776	3326356776	8
2654836828	2654836828	3326208138	3326208138	8
2642173090	2642173090	3318940842	3318940842	8
2449806050	2449806050	3367246477	3367246477	8
2462072931	2462072931	3377482209	3377482209	8
4315375863	4315375863	2781637141	2781637141	8
4328360002	4328360002	2738861000	2738861000	8
4363267790	4363267790	2717577684	2717577684	8
4278219788	4278219788	2778240468	2778240468	8
4360557449	4360557449	2720617644	2720617644	8
4332241976	4332241976	2807629059	2807629059	8
4363998220	4363998220	2767259133	2767259133	8
4290189168	4290189168	2737841709	2737841709	8
4923008246	4923008246	2773907187	2773907187	8
4333267172	4333267172	2800422182	2800422182	8
3340147889	3340147889	1751035920	1751035920	8
4329177210	4329177210	2739113814	2739113814	8
4334397604	4334397604	2826687278	2826687278	8
4338121626	4338121626	2821822062	2821822062	8
4350671513	4350671513	2779722001	2779722001	8
4353530025	4353530025	2726177554	2726177554	8
4351126804	4351126804	2779159598	2779159598	8
4923542479	4923542479	2804895975	2804895975	8
3102314890	3102314890	2826000700	2826000700	8
3098891344	3098891344	1613882320	1613882320	7
3187401307	3187401307	1876402939	1876402939	7
3187077521	3187077521	1876201152	1876201152	7
3185331365	3185331365	1874902980	1874902980	7
3181555788	3181555788	1871693202	1871693202	7
3128937341	3128937341	1611240669	1611240669	7
3098320229	3098320229	1613224680	1613224680	7
3129082314	3129082314	1611500776	1611500776	7
3125590955	3125590955	1607554860	1607554860	7
3125503271	3125503271	1607461696	1607461696	7
3210170519	3210170519	1901726055	1901726055	7
3121144272	3121144272	1604590502	1604590502	7
3208280023	3208280023	1898361508	1898361508	7
3276636492	3276636492	1780863797	1780863797	7
3245396760	3245396760	1808878742	1808878742	7
3246228795	3246228795	4930817265	4930817265	7
3255868985	3255868985	1796940858	1796940858	7
3257296959	3257296959	1796241267	1796241267	7
3259357021	3259357021	1794582365	1794582365	7
3270675241	3270675241	1786176144	1786176144	7
241963330	241963330	373129137	373129137	7
3277133979	3277133979	1780585377	1780585377	7
3296413489	3296413489	1778951226	1778951226	7
3404771999	3404771999	2649868940	2649868940	7
3279002854	3279002854	1766561668	1766561668	7
3315849192	3315849192	1853853012	1853853012	7
3115529925	3115529925	1717434404	1717434404	7
1786016324	1786016324	2107896303	2107896303	7
238978845	238978845	358548395	358548395	7
1732492778	1732492778	2006800035	2006800035	7
2095730285	2095730285	1462231094	1462231094	7
2106622537	2106622537	1452705172	1452705172	7
2106685462	2106685462	1452743929	1452743929	7
2111672731	2111672731	1449252800	1449252800	7
2115487183	2115487183	1447349081	1447349081	7
2115886206	2115886206	4169477330	4169477330	7
2117098146	2117098146	1446368229	1446368229	7
2131061073	2131061073	1435175957	1435175957	7
1687213396	1687213396	1290439559	1290439559	7
4571996413	4571996413	4861452202	4861452202	7
1728654187	1728654187	2017336994	2017336994	7
1732268967	1732268967	2006656200	2006656200	7
1732641387	1732641387	2006921123	2006921123	7
237940696	237940696	357734756	357734756	7
1733416830	1733416830	2008149729	2008149729	7
1737513213	1737513213	2012368824	2012368824	7
1752037192	1752037192	1968120780	1968120780	7
1801758869	1801758869	1965046880	1965046880	7
1788364659	1788364659	2106559353	2106559353	7
4693270531	4693270531	3417406288	3417406288	7
3321627390	3321627390	1854969489	1854969489	7
1785242363	1785242363	2108272677	2108272677	7
1777057140	1777057140	2112741336	2112741336	7
4720706909	4720706909	3914361122	3914361122	7
4720666401	4720666401	4896952217	4896952217	7
271346629	271346629	385096451	385096451	7
3318911774	3318911774	1828145471	1828145471	7
3253780481	3253780481	1798558035	1798558035	7
3326961657	3326961657	1838946553	1838946553	7
3143803821	3143803821	1925688533	1925688533	7
4267152163	4267152163	2767631943	2767631943	7
4261460224	4261460224	2703800636	2703800636	7
4292068708	4292068708	2800782904	2800782904	7
4247798455	4247798455	2714051512	2714051512	7
3328605582	3328605582	1843973795	1843973795	7
3154171095	3154171095	1938288557	1938288557	7
3305765301	3305765301	1824790055	1824790055	7
3332560649	3332560649	1755416465	1755416465	7
3330806440	3330806440	1842693851	1842693851	7
3447057146	3447057146	1836127205	1836127205	7
4486390934	4486390934	2371999509	2371999509	6
4482776389	4482776389	2383458371	2383458371	6
4483910153	4483910153	2383537491	2383537491	6
4484292561	4484292561	2364767371	2364767371	6
4489640211	4489640211	2371869936	2371869936	6
4489304109	4489304109	2371324031	2371324031	6
4489258450	4489258450	2371276900	2371276900	6
4488978252	4488978252	2377496102	2377496102	6
4487839514	4487839514	2363543633	2363543633	6
4493727726	4493727726	2364112389	2364112389	6
4492370328	4492370328	2389315616	2389315616	6
4492852470	4492852470	2389840920	2389840920	6
4592973892	4592973892	4201821782	4201821782	6
4596435397	4596435397	4202123643	4202123643	6
4475720827	4475720827	2347608816	2347608816	6
4586694874	4586694874	4205928842	4205928842	6
4587480448	4587480448	4219284508	4219284508	6
4587492130	4587492130	4219235656	4219235656	6
4951490519	4951490519	3385417274	3385417274	6
4475889632	4475889632	2363369127	2363369127	6
4473958370	4473958370	2381527795	2381527795	6
4474613942	4474613942	2306526726	2306526726	6
4457997527	4457997527	2411464580	2411464580	6
4396140340	4396140340	2397496220	2397496220	6
4444133137	4444133137	2400561951	2400561951	6
4448023913	4448023913	2404959964	2404959964	6
4449461234	4449461234	2406810389	2406810389	6
4451212444	4451212444	2424527212	2424527212	6
4451647350	4451647350	2424231365	2424231365	6
4451754474	4451754474	2424181664	2424181664	6
4452705922	4452705922	2417681954	2417681954	6
4465236694	4465236694	2341664790	2341664790	6
4474567135	4474567135	2306461747	2306461747	6
4467897171	4467897171	2319582960	2319582960	6
4468775377	4468775377	2318381352	2318381352	6
4471462244	4471462244	2349788689	2349788689	6
4471534441	4471534441	2349632235	2349632235	6
4473611106	4473611106	2380956340	2380956340	6
4589736408	4589736408	4175942374	4175942374	6
4474445956	4474445956	2306319632	2306319632	6
4474520844	4474520844	2306413097	2306413097	6
4588997986	4588997986	4205143704	4205143704	6
4581436273	4581436273	4149043322	4149043322	6
4589750354	4589750354	4179153131	4179153131	6
4922813086	4922813086	4492071460	4492071460	6
4932328627	4932328627	4503977809	4503977809	6
4932275090	4932275090	4488178456	4488178456	6
4931831519	4931831519	4487672903	4487672903	6
4930221099	4930221099	4467818791	4467818791	6
4929824003	4929824003	4469729852	4469729852	6
4929576164	4929576164	4470408781	4470408781	6
4917725269	4917725269	4502117934	4502117934	6
4921001889	4921001889	4500157077	4500157077	6
4922820211	4922820211	4491880157	4491880157	6
4589984541	4589984541	4176723782	4176723782	6
4922903843	4922903843	4480274277	4480274277	6
4923127773	4923127773	4458339318	4458339318	6
4934457664	4934457664	4458304015	4458304015	6
4925395208	4925395208	4497164046	4497164046	6
4925404942	4925404942	4497114149	4497114149	6
4926124019	4926124019	4480483524	4480483524	6
4927496872	4927496872	4505127688	4505127688	6
4927530201	4927530201	4505018298	4505018298	6
4549990687	4549990687	4503298742	4503298742	6
4909969087	4909969087	4508401627	4508401627	6
4914861461	4914861461	4507167992	4507167992	6
4915093534	4915093534	4506821828	4506821828	6
4590307791	4590307791	4176635659	4176635659	6
4594695380	4594695380	4146767586	4146767586	6
4581298952	4581298952	4160619484	4160619484	6
4575477659	4575477659	4155068634	4155068634	6
4582227130	4582227130	4168586695	4168586695	6
4582593910	4582593910	4168433320	4168433320	6
4582631763	4582631763	4168380912	4168380912	6
4582764549	4582764549	4167905217	4167905217	6
4583084716	4583084716	4168293459	4168293459	6
4583347714	4583347714	4166868909	4166868909	6
4583904264	4583904264	4154482606	4154482606	6
4584386020	4584386020	4154691548	4154691548	6
4576741870	4576741870	4154046418	4154046418	6
4911635577	4911635577	4484621023	4484621023	6
4910241601	4910241601	4491432295	4491432295	6
4910108669	4910108669	4507536437	4507536437	6
4915184076	4915184076	4506718443	4506718443	6
4419635533	4419635533	2766100786	2766100786	6
4927858130	4927858130	4505299024	4505299024	6
4610245753	4610245753	3952039017	3952039017	6
1881161450	1881161450	1476375125	1476375125	6
1720361281	1720361281	1977886626	1977886626	6
1719678045	1719678045	1978310586	1978310586	6
1719316604	1719316604	1978568177	1978568177	6
1718512981	1718512981	1979065106	1979065106	6
1714864795	1714864795	1982753281	1982753281	6
1703104681	1703104681	1975541336	1975541336	6
1696344386	1696344386	1301893149	1301893149	6
910372706	910372706	464750078	464750078	6
1881872105	1881872105	2050309469	2050309469	6
4601685301	4601685301	3963489452	3963489452	6
1887314639	1887314639	1475720570	1475720570	6
3593959052	3593959052	1471089533	1471089533	6
1822324992	1822324992	1469557398	1469557398	6
1820244056	1820244056	1472695356	1472695356	6
1820450084	1820450084	1472473113	1472473113	6
1842365992	1842365992	2045739966	2045739966	6
1841147010	1841147010	2049802473	2049802473	6
4607720619	4607720619	3914840600	3914840600	6
4603332458	4603332458	3979478668	3979478668	6
4928159305	4928159305	4477320781	4477320781	6
4601575240	4601575240	3963894008	3963894008	6
4440927978	4440927978	2316961524	2316961524	6
4601211220	4601211220	3975161964	3975161964	6
4900499100	4900499100	2959742382	2959742382	6
4899824783	4899824783	2958771474	2958771474	6
4395612899	4395612899	2309067103	2309067103	6
4425270143	4425270143	2289689572	2289689572	6
4887263144	4887263144	2908881627	2908881627	6
4886444423	4886444423	2901570490	2901570490	6
4441393633	4441393633	2318185924	2318185924	6
4900537834	4900537834	2959920655	2959920655	6
4392738754	4392738754	2305372643	2305372643	6
4425611362	4425611362	2309773042	2309773042	6
5168118811	5168118811	2310640854	2310640854	6
4390282139	4390282139	2310760613	2310760613	6
4389912198	4389912198	2311124250	2311124250	6
4374696660	4374696660	2300642621	2300642621	6
4375065295	4375065295	2300220316	2300220316	6
4439095520	4439095520	2331087558	2331087558	6
4124574629	4124574629	3694171512	3694171512	5
2252593522	2252593522	1387157337	1387157337	5
2204254007	2204254007	1386048692	1386048692	5
2007370438	2007370438	1353393556	1353393556	5
1991032265	1991032265	1508055227	1508055227	5
1993735297	1993735297	1505181395	1505181395	5
1932260886	1932260886	1393262605	1393262605	5
2007960878	2007960878	1354151779	1354151779	5
1931105033	1931105033	1392175531	1392175531	5
1853606166	1853606166	1475858794	1475858794	5
2243602376	2243602376	1340350742	1340350742	5
2244820337	2244820337	1341520747	1341520747	5
2223674913	2223674913	2060959327	2060959327	5
1861879618	1861879618	1476713755	1476713755	5
2233785064	2233785064	2078600902	2078600902	5
2234402931	2234402931	2081631544	2081631544	5
2736986163	2736986163	2082920467	2082920467	5
2022245746	2022245746	1337563974	1337563974	5
2255233264	2255233264	1945001361	1945001361	5
2249479334	2249479334	1992258865	1992258865	5
2022132302	2022132302	1365228354	1365228354	5
1674153947	1674153947	1302994814	1302994814	5
2023545707	2023545707	1336663925	1336663925	5
2029329123	2029329123	2025695852	2025695852	5
1325738691	1325738691	702154945	702154945	5
1333681907	1333681907	1051245832	1051245832	5
1344708594	1344708594	675448948	675448948	5
1345713593	1345713593	666040044	666040044	5
1352207254	1352207254	657681405	657681405	5
1364578533	1364578533	648523633	648523633	5
1364847752	1364847752	648461310	648461310	5
4611415098	4611415098	3920547642	3920547642	5
1684209546	1684209546	1292773072	1292773072	5
4598980316	4598980316	3966273774	3966273774	5
4599843926	4599843926	3975082545	3975082545	5
1671810286	1671810286	1321737343	1321737343	5
2153513479	2153513479	1401162042	1401162042	5
4584341083	4584341083	4163041587	4163041587	5
2157368226	2157368226	1403562240	1403562240	5
2082226896	2082226896	1310851763	1310851763	5
2075735332	2075735332	1479028420	1479028420	5
2052114871	2052114871	1467623505	1467623505	5
2035286762	2035286762	2025045260	2025045260	5
1339884941	1339884941	674639153	674639153	5
