start1	end1	start2	end2	col
3538087993	3538087993	4740579756	4740579756	28
3565771628	3565771628	4757234337	4757234337	28
2845883787	2845883787	1932677483	1932677483	28
931630682	931630682	481928447	481928447	28
928441279	928441279	485213909	485213909	28
926745638	926745638	487036499	487036499	28
912487451	912487451	501170531	501170531	28
885042944	885042944	528879729	528879729	28
884178386	884178386	529697105	529697105	28
3540196838	3540196838	4743843714	4743843714	28
895992096	895992096	517803813	517803813	28
3586150935	3586150935	4706499575	4706499575	28
3623711225	3623711225	4696565431	4696565431	28
3628269135	3628269135	4702987703	4702987703	28
3574820973	3574820973	4731566642	4731566642	28
3572415920	3572415920	4733855222	4733855222	28
3538438017	3538438017	4742233598	4742233598	28
3624394343	3624394343	4697222451	4697222451	28
3587576946	3587576946	4707957374	4707957374	28
1627209367	1627209367	4553395623	4553395623	27
3879901409	3879901409	3756733716	3756733716	27
3876094611	3876094611	3760645990	3760645990	27
3876049548	3876049548	3760671888	3760671888	27
3875992007	3875992007	3760701473	3760701473	27
3879257310	3879257310	3757455600	3757455600	27
1623893269	1623893269	4556908359	4556908359	27
1623940884	1623940884	4556859998	4556859998	27
1627192691	1627192691	4553414908	4553414908	27
3839024507	3839024507	3776087608	3776087608	27
1629796389	1629796389	4550682989	4550682989	27
1635507665	1635507665	4544569498	4544569498	27
1637287508	1637287508	4542674290	4542674290	27
1544134174	1544134174	4619858864	4619858864	27
1541413698	1541413698	4617411249	4617411249	27
1540656722	1540656722	4616747942	4616747942	27
1353248493	1353248493	4379326166	4379326166	27
1375753059	1375753059	4401619345	4401619345	27
1632470315	1632470315	4547869101	4547869101	27
849189345	849189345	566603563	566603563	26
819554330	819554330	37472981	37472981	26
833048116	833048116	25631913	25631913	26
839600859	839600859	85971714	85971714	26
844680412	844680412	97144594	97144594	26
846602617	846602617	569249275	569249275	26
2541305942	2541305942	1554563155	1554563155	26
855086664	855086664	560408571	560408571	26
859505205	859505205	555661273	555661273	26
863601311	863601311	550871946	550871946	26
870605620	870605620	543551559	543551559	26
859149147	859149147	555976191	555976191	26
3775476453	3775476453	1786541391	1786541391	25
4194315320	4194315320	3985525221	3985525221	25
4196182889	4196182889	3962334932	3962334932	25
4198608276	4198608276	3958677397	3958677397	25
4161399900	4161399900	3957903817	3957903817	25
4154596235	4154596235	3972477011	3972477011	25
4157111950	4157111950	3969587728	3969587728	25
2762233321	2762233321	1896682449	1896682449	25
2783210548	2783210548	1876184737	1876184737	25
2789159470	2789159470	1780862918	1780862918	25
2832231413	2832231413	1918684644	1918684644	25
3337067802	3337067802	3097533532	3097533532	25
2830284530	2830284530	1916533466	1916533466	25
4210595438	4210595438	3996596090	3996596090	25
4213592092	4213592092	3992940654	3992940654	25
4213846084	4213846084	3992584114	3992584114	25
4184380697	4184380697	4032928852	4032928852	25
4143104864	4143104864	3979061176	3979061176	25
4177338502	4177338502	4022605304	4022605304	25
4142027862	4142027862	3977970614	3977970614	25
4209584699	4209584699	3997763016	3997763016	25
4210041529	4210041529	3997173054	3997173054	25
4168201068	4168201068	4015516661	4015516661	25
4171573361	4171573361	4018559019	4018559019	25
4173325873	4173325873	4020283294	4020283294	25
4208426667	4208426667	3998975270	3998975270	25
4348355312	4348355312	4061979907	4061979907	25
4193177479	4193177479	3986129827	3986129827	25
4191392868	4191392868	3988069444	3988069444	25
4184638874	4184638874	4032977776	4032977776	25
4191080106	4191080106	3988428872	3988428872	25
4481397220	4481397220	4273775952	4273775952	24
4465053331	4465053331	4260555683	4260555683	24
4466428276	4466428276	4262591306	4262591306	24
4480757522	4480757522	4274461441	4274461441	24
4484785717	4484785717	4267653416	4267653416	24
248234117	248234117	1071601265	1071601265	23
222545453	222545453	1098851445	1098851445	23
250387423	250387423	1069403082	1069403082	23
224072998	224072998	1097234555	1097234555	23
248174920	248174920	1071689210	1071689210	23
228542113	228542113	1092607895	1092607895	23
224176033	224176033	1097142352	1097142352	23
218103087	218103087	1103986741	1103986741	23
222184687	222184687	1099031920	1099031920	23
384065708	384065708	879014521	879014521	23
4812581686	4812581686	3372663071	3372663071	23
5177710352	5177710352	4772668995	4772668995	23
383194059	383194059	878062018	878062018	23
386475171	386475171	881620444	881620444	23
271818153	271818153	1046998274	1046998274	23
278414858	278414858	1039734188	1039734188	23
439454320	439454320	938207389	938207389	23
5165599336	5165599336	4765272766	4765272766	23
2071216159	2071216159	3674208458	3674208458	22
2068481640	2068481640	3671448471	3671448471	22
2068458507	2068458507	3671484765	3671484765	22
2072391404	2072391404	3675458839	3675458839	22
2071403565	2071403565	3674410778	3674410778	22
2069822701	2069822701	3672692580	3672692580	22
2071141492	2071141492	3674136162	3674136162	22
2070094920	2070094920	3673001652	3673001652	22
2070010686	2070010686	3672911784	3672911784	22
4225709299	4225709299	3887120393	3887120393	22
4256821950	4256821950	3878635943	3878635943	22
4256291835	4256291835	3879261636	3879261636	22
4437221182	4437221182	4249395902	4249395902	22
4256974738	4256974738	3878598911	3878598911	22
4246512395	4246512395	3905985186	3905985186	22
4236514694	4236514694	3892284008	3892284008	22
4259148772	4259148772	3876276940	3876276940	22
4257821734	4257821734	3877707274	3877707274	22
4258689345	4258689345	3876749503	3876749503	22
4245194109	4245194109	3904578234	3904578234	22
4435760318	4435760318	4251717104	4251717104	22
4443374351	4443374351	4242723746	4242723746	22
4444544315	4444544315	4241500097	4241500097	22
4802092870	4802092870	3362021551	3362021551	21
4781507852	4781507852	3407285755	3407285755	21
4790468654	4790468654	4736314910	4736314910	21
4790933593	4790933593	3351225375	3351225375	21
4796795224	4796795224	3357196488	3357196488	21
4804059371	4804059371	3363991049	3363991049	21
4812542340	4812542340	3372693057	3372693057	21
4811715012	4811715012	3373501434	3373501434	21
4807753764	4807753764	3367712453	3367712453	21
4812506703	4812506703	3372728005	3372728005	21
4800654373	4800654373	3360664905	3360664905	21
4644233056	4644233056	3406175276	3406175276	21
4805541243	4805541243	3365581363	3365581363	21
4747762138	4747762138	3424912937	3424912937	21
4747652032	4747652032	3424808561	3424808561	21
4732824793	4732824793	3390061577	3390061577	21
4727634514	4727634514	3395481779	3395481779	21
4806241317	4806241317	3366293042	3366293042	21
1719385992	1719385992	2381738702	2381738702	20
3494345656	3494345656	3276286307	3276286307	20
3488858782	3488858782	3281711084	3281711084	20
3488240643	3488240643	3282272405	3282272405	20
3480948072	3480948072	3289542949	3289542949	20
3483567120	3483567120	3286896680	3286896680	20
974702415	974702415	415659356	415659356	20
2079530297	2079530297	3683236512	3683236512	20
1690530118	1690530118	2307454147	2307454147	20
1718956921	1718956921	2381311106	2381311106	20
1690175639	1690175639	2302982310	2302982310	20
1690418993	1690418993	2307611722	2307611722	20
1690637709	1690637709	2307416789	2307416789	20
3505408043	3505408043	3265258853	3265258853	20
3505285451	3505285451	3265441553	3265441553	20
3495834517	3495834517	3274753886	3274753886	20
3494377567	3494377567	3276207341	3276207341	20
3503195476	3503195476	3267665765	3267665765	20
3497886390	3497886390	3272690246	3272690246	20
3521225026	3521225026	3242599713	3242599713	20
3508600287	3508600287	3261947951	3261947951	20
3468519839	3468519839	3302045341	3302045341	20
3467487386	3467487386	3303211620	3303211620	20
3467407957	3467407957	3303334537	3303334537	20
3478318075	3478318075	3292048985	3292048985	20
3519135780	3519135780	3240273464	3240273464	20
3517036793	3517036793	3238171200	3238171200	20
3469147335	3469147335	3301391068	3301391068	20
3523788860	3523788860	3249036041	3249036041	20
3526441072	3526441072	3252322392	3252322392	20
3438278933	3438278933	3333650422	3333650422	20
3444004035	3444004035	3327909391	3327909391	20
3513678766	3513678766	3234520204	3234520204	20
3513472679	3513472679	3234345756	3234345756	20
3526361610	3526361610	3252254404	3252254404	20
1738107365	1738107365	2554175882	2554175882	19
1901958572	1901958572	2406412056	2406412056	19
1768787834	1768787834	2541702206	2541702206	19
1765621701	1765621701	2544806509	2544806509	19
1732810531	1732810531	2548780775	2548780775	19
1733139409	1733139409	2549103929	2549103929	19
1745332474	1745332474	2563103502	2563103502	19
1743265279	1743265279	2561213095	2561213095	19
1744672572	1744672572	2562544200	2562544200	19
1933875979	1933875979	2324238973	2324238973	19
1865161756	1865161756	2443694464	2443694464	19
1873490074	1873490074	2434872537	2434872537	19
2462608546	2462608546	2744289268	2744289268	19
1906442550	1906442550	2401787742	2401787742	19
1905832029	1905832029	2402440498	2402440498	19
1855674794	1855674794	2453247722	2453247722	19
1906572994	1906572994	2401601868	2401601868	19
1818801275	1818801275	2489611661	2489611661	19
1763534012	1763534012	2393261709	2393261709	19
1789277871	1789277871	2520513213	2520513213	19
1798385541	1798385541	2511127705	2511127705	19
1808954424	1808954424	2500099498	2500099498	19
1817395707	1817395707	2491095479	2491095479	19
1816863982	1816863982	2491772170	2491772170	19
1822401600	1822401600	2486178167	2486178167	19
1823157089	1823157089	2485449925	2485449925	19
1848449208	1848449208	2460849520	2460849520	19
1852273710	1852273710	2456856759	2456856759	19
1853222158	1853222158	2455742674	2455742674	19
1855397620	1855397620	2453490565	2453490565	19
1159446252	1159446252	306327328	306327328	18
1157175810	1157175810	303938821	303938821	18
1152400083	1152400083	298870423	298870423	18
1151165080	1151165080	297578294	297578294	18
1144253925	1144253925	290493689	290493689	18
1135652622	1135652622	281605421	281605421	18
1091070525	1091070525	237323525	237323525	18
1165937426	1165937426	312923596	312923596	18
1173365003	1173365003	320243577	320243577	18
1184813624	1184813624	331911256	331911256	18
1185071052	1185071052	332145280	332145280	18
1189012645	1189012645	336382024	336382024	18
1197584699	1197584699	345041657	345041657	18
1117590730	1117590730	263058540	263058540	18
1138089895	1138089895	284181820	284181820	18
1083962634	1083962634	230231010	230231010	18
1013883276	1013883276	398285036	398285036	18
998718212	998718212	440509735	440509735	18
1007812194	1007812194	449999168	449999168	18
1007986962	1007986962	450189576	450189576	18
1008371682	1008371682	450642639	450642639	18
1013853522	1013853522	398332107	398332107	18
1000930376	1000930376	442716155	442716155	18
1033697212	1033697212	377882098	377882098	18
1035244265	1035244265	376650940	376650940	18
1044252691	1044252691	367563632	367563632	18
1063407334	1063407334	210304075	210304075	18
1077661937	1077661937	223721260	223721260	18
1079832195	1079832195	225849638	225849638	18
1483502524	1483502524	4506676734	4506676734	17
1451456196	1451456196	4475609502	4475609502	17
1462863586	1462863586	4487010047	4487010047	17
1464039488	1464039488	4488217170	4488217170	17
1474361662	1474361662	4498527917	4498527917	17
1477131433	1477131433	4501127095	4501127095	17
1511215023	1511215023	4533601736	4533601736	17
1503297310	1503297310	4525555462	4525555462	17
1510296742	1510296742	4532715307	4532715307	17
1511373409	1511373409	4533756382	4533756382	17
1605554473	1605554473	4575493227	4575493227	17
1443484647	1443484647	4467657682	4467657682	17
1444480131	1444480131	4468579269	4468579269	17
1568958789	1568958789	4640867126	4640867126	17
1441355680	1441355680	4465475839	4465475839	17
1427328453	1427328453	4451748161	4451748161	17
1353118499	1353118499	4379201320	4379201320	17
1587292798	1587292798	4582205166	4582205166	17
1548404420	1548404420	4626139672	4626139672	17
1558989414	1558989414	4595623436	4595623436	17
1607708321	1607708321	4573423334	4573423334	17
1638769127	1638769127	4540970941	4540970941	17
1646763034	1646763034	141321380	141321380	17
1516465211	1516465211	4615085377	4615085377	17
1515086924	1515086924	4629110075	4629110075	17
1581710471	1581710471	4653868406	4653868406	17
1605814141	1605814141	4575377294	4575377294	17
1508031370	1508031370	4530432623	4530432623	17
1611645407	1611645407	4569514445	4569514445	17
3847233661	3847233661	3784283527	3784283527	17
3842808581	3842808581	3780074936	3780074936	17
3871551279	3871551279	3765028271	3765028271	17
3871651923	3871651923	3764966199	3764966199	17
3858231767	3858231767	3795821323	3795821323	17
3858079530	3858079530	3794556955	3794556955	17
3854029772	3854029772	3791113186	3791113186	17
3851683075	3851683075	3788729627	3788729627	17
3850806338	3850806338	3787850329	3787850329	17
3849846114	3849846114	3786876126	3786876126	17
3846192659	3846192659	3783267270	3783267270	17
3846792869	3846792869	3783870434	3783870434	17
3847138872	3847138872	3784192508	3784192508	17
3871405031	3871405031	3765123302	3765123302	17
3847753313	3847753313	3784792263	3784792263	17
3845653224	3845653224	3782749866	3782749866	17
3887284969	3887284969	3747177671	3747177671	17
3841344932	3841344932	3778547553	3778547553	17
3848760127	3848760127	3785787216	3785787216	17
3849340826	3849340826	3786359862	3786359862	17
3842728987	3842728987	3779988498	3779988498	17
3844355400	3844355400	3781447668	3781447668	17
3844070424	3844070424	3781202088	3781202088	17
3890671547	3890671547	3750557947	3750557947	17
3896948139	3896948139	3739683037	3739683037	17
3887727242	3887727242	3747636655	3747636655	17
1999841872	1999841872	2355382123	2355382123	16
1968558082	1968558082	2273661284	2273661284	16
1700890146	1700890146	2298192295	2298192295	16
1958191638	1958191638	2352055009	2352055009	16
1961025897	1961025897	2355275632	2355275632	16
1703822680	1703822680	2365449937	2365449937	16
1999778788	1999778788	2355436541	2355436541	16
1712449814	1712449814	2374227360	2374227360	16
1703901660	1703901660	2365554088	2365554088	16
1705109331	1705109331	2366771555	2366771555	16
1714992952	1714992952	2376984519	2376984519	16
1975718506	1975718506	2265991633	2265991633	16
1974009483	1974009483	2268377594	2268377594	16
1929145393	1929145393	2329058759	2329058759	16
1984141893	1984141893	2291450891	2291450891	16
3343019830	3343019830	3103633986	3103633986	16
1928490832	1928490832	2329702631	2329702631	16
1928932945	1928932945	2329242377	2329242377	16
1929046438	1929046438	2329141676	2329141676	16
1688944353	1688944353	2303996101	2303996101	16
1948485827	1948485827	2309732889	2309732889	16
1947971746	1947971746	2310162960	2310162960	16
1947840155	1947840155	2310392917	2310392917	16
1693088175	1693088175	2309114769	2309114769	16
1911394973	1911394973	2347085700	2347085700	16
1712064195	1712064195	2373805313	2373805313	16
1712217138	1712217138	2373975613	2373975613	16
1939492058	1939492058	2318566648	2318566648	16
1711712074	1711712074	2373446051	2373446051	16
4374405113	4374405113	4177227343	4177227343	16
1968956720	1968956720	2273501484	2273501484	16
4394979494	4394979494	4144625546	4144625546	16
4391967843	4391967843	4153270454	4153270454	16
4402014600	4402014600	4152550283	4152550283	16
4391987222	4391987222	4153291852	4153291852	16
4387673111	4387673111	4163350969	4163350969	16
4380316488	4380316488	4171921134	4171921134	16
4380207474	4380207474	4172064135	4172064135	16
4370825186	4370825186	4181013520	4181013520	16
4370873667	4370873667	4180897970	4180897970	16
4371353860	4371353860	4180408196	4180408196	16
4371876471	4371876471	4179809863	4179809863	16
4395147848	4395147848	4144519793	4144519793	16
4374374799	4374374799	4177247366	4177247366	16
1230402784	1230402784	180829231	180829231	16
4378666667	4378666667	4173442758	4173442758	16
1987230087	1987230087	2292215115	2292215115	16
1264808644	1264808644	144286153	144286153	16
1244332749	1244332749	165766661	165766661	16
1272942076	1272942076	96148917	96148917	16
1230344234	1230344234	180876186	180876186	16
1230282477	1230282477	180957151	180957151	16
1229530039	1229530039	181601631	181601631	16
1208428709	1208428709	203144858	203144858	16
1205673811	1205673811	205678354	205678354	16
2392305966	2392305966	2676788111	2676788111	15
2260933591	2260933591	2585148404	2585148404	15
2392327584	2392327584	2676810629	2676810629	15
2363916461	2363916461	2650554474	2650554474	15
2387599329	2387599329	2672269870	2672269870	15
2386932236	2386932236	2671648687	2671648687	15
2382844518	2382844518	2667736990	2667736990	15
2384919786	2384919786	2669781105	2669781105	15
2385557579	2385557579	2670376791	2670376791	15
2225986594	2225986594	2617739570	2617739570	15
2209682197	2209682197	2632922471	2632922471	15
2251969549	2251969549	2577483620	2577483620	15
2259804335	2259804335	2586293495	2586293495	15
2259619733	2259619733	2586332445	2586332445	15
2258567406	2258567406	2584030678	2584030678	15
2254222746	2254222746	2579646504	2579646504	15
2252683133	2252683133	2578147792	2578147792	15
2243348656	2243348656	2600758149	2600758149	15
2370233289	2370233289	2655891236	2655891236	15
510346616	510346616	644413825	644413825	15
520063477	520063477	654635437	654635437	15
2398560889	2398560889	2683434468	2683434468	15
2368298327	2368298327	2655133486	2655133486	15
2251912628	2251912628	2577416959	2577416959	15
2395143588	2395143588	2679826637	2679826637	15
2421560363	2421560363	2706159603	2706159603	15
2365288952	2365288952	2651978541	2651978541	15
2450036015	2450036015	2732804067	2732804067	15
2447181157	2447181157	2730053391	2730053391	15
2444126567	2444126567	2727177722	2727177722	15
2437463516	2437463516	2721343353	2721343353	15
2435442678	2435442678	2719413363	2719413363	15
2434457335	2434457335	2718433324	2718433324	15
2424960241	2424960241	2709389390	2709389390	15
2424654895	2424654895	2709089157	2709089157	15
2422771839	2422771839	2707339174	2707339174	15
2449844139	2449844139	2732644730	2732644730	15
2418020203	2418020203	2702442247	2702442247	15
2404460315	2404460315	2689483538	2689483538	15
2415149234	2415149234	2699775312	2699775312	15
2398949496	2398949496	2683814853	2683814853	15
2401579153	2401579153	2686579777	2686579777	15
2399060295	2399060295	2683938183	2683938183	15
2404862537	2404862537	2689833464	2689833464	15
2412310745	2412310745	2696887993	2696887993	15
2413358547	2413358547	2697996388	2697996388	15
2413964085	2413964085	2698572930	2698572930	15
3928168410	3928168410	3527665992	3527665992	14
4927089922	4927089922	4936718588	4936718588	14
4926799545	4926799545	4936769361	4936769361	14
288339858	288339858	1029292408	1029292408	14
4932802460	4932802460	4881190648	4881190648	14
4932529356	4932529356	4881326035	4881326035	14
282770646	282770646	1035162810	1035162810	14
4905664116	4905664116	4962863592	4962863592	14
4906515435	4906515435	4962029763	4962029763	14
4988209331	4988209331	5069405717	5069405717	14
4988331162	4988331162	5069536836	5069536836	14
5010757551	5010757551	4832865745	4832865745	14
5135461510	5135461510	4995860202	4995860202	14
4915120914	4915120914	4952799866	4952799866	14
5043381085	5043381085	5110320284	5110320284	14
5043497974	5043497974	5110050835	5110050835	14
5044681530	5044681530	5108883351	5108883351	14
4317453825	4317453825	3815168928	3815168928	14
4325661895	4325661895	3804684300	3804684300	14
4323657825	4323657825	3806826007	3806826007	14
4309393328	4309393328	3823852053	3823852053	14
4301484780	4301484780	3832480956	3832480956	14
4286195136	4286195136	3850339676	3850339676	14
4323040879	4323040879	3807450730	3807450730	14
4321896172	4321896172	3808708589	3808708589	14
4276334238	4276334238	3839769795	3839769795	14
4276211761	4276211761	3839647761	3839647761	14
4275495791	4275495791	3839032629	3839032629	14
4295928196	4295928196	3838317485	3838317485	14
4329022547	4329022547	3801712873	3801712873	14
4302659824	4302659824	3831112970	3831112970	14
4303133155	4303133155	3830697402	3830697402	14
4304500378	4304500378	3829331239	3829331239	14
4303917817	4303917817	3829962767	3829962767	14
4294554976	4294554976	3857974399	3857974399	14
4290915278	4290915278	3854676784	3854676784	14
4303073945	4303073945	3830773891	3830773891	14
4286205255	4286205255	3850351814	3850351814	14
137402611	137402611	1188748185	1188748185	13
93636879	93636879	1234985512	1234985512	13
980874715	980874715	421912267	421912267	13
108429926	108429926	1219098309	1219098309	13
132147490	132147490	1194401477	1194401477	13
134036609	134036609	1192246492	1192246492	13
154005287	154005287	1171418776	1171418776	13
141235901	141235901	1184977711	1184977711	13
148384968	148384968	1177363609	1177363609	13
154172929	154172929	1171310743	1171310743	13
178827070	178827070	1145160034	1145160034	13
86032185	86032185	1243150159	1243150159	13
91082989	91082989	1237675192	1237675192	13
55371302	55371302	1275393683	1275393683	13
67238257	67238257	1262327720	1262327720	13
65656802	65656802	1264216223	1264216223	13
63067187	63067187	1267004353	1267004353	13
62650996	62650996	1267560788	1267560788	13
61548278	61548278	1268481713	1268481713	13
60288716	60288716	1270096233	1270096233	13
60167225	60167225	1270170884	1270170884	13
55705728	55705728	1274917353	1274917353	13
52080356	52080356	1278902155	1278902155	13
51934135	51934135	1279020247	1279020247	13
39037105	39037105	1292607978	1292607978	13
37992468	37992468	1293768486	1293768486	13
196174929	196174929	1127208247	1127208247	13
180753189	180753189	1143286396	1143286396	13
4502909733	4502909733	4083823849	4083823849	13
2748890157	2748890157	1344708205	1344708205	13
4510157081	4510157081	4092534324	4092534324	13
4510227993	4510227993	4092432925	4092432925	13
3074337500	3074337500	2128161149	2128161149	13
2961292155	2961292155	2050249809	2050249809	13
1676638044	1676638044	2235690740	2235690740	13
2065431130	2065431130	3668215876	3668215876	12
2047943378	2047943378	3650875594	3650875594	12
557539694	557539694	694311052	694311052	12
557474646	557474646	694238128	694238128	12
594050970	594050970	731188599	731188599	12
593930488	593930488	731089028	731089028	12
587569102	587569102	724258017	724258017	12
2034083600	2034083600	3714774680	3714774680	12
2047304896	2047304896	3650242158	3650242158	12
2061789940	2061789940	3664460046	3664460046	12
2048017939	2048017939	3650940820	3650940820	12
2048175595	2048175595	3651100072	3651100072	12
559464574	559464574	696347046	696347046	12
2060642925	2060642925	3663219101	3663219101	12
2060526712	2060526712	3663112776	3663112776	12
2060471892	2060471892	3663059528	3663059528	12
2056577455	2056577455	3658899133	3658899133	12
2054686235	2054686235	3657444850	3657444850	12
558094020	558094020	694868979	694868979	12
600036832	600036832	737589166	737589166	12
564222936	564222936	700102057	700102057	12
1386208472	1386208472	4411579523	4411579523	12
493188595	493188595	626281563	626281563	12
488066507	488066507	620159570	620159570	12
568102763	568102763	704185792	704185792	12
1573811504	1573811504	4645849101	4645849101	12
1287486270	1287486270	4312012861	4312012861	12
1287593655	1287593655	4312113963	4312113963	12
1284879961	1284879961	4309785544	4309785544	12
1378675273	1378675273	4404605984	4404605984	12
483614927	483614927	615544932	615544932	12
1388799298	1388799298	4414225170	4414225170	12
1409973219	1409973219	4435052575	4435052575	12
1348423500	1348423500	4373837765	4373837765	12
1344798160	1344798160	4370187789	4370187789	12
1339616352	1339616352	4364913595	4364913595	12
2048543841	2048543841	3651480150	3651480150	12
1402081985	1402081985	4427021478	4427021478	12
4880584776	4880584776	4941926793	4941926793	10
4089206912	4089206912	3626679354	3626679354	10
4089913989	4089913989	3627395045	3627395045	10
4090824340	4090824340	3628349000	3628349000	10
3763566720	3763566720	1814663601	1814663601	10
4893151571	4893151571	4918862219	4918862219	10
4901299018	4901299018	4927310380	4927310380	10
5068832838	5068832838	5087060324	5087060324	10
4880246909	4880246909	4942301226	4942301226	10
4831185280	4831185280	4845470325	4845470325	10
5068516639	5068516639	5086783262	5086783262	10
5063220159	5063220159	5088790550	5088790550	10
5058429463	5058429463	5094132104	5094132104	10
4108360316	4108360316	3569308333	3569308333	10
4095729584	4095729584	3633186522	3633186522	10
4074212206	4074212206	3610895849	3610895849	10
4108329130	4108329130	3569253117	3569253117	10
4053669745	4053669745	3639504423	3639504423	10
5053462044	5053462044	5099398091	5099398091	10
4061631810	4061631810	3597597308	3597597308	10
4061852986	4061852986	3597822278	3597822278	10
4118306301	4118306301	3558593679	3558593679	10
4111845414	4111845414	3583869971	3583869971	10
4112048257	4112048257	3587781773	3587781773	10
4100860956	4100860956	3637755847	3637755847	10
4088120599	4088120599	3625475164	3625475164	10
4099108848	4099108848	3636367984	3636367984	10
4891017152	4891017152	4916761270	4916761270	10
4075118253	4075118253	3611990745	3611990745	10
4075525936	4075525936	3612427290	3612427290	10
4081088793	4081088793	3618372606	3618372606	10
4084754932	4084754932	3622012031	3622012031	10
5056269475	5056269475	5096573773	5096573773	10
4055003515	4055003515	3563170772	3563170772	10
5075145058	5075145058	5060309274	5060309274	10
346770730	346770730	965367042	965367042	10
4954020127	4954020127	4857809161	4857809161	10
442370765	442370765	941459404	941459404	10
5080425739	5080425739	5054739301	5054739301	10
663235359	663235359	945157159	945157159	10
329657740	329657740	984345603	984345603	10
329942330	329942330	983947395	983947395	10
330023723	330023723	983891074	983891074	10
336249287	336249287	977023965	977023965	10
301288253	301288253	1015010092	1015010092	10
348739282	348739282	963407814	963407814	10
379929591	379929591	874596600	874596600	10
5108623124	5108623124	5024411218	5024411218	10
5104655007	5104655007	5028751018	5028751018	10
5093534915	5093534915	5040737066	5040737066	10
5089905904	5089905904	5044806623	5044806623	10
5082977000	5082977000	5051987761	5051987761	10
349227064	349227064	962760673	962760673	10
3108176162	3108176162	2188887652	2188887652	9
1687334168	1687334168	2227004110	2227004110	9
1664940699	1664940699	2222837026	2222837026	9
1653064346	1653064346	2212809061	2212809061	9
3135540468	3135540468	2211666953	2211666953	9
3114489190	3114489190	2204793396	2204793396	9
3007074673	3007074673	2096212891	2096212891	9
3104391941	3104391941	2192724270	2192724270	9
3009591838	3009591838	2098863952	2098863952	9
3007764188	3007764188	2096967860	2096967860	9
2988724245	2988724245	2078126410	2078126410	9
3069269345	3069269345	2133586674	2133586674	9
2970341267	2970341267	2059334396	2059334396	9
3000060984	3000060984	2089283781	2089283781	9
2944787246	2944787246	2033559220	2033559220	9
3061260006	3061260006	2142590889	2142590889	9
2933193808	2933193808	2021744753	2021744753	9
2850980343	2850980343	1938029543	1938029543	9
2860724095	2860724095	1948088880	1948088880	9
2861128198	2861128198	1948544679	1948544679	9
2861483466	2861483466	1948931185	1948931185	9
3058546252	3058546252	2145598008	2145598008	9
2880499773	2880499773	1968778120	1968778120	9
2880456183	2880456183	1968728398	1968728398	9
2893158731	2893158731	1981887192	1981887192	9
2928060527	2928060527	2016469038	2016469038	9
2928380915	2928380915	2016777618	2016777618	9
2929831908	2929831908	2018259970	2018259970	9
2933105068	2933105068	2021651877	2021651877	9
2861886670	2861886670	1949354543	1949354543	9
2943104995	2943104995	2031717130	2031717130	9
3136843061	3136843061	2238785718	2238785718	9
2943323399	2943323399	2031967556	2031967556	9
3053853107	3053853107	2150427410	2150427410	9
3138683046	3138683046	2237184471	2237184471	9
1677359975	1677359975	2235399330	2235399330	9
1675936079	1675936079	2242310637	2242310637	9
1681669772	1681669772	2231602170	2231602170	9
3033424745	3033424745	2123599578	2123599578	9
2950054660	2950054660	2039068904	2039068904	9
3061956936	3061956936	2141902834	2141902834	9
2944757900	2944757900	2033503451	2033503451	9
2951783745	2951783745	2040880085	2040880085	9
4009425772	4009425772	3505576223	3505576223	8
3250289172	3250289172	3233179372	3233179372	8
3343434530	3343434530	3141509012	3141509012	8
2031514534	2031514534	3712025651	3712025651	8
658821361	658821361	795700385	795700385	8
658969450	658969450	795643270	795643270	8
4011445381	4011445381	3507789518	3507789518	8
4011176618	4011176618	3507593099	3507593099	8
2333986591	2333986591	2778218106	2778218106	8
2326230706	2326230706	2770293756	2770293756	8
2334783367	2334783367	2779027061	2779027061	8
762322135	762322135	130257156	130257156	8
769602357	769602357	123021846	123021846	8
771630575	771630575	120938595	120938595	8
731148584	731148584	70978648	70978648	8
748751857	748751857	109402039	109402039	8
769903550	769903550	122767940	122767940	8
657470797	657470797	797183088	797183088	8
3258684172	3258684172	3228211981	3228211981	8
3999208175	3999208175	3493912446	3493912446	8
4001111597	4001111597	3496070855	3496070855	8
449349487	449349487	580587367	580587367	8
661803997	661803997	805700955	805700955	8
653542544	653542544	804826057	804826057	8
471427381	471427381	602510085	602510085	8
707017955	707017955	817039781	817039781	8
711743874	711743874	822850814	822850814	8
632785570	632785570	772908464	772908464	8
615833206	615833206	754692169	754692169	8
648330522	648330522	791001886	791001886	8
648777628	648777628	791472751	791472751	8
4001169903	4001169903	3496129035	3496129035	8
4003459877	4003459877	3498676718	3498676718	8
4003435271	4003435271	3498734466	3498734466	8
3916148227	3916148227	3546923850	3546923850	8
4000388799	4000388799	3495254363	3495254363	8
3954842738	3954842738	3452289033	3452289033	8
3960672421	3960672421	3455541942	3455541942	8
3963970783	3963970783	3458381848	3458381848	8
3998958515	3998958515	3493648692	3493648692	8
3929031110	3929031110	3528395208	3528395208	8
745501445	745501445	105783199	105783199	8
3930086975	3930086975	3529493710	3529493710	8
811494490	811494490	103893942	103893942	8
810751390	810751390	103070353	103070353	8
810640041	810640041	102946170	102946170	8
787502105	787502105	17968209	17968209	8
792013966	792013966	13414684	13414684	8
802206292	802206292	3768289	3768289	8
802455814	802455814	3578147	3578147	8
804531228	804531228	1771386	1771386	8
781825595	781825595	82230157	82230157	8
785684262	785684262	85721700	85721700	8
733904024	733904024	68306104	68306104	8
734273366	734273366	67838578	67838578	8
3979771190	3979771190	3473758603	3473758603	8
3983447448	3983447448	3477320288	3477320288	8
3988932986	3988932986	3483173927	3483173927	8
3989344634	3989344634	3483610326	3483610326	8
3952493247	3952493247	3511119399	3511119399	8
3936244706	3936244706	3526873214	3526873214	8
3933477188	3933477188	3532795418	3532795418	8
3253980252	3253980252	3231104568	3231104568	8
3247099962	3247099962	3173392465	3173392465	8
3260642385	3260642385	3226634438	3226634438	8
3300114922	3300114922	3190548501	3190548501	8
3263478094	3263478094	3224884873	3224884873	8
3245081170	3245081170	3171204386	3171204386	8
3193632471	3193632471	3125070838	3125070838	8
3249050205	3249050205	3175274360	3175274360	8
3309691294	3309691294	3180475268	3180475268	8
3297476371	3297476371	3193382155	3193382155	8
3191891845	3191891845	3129965314	3129965314	8
3246760622	3246760622	3172922203	3172922203	8
3296386300	3296386300	3194367205	3194367205	8
3292005917	3292005917	3198796728	3198796728	8
3276651234	3276651234	3213707423	3213707423	8
3272279533	3272279533	3217944624	3217944624	8
3276144477	3276144477	3214147333	3214147333	8
3274057650	3274057650	3216156138	3216156138	8
3295894976	3295894976	3194617229	3194617229	8
996460912	996460912	438076849	438076849	7
2309104395	2309104395	2910853419	2910853419	7
2309334358	2309334358	2910462679	2910462679	7
2310575115	2310575115	2909408707	2909408707	7
2315064054	2315064054	2905055036	2905055036	7
990056955	990056955	431488862	431488862	7
995520499	995520499	437167857	437167857	7
990338874	990338874	431806381	431806381	7
985202161	985202161	426501438	426501438	7
985112269	985112269	426415778	426415778	7
2284815604	2284815604	2933956195	2933956195	7
980578740	980578740	421661912	421661912	7
2286421206	2286421206	2932547456	2932547456	7
2122375439	2122375439	2876675445	2876675445	7
2175782039	2175782039	2823743780	2823743780	7
2175099715	2175099715	2824412380	2824412380	7
2164058556	2164058556	2835578771	2835578771	7
2163046079	2163046079	2836608884	2836608884	7
2160400828	2160400828	2838977438	2838977438	7
2116518731	2116518731	2882411851	2882411851	7
2843505964	2843505964	1930231420	1930231420	7
2122420098	2122420098	2876651641	2876651641	7
2123685998	2123685998	2875266334	2875266334	7
3535282636	3535282636	4739072526	4739072526	7
2140041102	2140041102	2859698172	2859698172	7
2141558097	2141558097	2858238494	2858238494	7
976747744	976747744	417706328	417706328	7
2764770517	2764770517	1894126129	1894126129	7
2845894750	2845894750	1932694538	1932694538	7
3770861186	3770861186	1822521184	1822521184	7
2662894848	2662894848	1432999886	1432999886	7
2677246924	2677246924	1418469153	1418469153	7
2677296039	2677296039	1418410878	1418410878	7
2682855482	2682855482	1412512087	1412512087	7
2686528793	2686528793	1408422336	1408422336	7
2686879950	2686879950	1408217203	1408217203	7
2688142614	2688142614	1406976605	1406976605	7
2703158636	2703158636	1391446218	1391446218	7
3758380456	3758380456	1867410558	1867410558	7
3788384281	3788384281	1799806546	1799806546	7
3818626734	3818626734	1828079551	1828079551	7
3771050024	3771050024	1822680893	1822680893	7
3770427067	3770427067	1822035408	1822035408	7
2846375144	2846375144	1933217039	1933217039	7
3769639730	3769639730	1821160641	1821160641	7
3764190559	3764190559	1815328792	1815328792	7
2810368978	2810368978	1761147881	1761147881	7
2806753739	2806753739	1764202904	1764202904	7
2762412096	2762412096	1896281706	1896281706	7
2763184036	2763184036	1895935727	1895935727	7
2153397547	2153397547	2846046460	2846046460	7
2765641688	2765641688	1893428471	1893428471	7
2774398853	2774398853	1884618983	1884618983	7
3505208513	3505208513	3265561307	3265561307	7
3505247000	3505247000	3265517972	3265517972	7
2825176098	2825176098	1903571659	1903571659	7
2143768893	2143768893	2856016813	2856016813	7
2166348116	2166348116	2833226172	2833226172	7
2147988009	2147988009	2851662284	2851662284	7
2357803037	2357803037	2802125946	2802125946	7
3355377073	3355377073	3125678748	3125678748	7
3183951661	3183951661	3138011789	3138011789	7
3228883924	3228883924	3155436595	3155436595	7
3221662371	3221662371	3148268098	3148268098	7
2146945548	2146945548	2852854285	2852854285	7
2350739200	2350739200	2794787720	2794787720	7
2100735991	2100735991	2892100546	2892100546	7
2154173640	2154173640	2845057362	2845057362	7
2145833381	2145833381	2854060819	2854060819	7
2090691978	2090691978	2754658681	2754658681	7
3376421794	3376421794	3000584659	3000584659	6
3384826747	3384826747	2992004550	2992004550	6
3383213844	3383213844	2993623313	2993623313	6
3382728324	3382728324	2994146713	2994146713	6
3380600027	3380600027	2996349618	2996349618	6
3380017136	3380017136	2996924322	2996924322	6
3379993705	3379993705	2996949854	2996949854	6
3379432262	3379432262	2997552200	2997552200	6
3378349721	3378349721	2998642877	2998642877	6
3371914077	3371914077	3005384632	3005384632	6
3372717227	3372717227	3004553420	3004553420	6
3372341345	3372341345	3004841330	3004841330	6
4046099349	4046099349	4118046730	4118046730	6
4023148654	4023148654	4122143260	4122143260	6
3399405414	3399405414	2977416697	2977416697	6
4038447554	4038447554	4110673305	4110673305	6
4039398457	4039398457	4111420053	4111420053	6
4039417212	4039417212	4111447488	4111447488	6
4428703704	4428703704	4220129139	4220129139	6
3399063077	3399063077	2977804072	2977804072	6
3403388178	3403388178	2973610362	2973610362	6
3402509270	3402509270	2974489102	2974489102	6
3368334673	3368334673	3008917552	3008917552	6
3152949565	3152949565	3035694269	3035694269	6
3161938511	3161938511	3032514802	3032514802	6
3157102950	3157102950	3027355536	3027355536	6
3154485719	3154485719	3024487547	3024487547	6
3194557925	3194557925	3022273690	3022273690	6
3194030288	3194030288	3021711992	3021711992	6
3193973666	3193973666	3021651974	3021651974	6
3357193352	3357193352	3020068154	3020068154	6
3422012877	3422012877	2953805491	2953805491	6
3402636011	3402636011	2974369795	2974369795	6
3417302119	3417302119	2959502133	2959502133	6
3415333558	3415333558	2961323387	2961323387	6
3409377262	3409377262	2967239886	2967239886	6
3409215287	3409215287	2967360810	2967360810	6
3403588700	3403588700	2973139667	2973139667	6
4041962847	4041962847	4114053481	4114053481	6
3402820769	3402820769	2974204416	2974204416	6
3402717606	3402717606	2974299186	2974299186	6
4041340261	4041340261	4113420476	4113420476	6
5059546026	5059546026	5093062825	5093062825	6
4041979353	4041979353	4114076904	4114076904	6
4364717736	4364717736	4052303380	4052303380	6
4347018367	4347018367	4060838030	4060838030	6
4347955921	4347955921	4061553581	4061553581	6
4348276126	4348276126	4061896351	4061896351	6
4350387875	4350387875	4041408642	4041408642	6
4351216126	4351216126	4040693553	4040693553	6
4351955509	4351955509	4040035755	4040035755	6
4361263402	4361263402	4056132068	4056132068	6
4363358003	4363358003	4053830607	4053830607	6
4364733384	4364733384	4052236838	4052236838	6
4042397567	4042397567	4114504018	4114504018	6
4364801419	4364801419	4052204231	4052204231	6
4364990941	4364990941	4051928223	4051928223	6
4365064056	4365064056	4051909330	4051909330	6
4368383949	4368383949	4048274445	4048274445	6
4368414993	4368414993	4048229373	4048229373	6
4369914766	4369914766	4046738615	4046738615	6
4359013077	4359013077	4043651034	4043651034	6
4358856995	4358856995	4043554331	4043554331	6
4346201391	4346201391	4059986363	4059986363	6
4340440628	4340440628	4065412678	4065412678	6
4336408941	4336408941	4074752145	4074752145	6
4335984174	4335984174	4075354576	4075354576	6
4042917917	4042917917	4115044493	4115044493	6
4047665789	4047665789	4119790018	4119790018	6
4017482299	4017482299	4128537218	4128537218	6
4034579650	4034579650	4129652835	4129652835	6
4016294356	4016294356	4127183615	4127183615	6
4035512092	4035512092	4126731894	4126731894	6
4035568623	4035568623	4126684833	4126684833	6
4035722562	4035722562	4126539482	4126539482	6
4036469057	4036469057	4125791765	4125791765	6
4036700457	4036700457	4125560890	4125560890	6
4021434497	4021434497	4125421485	4125421485	6
4021105275	4021105275	4125083902	4125083902	6
4021749736	4021749736	4108683378	4108683378	6
4341875890	4341875890	4063945603	4063945603	6
4340815647	4340815647	4065011964	4065011964	6
4340690076	4340690076	4065235226	4065235226	6
4335887100	4335887100	4075578275	4075578275	6
3202021056	3202021056	3054727815	3054727815	6
4357878907	4357878907	4036414906	4036414906	6
4434006990	4434006990	4229209160	4229209160	6
3695775990	3695775990	1693208907	1693208907	6
3827382372	3827382372	1837883646	1837883646	6
3826598472	3826598472	1838540952	1838540952	6
3826378140	3826378140	1838931938	1838931938	6
3825770207	3825770207	1839584549	1839584549	6
3820994765	3820994765	1844308294	1844308294	6
3801066675	3801066675	1860000368	1860000368	6
3795625668	3795625668	1810699847	1810699847	6
457939548	457939548	588073369	588073369	6
3695099600	3695099600	1693990226	1693990226	6
4407570523	4407570523	4212133929	4212133929	6
3699256655	3699256655	1689487252	1689487252	6
3699584312	3699584312	1688976794	1688976794	6
3702900167	3702900167	1685645311	1685645311	6
3707485041	3707485041	1680827967	1680827967	6
3707702376	3707702376	1680525594	1680525594	6
3723032063	3723032063	1742236037	1742236037	6
3724099722	3724099722	1741086502	1741086502	6
4423754990	4423754990	4202467878	4202467878	6
4410703574	4410703574	4215895368	4215895368	6
4357223657	4357223657	4036656362	4036656362	6
4407395966	4407395966	4211775952	4211775952	6
3336004576	3336004576	3096505383	3096505383	6
4406346144	4406346144	4210764938	4210764938	6
766290394	766290394	126225524	126225524	6
764220032	764220032	128266575	128266575	6
767101382	767101382	125840841	125840841	6
3338919397	3338919397	3099560903	3099560903	6
808197303	808197303	100106615	100106615	6
809857132	809857132	102090737	102090737	6
3335059028	3335059028	3095495981	3095495981	6
766407976	766407976	126108638	126108638	6
3337087599	3337087599	3097552148	3097552148	6
3327760574	3327760574	3087961065	3087961065	6
3316844431	3316844431	3070955900	3070955900	6
3316738046	3316738046	3071003247	3071003247	6
3316487143	3316487143	3071205332	3071205332	6
3214403446	3214403446	3066915661	3066915661	6
3214029514	3214029514	3066494217	3066494217	6
3332060400	3332060400	3092410776	3092410776	6
2532850846	2532850846	1563387749	1563387749	5
2501462654	2501462654	1595824639	1595824639	5
2503549123	2503549123	1593627114	1593627114	5
2561327627	2561327627	1537040716	1537040716	5
2538938747	2538938747	1557054853	1557054853	5
2541835984	2541835984	1554058065	1554058065	5
2492103370	2492103370	1605758116	1605758116	5
2562315971	2562315971	1535821326	1535821326	5
2493507345	2493507345	1604101959	1604101959	5
3666410009	3666410009	1660045357	1660045357	5
2484983094	2484983094	1613269047	1613269047	5
2482919528	2482919528	1615398103	1615398103	5
2470245486	2470245486	1649159127	1649159127	5
3658593661	3658593661	4595462246	4595462246	5
3657167962	3657167962	1620668545	1620668545	5
3656268821	3656268821	1621392282	1621392282	5
3654924305	3654924305	1622912710	1622912710	5
2580411629	2580411629	1517022231	1517022231	5
3646744777	3646744777	1631460151	1631460151	5
3639725929	3639725929	1638901824	1638901824	5
2580062509	2580062509	1517241118	1517241118	5
3745520384	3745520384	1748838473	1748838473	5
2581596401	2581596401	1515810287	1515810287	5
2585802278	2585802278	1511349935	1511349935	5
387530495	387530495	882764430	882764430	5
336994892	336994892	976175944	976175944	5
413290044	413290044	910176935	910176935	5
421099679	421099679	918536650	918536650	5
422402230	422402230	919926411	919926411	5
433494982	433494982	931828662	931828662	5
433689230	433689230	932012788	932012788	5
4425698147	4425698147	4203768213	4203768213	5
3754019511	3754019511	1872091461	1872091461	5
4417896323	4417896323	4206634816	4206634816	5
4416273260	4416273260	4208593256	4208593256	5
3743014723	3743014723	1735692550	1735692550	5
2729408784	2729408784	1364491129	1364491129	5
2728668181	2728668181	1365313458	1365313458	5
2733762047	2733762047	1360020246	1360020246	5
2644301997	2644301997	1452109545	1452109545	5
2635965253	2635965253	1460038033	1460038033	5
2610005858	2610005858	1486773811	1486773811	5
2592540968	2592540968	1504566292	1504566292	5
413964099	413964099	910841895	910841895	5
