name	start	end	strand	col	fill	lwd
1	1	974223771	1	4	4	0.1
2	974223772	1720568269	1	4	4	0.1
3	1720568270	2286759271	1	4	4	0.1
4	2286759272	2378471044	1	4	4	0.1
5	2378471045	2460560307	1	4	4	0.1
6	2460560308	2635145235	1	4	4	0.1
7	2635145236	2828160460	1	4	4	0.1
8	2828160461	2981481676	1	4	4	0.1
9	2981481677	3108154559	1	4	4	0.1
10	3108154560	3219924109	1	4	4	0.1
11	3219924110	3320045242	1	4	4	0.1
12	3320045243	3425345200	1	4	4	0.1
13	3425345201	3512613677	1	4	4	0.1
14	3512613678	3589037509	1	4	4	0.1
15	3589037510	3657522126	1	4	4	0.1
17	3657522127	3709173006	1	4	4	0.1
18	3709173007	3766465848	1	4	4	0.1
19	3766465849	3821531046	1	4	4	0.1
20	3821531047	3896079988	1	4	4	0.1
21	3896079989	3934102161	1	4	4	0.1
22	3934102162	3959736789	1	4	4	0.1
23	3959736790	3991416298	1	4	4	0.1
24	3991416299	4023279165	1	4	4	0.1
25	4023279166	4033940639	1	4	4	0.1
26	4033940640	4065042318	1	4	4	0.1
27	4065042319	4093393909	1	4	4	0.1
28	4093393910	4121572463	1	4	4	0.1
33	4121572464	4130883834	1	4	4	0.1
4A	4130883835	4351545716	1	4	4	0.1
4B	4351545717	4466410056	1	4	4	0.1
5A	4466410057	4682808662	1	4	4	0.1
W	4682808663	4813240935	1	4	4	0.1
Z	4813240936	5178571768	1	4	4	0.1
1	1	974223771	1	1	4	0.1
2	974223772	1720568269	1	1	4	0.1
3	1720568270	2286759271	1	1	4	0.1
4	2286759272	2378471044	1	1	4	0.1
5	2378471045	2460560307	1	1	4	0.1
6	2460560308	2635145235	1	1	4	0.1
7	2635145236	2828160460	1	1	4	0.1
8	2828160461	2981481676	1	1	4	0.1
9	2981481677	3108154559	1	1	4	0.1
10	3108154560	3219924109	1	1	4	0.1
11	3219924110	3320045242	1	1	4	0.1
12	3320045243	3425345200	1	1	4	0.1
13	3425345201	3512613677	1	1	4	0.1
14	3512613678	3589037509	1	1	4	0.1
15	3589037510	3657522126	1	1	4	0.1
17	3657522127	3709173006	1	1	4	0.1
18	3709173007	3766465848	1	1	4	0.1
19	3766465849	3821531046	1	1	4	0.1
20	3821531047	3896079988	1	1	4	0.1
21	3896079989	3934102161	1	1	4	0.1
22	3934102162	3959736789	1	1	4	0.1
23	3959736790	3991416298	1	1	4	0.1
24	3991416299	4023279165	1	1	4	0.1
25	4023279166	4033940639	1	1	4	0.1
26	4033940640	4065042318	1	1	4	0.1
27	4065042319	4093393909	1	1	4	0.1
28	4093393910	4121572463	1	1	4	0.1
33	4121572464	4130883834	1	1	4	0.1
4A	4130883835	4351545716	1	1	4	0.1
4B	4351545717	4466410056	1	1	4	0.1
5A	4466410057	4682808662	1	1	4	0.1
W	4682808663	4813240935	1	1	4	0.1
Z	4813240936	5178571768	1	1	4	0.1
L	3912400256	3912400256	1	6	6	0.01
L	3911777865	3911777865	1	6	6	0.01
L	3900787025	3900787025	1	6	6	0.01
L	3900717013	3900717013	1	6	6	0.01
L	3898160742	3898160742	1	6	6	0.01
L	3896738018	3896738018	1	6	6	0.01
L	3896709928	3896709928	1	6	6	0.01
L	3904229792	3904229792	1	6	6	0.01
L	3904251491	3904251491	1	6	6	0.01
L	3904511663	3904511663	1	6	6	0.01
L	3904552308	3904552308	1	6	6	0.01
L	3904579234	3904579234	1	6	6	0.01
L	3905951603	3905951603	1	6	6	0.01
L	3908098499	3908098499	1	6	6	0.01
L	3917189600	3917189600	1	6	6	0.01
L	3911094862	3911094862	1	6	6	0.01
L	3910290725	3910290725	1	6	6	0.01
L	3928285767	3928285767	1	6	6	0.01
L	3928691650	3928691650	1	6	6	0.01
L	3929770806	3929770806	1	6	6	0.01
L	3930580963	3930580963	1	6	6	0.01
L	3922297115	3922297115	1	6	6	0.01
L	3918095522	3918095522	1	6	6	0.01
L	3917616027	3917616027	1	6	6	0.01
L	3917511420	3917511420	1	6	6	0.01
L	3922562391	3922562391	1	6	6	0.01
L	3922678641	3922678641	1	6	6	0.01
L	3923784275	3923784275	1	6	6	0.01
L	3988201819	3988201819	1	6	6	0.01
L	3968331035	3968331035	1	6	6	0.01
L	3967948997	3967948997	1	6	6	0.01
L	3967585165	3967585165	1	6	6	0.01
L	3967359460	3967359460	1	6	6	0.01
L	3966547981	3966547981	1	6	6	0.01
L	3966369140	3966369140	1	6	6	0.01
L	3966299862	3966299862	1	6	6	0.01
L	3965822823	3965822823	1	6	6	0.01
L	3989081141	3989081141	1	6	6	0.01
L	5057981763	5057981763	1	6	6	0.01
L	3964372620	3964372620	1	6	6	0.01
L	3980871729	3980871729	1	6	6	0.01
L	3976404323	3976404323	1	6	6	0.01
L	3975930618	3975930618	1	6	6	0.01
L	3975519172	3975519172	1	6	6	0.01
L	3975499515	3975499515	1	6	6	0.01
L	3974906699	3974906699	1	6	6	0.01
L	3973269287	3973269287	1	6	6	0.01
L	3973250113	3973250113	1	6	6	0.01
L	3971310315	3971310315	1	6	6	0.01
L	3963018971	3963018971	1	6	6	0.01
L	3979286679	3979286679	1	6	6	0.01
L	2925045904	2925045904	1	6	6	0.01
L	2925482007	2925482007	1	6	6	0.01
L	2925885735	2925885735	1	6	6	0.01
L	2929673683	2929673683	1	6	6	0.01
L	2931772442	2931772442	1	6	6	0.01
L	2932903784	2932903784	1	6	6	0.01
L	2933494627	2933494627	1	6	6	0.01
L	2933519492	2933519492	1	6	6	0.01
L	2934151272	2934151272	1	6	6	0.01
L	2936281135	2936281135	1	6	6	0.01
L	2936799722	2936799722	1	6	6	0.01
L	2938440769	2938440769	1	6	6	0.01
L	2953000643	2953000643	1	6	6	0.01
L	2953354498	2953354498	1	6	6	0.01
L	2956391970	2956391970	1	6	6	0.01
L	2956521905	2956521905	1	6	6	0.01
L	1077862107	1077862107	1	6	6	0.01
L	2956703281	2956703281	1	6	6	0.01
L	2957296003	2957296003	1	6	6	0.01
L	2957517931	2957517931	1	6	6	0.01
L	2963312168	2963312168	1	6	6	0.01
L	2963456207	2963456207	1	6	6	0.01
L	2969272508	2969272508	1	6	6	0.01
L	2971177016	2971177016	1	6	6	0.01
L	2975325605	2975325605	1	6	6	0.01
L	2921474109	2921474109	1	6	6	0.01
L	2910186555	2910186555	1	6	6	0.01
L	2908580369	2908580369	1	6	6	0.01
L	2908439668	2908439668	1	6	6	0.01
L	2907920006	2907920006	1	6	6	0.01
L	2905725496	2905725496	1	6	6	0.01
L	2902940670	2902940670	1	6	6	0.01
L	2897691779	2897691779	1	6	6	0.01
L	2894497372	2894497372	1	6	6	0.01
L	2875367113	2875367113	1	6	6	0.01
L	3709426011	3709426011	1	6	6	0.01
L	4051767905	4051767905	1	6	6	0.01
L	4040555044	4040555044	1	6	6	0.01
L	417428464	417428464	1	6	6	0.01
L	417536424	417536424	1	6	6	0.01
L	419658244	419658244	1	6	6	0.01
L	417197842	417197842	1	6	6	0.01
L	2837279458	2837279458	1	6	6	0.01
L	409280010	409280010	1	6	6	0.01
L	407129287	407129287	1	6	6	0.01
L	2834312009	2834312009	1	6	6	0.01
L	2835196484	2835196484	1	6	6	0.01
L	2836068759	2836068759	1	6	6	0.01
L	2831565180	2831565180	1	6	6	0.01
L	2846994104	2846994104	1	6	6	0.01
L	2843618730	2843618730	1	6	6	0.01
L	2843517797	2843517797	1	6	6	0.01
L	2843276005	2843276005	1	6	6	0.01
L	2862883373	2862883373	1	6	6	0.01
L	2863350544	2863350544	1	6	6	0.01
L	4057122647	4057122647	1	6	6	0.01
L	4037020728	4037020728	1	6	6	0.01
L	4037202839	4037202839	1	6	6	0.01
L	4046526771	4046526771	1	6	6	0.01
L	1831020461	1831020461	1	6	6	0.01
L	1831681179	1831681179	1	6	6	0.01
L	1831984131	1831984131	1	6	6	0.01
L	1832752455	1832752455	1	6	6	0.01
L	1837629743	1837629743	1	6	6	0.01
L	1853320968	1853320968	1	6	6	0.01
L	1986576212	1986576212	1	6	6	0.01
L	989588175	989588175	1	6	6	0.01
L	1738861306	1738861306	1	6	6	0.01
L	1738118217	1738118217	1	6	6	0.01
L	1742600053	1742600053	1	6	6	0.01
L	1743023625	1743023625	1	6	6	0.01
L	1746589818	1746589818	1	6	6	0.01
L	1751312133	1751312133	1	6	6	0.01
L	1751548249	1751548249	1	6	6	0.01
L	1766269013	1766269013	1	6	6	0.01
L	1767442642	1767442642	1	6	6	0.01
L	2193814015	2193814015	1	7	7	0.01
L	2207561586	2207561586	1	7	7	0.01
L	2207612356	2207612356	1	7	7	0.01
L	2213097472	2213097472	1	7	7	0.01
L	2217010285	2217010285	1	7	7	0.01
L	2217374033	2217374033	1	7	7	0.01
L	2218629737	2218629737	1	7	7	0.01
L	2233326184	2233326184	1	7	7	0.01
L	1802093762	1802093762	1	7	7	0.01
L	1972202132	1972202132	1	7	7	0.01
L	1820884778	1820884778	1	7	7	0.01
L	1815482216	1815482216	1	7	7	0.01
L	1815253005	1815253005	1	7	7	0.01
L	1814852606	1814852606	1	7	7	0.01
L	1813974655	1813974655	1	7	7	0.01
L	1808261881	1808261881	1	7	7	0.01
L	1963703211	1963703211	1	7	7	0.01
L	1959954794	1959954794	1	7	7	0.01
L	1912533295	1912533295	1	7	7	0.01
L	1913414743	1913414743	1	7	7	0.01
L	1915048910	1915048910	1	7	7	0.01
L	1916063715	1916063715	1	7	7	0.01
L	1925525197	1925525197	1	7	7	0.01
L	3137950247	3137950247	1	7	7	0.01
L	3137991539	3137991539	1	7	7	0.01
L	4459666248	4459666248	1	7	7	0.01
L	4441340189	4441340189	1	7	7	0.01
L	4441822396	4441822396	1	7	7	0.01
L	4443949739	4443949739	1	7	7	0.01
L	660102069	660102069	1	7	7	0.01
L	664362007	664362007	1	7	7	0.01
L	669364136	669364136	1	7	7	0.01
L	669465493	669465493	1	7	7	0.01
L	674485785	674485785	1	7	7	0.01
L	674812586	674812586	1	7	7	0.01
L	680513104	680513104	1	7	7	0.01
L	681530967	681530967	1	7	7	0.01
L	2673120949	2673120949	1	7	7	0.01
L	2668594744	2668594744	1	7	7	0.01
L	2667434312	2667434312	1	7	7	0.01
L	2667202349	2667202349	1	7	7	0.01
L	2644529163	2644529163	1	7	7	0.01
L	2643267157	2643267157	1	7	7	0.01
L	2738449082	2738449082	1	7	7	0.01
L	2739123495	2739123495	1	7	7	0.01
L	2748096275	2748096275	1	7	7	0.01
L	2750406699	2750406699	1	7	7	0.01
L	2751317415	2751317415	1	7	7	0.01
L	2753655141	2753655141	1	7	7	0.01
L	2819985711	2819985711	1	7	7	0.01
L	2825554381	2825554381	1	7	7	0.01
L	2825585040	2825585040	1	7	7	0.01
L	2826955126	2826955126	1	7	7	0.01
L	2369038638	2369038638	1	7	7	0.01
L	2810290713	2810290713	1	7	7	0.01
L	2811636521	2811636521	1	7	7	0.01
L	2815057880	2815057880	1	7	7	0.01
L	2760755990	2760755990	1	7	7	0.01
L	2774302272	2774302272	1	7	7	0.01
L	2812490233	2812490233	1	7	7	0.01
L	2813406507	2813406507	1	7	7	0.01
L	2759794046	2759794046	1	7	7	0.01
L	2791400085	2791400085	1	7	7	0.01
L	2782913330	2782913330	1	7	7	0.01
L	2708130876	2708130876	1	7	7	0.01
L	2715512998	2715512998	1	7	7	0.01
L	2989574847	2989574847	1	7	7	0.01
L	2983066982	2983066982	1	7	7	0.01
L	3021583041	3021583041	1	7	7	0.01
L	3004933713	3004933713	1	7	7	0.01
L	3416497315	3416497315	1	8	8	0.01
L	3419335673	3419335673	1	8	8	0.01
L	3423141769	3423141769	1	8	8	0.01
L	3379914416	3379914416	1	8	8	0.01
L	3338392018	3338392018	1	8	8	0.01
L	3376583702	3376583702	1	8	8	0.01
L	3376662054	3376662054	1	8	8	0.01
L	3379173778	3379173778	1	8	8	0.01
L	1250400955	1250400955	1	8	8	0.01
L	1186998056	1186998056	1	8	8	0.01
L	1150831909	1150831909	1	8	8	0.01
L	1168935788	1168935788	1	8	8	0.01
L	1231904527	1231904527	1	8	8	0.01
L	1226133291	1226133291	1	8	8	0.01
L	1004213475	1004213475	1	8	8	0.01
L	1240780871	1240780871	1	8	8	0.01
L	1241625451	1241625451	1	8	8	0.01
L	979567382	979567382	1	8	8	0.01
L	3379272960	3379272960	1	8	8	0.01
L	3381546498	3381546498	1	8	8	0.01
L	3381397823	3381397823	1	8	8	0.01
L	3341094058	3341094058	1	8	8	0.01
L	3342138053	3342138053	1	8	8	0.01
L	3345554851	3345554851	1	8	8	0.01
L	3348458373	3348458373	1	8	8	0.01
L	3364351657	3364351657	1	8	8	0.01
L	3391498023	3391498023	1	8	8	0.01
L	3391666794	3391666794	1	8	8	0.01
L	3397649661	3397649661	1	8	8	0.01
L	3401427919	3401427919	1	8	8	0.01
L	466426353	466426353	1	8	8	0.01
L	465986241	465986241	1	8	8	0.01
L	365482773	365482773	1	8	8	0.01
L	361269635	361269635	1	8	8	0.01
L	1244926659	1244926659	1	8	8	0.01
L	413119157	413119157	1	8	8	0.01
L	415429537	415429537	1	8	8	0.01
L	415653566	415653566	1	8	8	0.01
L	372298605	372298605	1	8	8	0.01
L	367435160	367435160	1	8	8	0.01
L	406550471	406550471	1	8	8	0.01
L	406497946	406497946	1	8	8	0.01
L	405698426	405698426	1	8	8	0.01
L	403725626	403725626	1	8	8	0.01
L	400015695	400015695	1	8	8	0.01
L	463007478	463007478	1	8	8	0.01
L	388568853	388568853	1	8	8	0.01
L	386635689	386635689	1	8	8	0.01
L	386275842	386275842	1	8	8	0.01
L	421700794	421700794	1	8	8	0.01
L	2692042176	2692042176	1	8	8	0.01
L	2691293653	2691293653	1	8	8	0.01
L	2683366175	2683366175	1	8	8	0.01
L	3369790540	3369790540	1	8	8	0.01
L	3367860107	3367860107	1	8	8	0.01
L	3367597795	3367597795	1	8	8	0.01
L	1246465259	1246465259	1	8	8	0.01
L	1246315001	1246315001	1	8	8	0.01
L	3581892379	3581892379	1	8	8	0.01
L	2995993077	2995993077	1	8	8	0.01
L	3107368743	3107368743	1	8	8	0.01
L	3104759242	3104759242	1	8	8	0.01
L	3101325145	3101325145	1	8	8	0.01
L	3099595981	3099595981	1	8	8	0.01
L	3097108560	3097108560	1	8	8	0.01
L	3089471809	3089471809	1	8	8	0.01
L	3087614777	3087614777	1	8	8	0.01
L	3085701669	3085701669	1	8	8	0.01
L	3085263485	3085263485	1	8	8	0.01
L	3071146810	3071146810	1	8	8	0.01
L	3067134873	3067134873	1	8	8	0.01
L	3066871230	3066871230	1	8	8	0.01
L	3063146686	3063146686	1	8	8	0.01
L	3028791190	3028791190	1	8	8	0.01
L	3065926827	3065926827	1	8	8	0.01
L	3053315011	3053315011	1	8	8	0.01
L	3048516139	3048516139	1	8	8	0.01
L	3046542211	3046542211	1	8	8	0.01
L	3046084118	3046084118	1	8	8	0.01
L	3005512346	3005512346	1	8	8	0.01
L	3044410114	3044410114	1	8	8	0.01
L	4436596047	4436596047	1	9	9	0.01
L	4426955596	4426955596	1	9	9	0.01
L	4426709099	4426709099	1	9	9	0.01
L	4426299508	4426299508	1	9	9	0.01
L	4425855816	4425855816	1	9	9	0.01
L	4152940551	4152940551	1	9	9	0.01
L	4152897129	4152897129	1	9	9	0.01
L	4166054887	4166054887	1	9	9	0.01
L	4198670766	4198670766	1	9	9	0.01
L	4198990337	4198990337	1	9	9	0.01
L	4200479677	4200479677	1	9	9	0.01
L	4203847717	4203847717	1	9	9	0.01
L	4203938540	4203938540	1	9	9	0.01
L	4213370487	4213370487	1	9	9	0.01
L	4213613344	4213613344	1	9	9	0.01
L	4215074436	4215074436	1	9	9	0.01
L	4215105346	4215105346	1	9	9	0.01
L	4220570953	4220570953	1	9	9	0.01
L	4222357011	4222357011	1	9	9	0.01
L	4305140901	4305140901	1	9	9	0.01
L	4139057887	4139057887	1	9	9	0.01
L	4135835706	4135835706	1	9	9	0.01
L	4144678786	4144678786	1	9	9	0.01
L	4140825402	4140825402	1	9	9	0.01
L	4345941707	4345941707	1	9	9	0.01
L	4342137036	4342137036	1	9	9	0.01
L	4339954934	4339954934	1	9	9	0.01
L	4339392230	4339392230	1	9	9	0.01
L	4412857765	4412857765	1	9	9	0.01
L	4407017492	4407017492	1	9	9	0.01
L	4353075419	4353075419	1	9	9	0.01
L	4361090199	4361090199	1	9	9	0.01
L	4361970818	4361970818	1	9	9	0.01
L	4380075463	4380075463	1	9	9	0.01
L	4386138131	4386138131	1	9	9	0.01
L	4389943448	4389943448	1	9	9	0.01
L	4280405380	4280405380	1	9	9	0.01
L	4278882522	4278882522	1	9	9	0.01
L	4278190148	4278190148	1	9	9	0.01
L	4271381145	4271381145	1	9	9	0.01
L	4260212786	4260212786	1	9	9	0.01
L	4333231019	4333231019	1	9	9	0.01
L	4241220091	4241220091	1	9	9	0.01
L	1268605704	1268605704	1	10	10	0.01
L	1402424649	1402424649	1	10	10	0.01
L	1270621920	1270621920	1	10	10	0.01
L	1372745037	1372745037	1	10	10	0.01
L	1372360242	1372360242	1	10	10	0.01
L	1372288543	1372288543	1	10	10	0.01
L	1365540686	1365540686	1	10	10	0.01
L	1354156099	1354156099	1	10	10	0.01
L	1352414711	1352414711	1	10	10	0.01
L	1351881211	1351881211	1	10	10	0.01
L	1323615339	1323615339	1	10	10	0.01
L	4889054527	4889054527	1	10	10	0.01
L	4894335380	4894335380	1	10	10	0.01
L	4905504706	4905504706	1	10	10	0.01
L	4909192673	4909192673	1	10	10	0.01
L	4915384631	4915384631	1	10	10	0.01
L	5080182466	5080182466	1	10	10	0.01
L	5074597739	5074597739	1	10	10	0.01
L	5049056454	5049056454	1	10	10	0.01
L	5046090726	5046090726	1	10	10	0.01
L	5043747211	5043747211	1	10	10	0.01
L	5062053854	5062053854	1	10	10	0.01
L	5067672821	5067672821	1	10	10	0.01
L	5067960352	5067960352	1	10	10	0.01
L	5162456177	5162456177	1	10	10	0.01
L	4939608454	4939608454	1	10	10	0.01
L	4939339031	4939339031	1	10	10	0.01
L	5105374555	5105374555	1	10	10	0.01
L	5096853635	5096853635	1	10	10	0.01
L	5095057344	5095057344	1	10	10	0.01
L	4925475274	4925475274	1	10	10	0.01
L	3506656138	3506656138	1	10	10	0.01
L	3500244935	3500244935	1	10	10	0.01
L	3500021084	3500021084	1	10	10	0.01
L	3428700645	3428700645	1	10	10	0.01
L	3435542358	3435542358	1	10	10	0.01
L	3435287917	3435287917	1	10	10	0.01
L	3507942635	3507942635	1	10	10	0.01
L	3460917658	3460917658	1	10	10	0.01
L	3462626257	3462626257	1	10	10	0.01
L	3481787244	3481787244	1	10	10	0.01
L	3482721631	3482721631	1	10	10	0.01
L	3483140745	3483140745	1	10	10	0.01
L	3488697323	3488697323	1	10	10	0.01
L	3477199293	3477199293	1	10	10	0.01
L	3473752511	3473752511	1	10	10	0.01
L	3447965490	3447965490	1	10	10	0.01
L	3448039995	3448039995	1	10	10	0.01
L	3465852719	3465852719	1	10	10	0.01
L	3472655187	3472655187	1	10	10	0.01
L	3471941460	3471941460	1	10	10	0.01
L	3471006240	3471006240	1	10	10	0.01
L	1807605981	1807605981	1	10	10	0.01
L	1315598137	1315598137	1	5	5	0.01
L	1364712804	1364712804	1	5	5	0.01
L	1287186658	1287186658	1	5	5	0.01
L	1287836803	1287836803	1	5	5	0.01
L	1279560500	1279560500	1	5	5	0.01
L	1278015134	1278015134	1	5	5	0.01
L	1259535695	1259535695	1	5	5	0.01
L	1259715088	1259715088	1	5	5	0.01
L	4064683043	4064683043	1	5	5	0.01
L	1797607192	1797607192	1	5	5	0.01
L	4062708848	4062708848	1	5	5	0.01
L	4058972740	4058972740	1	5	5	0.01
L	1785953445	1785953445	1	5	5	0.01
L	1788624905	1788624905	1	5	5	0.01
L	2260345382	2260345382	1	5	5	0.01
L	2259499328	2259499328	1	5	5	0.01
L	2265010787	2265010787	1	5	5	0.01
L	2176109415	2176109415	1	5	5	0.01
L	2168052184	2168052184	1	5	5	0.01
L	2099562512	2099562512	1	5	5	0.01
L	2117734974	2117734974	1	5	5	0.01
L	2124806994	2124806994	1	5	5	0.01
L	2129371526	2129371526	1	5	5	0.01
L	2130674932	2130674932	1	5	5	0.01
L	2130974240	2130974240	1	5	5	0.01
L	2091749593	2091749593	1	5	5	0.01
L	2090725418	2090725418	1	5	5	0.01
L	2073444922	2073444922	1	5	5	0.01
L	2070297665	2070297665	1	5	5	0.01
L	2063555676	2063555676	1	5	5	0.01
L	2032760026	2032760026	1	5	5	0.01
L	2030560062	2030560062	1	5	5	0.01
L	2022208509	2022208509	1	5	5	0.01
L	2020729398	2020729398	1	5	5	0.01
L	2013013945	2013013945	1	5	5	0.01
L	2010751770	2010751770	1	5	5	0.01
L	2001345709	2001345709	1	5	5	0.01
L	1883465422	1883465422	1	5	5	0.01
L	1875249353	1875249353	1	5	5	0.01
L	1873575324	1873575324	1	5	5	0.01
L	1872605341	1872605341	1	5	5	0.01
L	1871176216	1871176216	1	5	5	0.01
L	1862521430	1862521430	1	5	5	0.01
L	1855007010	1855007010	1	5	5	0.01
L	3542169694	3542169694	1	12	12	0.01
L	3540836659	3540836659	1	12	12	0.01
L	3536858666	3536858666	1	12	12	0.01
L	3536725387	3536725387	1	12	12	0.01
L	3536631476	3536631476	1	12	12	0.01
L	3535344921	3535344921	1	12	12	0.01
L	3531695942	3531695942	1	12	12	0.01
L	3548511639	3548511639	1	12	12	0.01
L	3548698805	3548698805	1	12	12	0.01
L	3548718476	3548718476	1	12	12	0.01
L	3568623879	3568623879	1	12	12	0.01
L	3584312757	3584312757	1	12	12	0.01
L	1120452670	1120452670	1	12	12	0.01
L	1127208121	1127208121	1	12	12	0.01
L	1127345681	1127345681	1	12	12	0.01
L	1133630898	1133630898	1	12	12	0.01
L	1091077939	1091077939	1	12	12	0.01
L	1091146161	1091146161	1	12	12	0.01
L	1091643513	1091643513	1	12	12	0.01
L	1093157890	1093157890	1	12	12	0.01
L	1096701960	1096701960	1	12	12	0.01
L	1100733530	1100733530	1	12	12	0.01
L	3548060801	3548060801	1	12	12	0.01
L	62063176	62063176	1	12	12	0.01
L	67338426	67338426	1	12	12	0.01
L	71113444	71113444	1	12	12	0.01
L	131056858	131056858	1	12	12	0.01
L	122964564	122964564	1	12	12	0.01
L	110531111	110531111	1	12	12	0.01
L	107941765	107941765	1	12	12	0.01
L	100920313	100920313	1	12	12	0.01
L	2333464	2333464	1	12	12	0.01
L	6763603	6763603	1	12	12	0.01
L	6572561	6572561	1	12	12	0.01
L	235973204	235973204	1	12	12	0.01
L	1016999866	1016999866	1	12	12	0.01
L	1021485094	1021485094	1	12	12	0.01
L	1026713850	1026713850	1	12	12	0.01
L	4231967355	4231967355	1	13	13	0.01
L	4328447696	4328447696	1	13	13	0.01
L	3946878240	3946878240	1	13	13	0.01
L	3946902799	3946902799	1	13	13	0.01
L	2283806533	2283806533	1	13	13	0.01
L	4145309447	4145309447	1	13	13	0.01
L	3944350740	3944350740	1	13	13	0.01
L	1513674240	1513674240	1	13	13	0.01
L	1529705281	1529705281	1	13	13	0.01
L	1531813657	1531813657	1	13	13	0.01
L	1558221525	1558221525	1	13	13	0.01
L	1558350578	1558350578	1	13	13	0.01
L	1564453779	1564453779	1	13	13	0.01
L	1571878820	1571878820	1	13	13	0.01
L	1575496330	1575496330	1	13	13	0.01
L	1579128413	1579128413	1	13	13	0.01
L	1581195375	1581195375	1	13	13	0.01
L	1605837148	1605837148	1	13	13	0.01
L	664722805	664722805	1	13	13	0.01
L	1621733987	1621733987	1	13	13	0.01
L	1624332313	1624332313	1	13	13	0.01
L	1629690023	1629690023	1	13	13	0.01
L	1648151275	1648151275	1	13	13	0.01
L	1650076593	1650076593	1	13	13	0.01
L	1652868614	1652868614	1	13	13	0.01
L	1653353736	1653353736	1	13	13	0.01
L	1654308347	1654308347	1	13	13	0.01
L	1655799225	1655799225	1	13	13	0.01
L	1655875234	1655875234	1	13	13	0.01
L	1660655594	1660655594	1	13	13	0.01
L	1661097757	1661097757	1	13	13	0.01
L	1664744866	1664744866	1	13	13	0.01
L	1664814524	1664814524	1	13	13	0.01
L	1678150433	1678150433	1	13	13	0.01
L	1679329329	1679329329	1	13	13	0.01
L	5042669820	5042669820	1	14	14	0.01
L	5041363795	5041363795	1	14	14	0.01
L	5041243841	5041243841	1	14	14	0.01
L	5119356753	5119356753	1	14	14	0.01
L	5110639731	5110639731	1	14	14	0.01
L	4861193917	4861193917	1	14	14	0.01
L	5007791431	5007791431	1	14	14	0.01
L	4985593208	4985593208	1	14	14	0.01
L	4985467904	4985467904	1	14	14	0.01
L	3339896388	3339896388	1	14	14	0.01
L	5109828562	5109828562	1	14	14	0.01
L	1421983687	1421983687	1	14	14	0.01
L	5136722840	5136722840	1	14	14	0.01
L	5137035655	5137035655	1	14	14	0.01
L	1416108169	1416108169	1	14	14	0.01
L	5130647675	5130647675	1	14	14	0.01
L	5130964820	5130964820	1	14	14	0.01
L	3663549741	3663549741	1	14	14	0.01
L	3664713808	3664713808	1	14	14	0.01
L	3658765550	3658765550	1	14	14	0.01
L	3673997780	3673997780	1	14	14	0.01
L	3694697545	3694697545	1	14	14	0.01
L	3694632331	3694632331	1	14	14	0.01
L	3690272772	3690272772	1	14	14	0.01
L	3667266197	3667266197	1	14	14	0.01
L	3679799331	3679799331	1	14	14	0.01
L	3679180033	3679180033	1	14	14	0.01
L	3680547721	3680547721	1	14	14	0.01
L	3680623445	3680623445	1	14	14	0.01
L	3680967466	3680967466	1	14	14	0.01
L	3682333473	3682333473	1	14	14	0.01
L	3699250005	3699250005	1	14	14	0.01
L	3699962775	3699962775	1	14	14	0.01
L	3700707925	3700707925	1	14	14	0.01
L	3700832520	3700832520	1	14	14	0.01
L	3686816616	3686816616	1	14	14	0.01
L	3662128151	3662128151	1	14	14	0.01
L	3663025882	3663025882	1	14	14	0.01
L	1053496129	1053496129	1	15	15	0.01
L	1043552430	1043552430	1	15	15	0.01
L	2542603815	2542603815	1	15	15	0.01
L	2510909635	2510909635	1	15	15	0.01
L	2519297158	2519297158	1	15	15	0.01
L	2519423188	2519423188	1	15	15	0.01
L	2520098271	2520098271	1	15	15	0.01
L	2521766629	2521766629	1	15	15	0.01
L	2526141263	2526141263	1	15	15	0.01
L	2526985118	2526985118	1	15	15	0.01
L	2527153189	2527153189	1	15	15	0.01
L	2528317783	2528317783	1	15	15	0.01
L	2479089598	2479089598	1	15	15	0.01
L	2494502498	2494502498	1	15	15	0.01
L	2557096980	2557096980	1	15	15	0.01
L	2556480661	2556480661	1	15	15	0.01
L	2554306301	2554306301	1	15	15	0.01
L	2558476722	2558476722	1	15	15	0.01
L	2559093190	2559093190	1	15	15	0.01
L	2463999346	2463999346	1	15	15	0.01
L	2563412991	2563412991	1	15	15	0.01
L	2563389926	2563389926	1	15	15	0.01
L	2541789831	2541789831	1	15	15	0.01
L	2570112499	2570112499	1	15	15	0.01
L	2566398030	2566398030	1	15	15	0.01
L	2462909907	2462909907	1	15	15	0.01
L	2570502665	2570502665	1	15	15	0.01
L	2570624917	2570624917	1	15	15	0.01
L	2573350634	2573350634	1	15	15	0.01
L	2576367625	2576367625	1	15	15	0.01
L	2576749442	2576749442	1	15	15	0.01
L	2584246237	2584246237	1	15	15	0.01
L	2585388743	2585388743	1	15	15	0.01
L	2585981234	2585981234	1	15	15	0.01
L	2587190266	2587190266	1	15	15	0.01
L	2590021877	2590021877	1	15	15	0.01
L	2593745701	2593745701	1	15	15	0.01
L	2595014740	2595014740	1	15	15	0.01
L	2596798623	2596798623	1	15	15	0.01
L	2597097738	2597097738	1	15	15	0.01
L	2606647242	2606647242	1	15	15	0.01
L	2607623399	2607623399	1	15	15	0.01
L	2609839593	2609839593	1	15	15	0.01
L	2616966234	2616966234	1	15	15	0.01
L	2619753496	2619753496	1	15	15	0.01
L	2622272346	2622272346	1	15	15	0.01
L	2622473058	2622473058	1	15	15	0.01
L	2379646823	2379646823	1	16	16	0.01
L	2459141971	2459141971	1	16	16	0.01
L	2382922387	2382922387	1	16	16	0.01
L	2421881695	2421881695	1	16	16	0.01
L	2421673398	2421673398	1	16	16	0.01
L	2421401465	2421401465	1	16	16	0.01
L	2428792159	2428792159	1	16	16	0.01
L	2437605439	2437605439	1	16	16	0.01
L	2437668044	2437668044	1	16	16	0.01
L	2437783846	2437783846	1	16	16	0.01
L	2438179954	2438179954	1	16	16	0.01
L	2841726916	2841726916	1	16	16	0.01
L	2397376096	2397376096	1	16	16	0.01
L	2403701170	2403701170	1	16	16	0.01
L	2405217440	2405217440	1	16	16	0.01
L	2409163315	2409163315	1	16	16	0.01
L	2389086463	2389086463	1	16	16	0.01
L	4511086728	4511086728	1	16	16	0.01
L	4509624315	4509624315	1	16	16	0.01
L	4509552384	4509552384	1	16	16	0.01
L	4509510496	4509510496	1	16	16	0.01
L	4504317730	4504317730	1	16	16	0.01
L	4504092380	4504092380	1	16	16	0.01
L	4503000185	4503000185	1	16	16	0.01
L	4484890411	4484890411	1	16	16	0.01
L	4498752921	4498752921	1	16	16	0.01
L	4498515982	4498515982	1	16	16	0.01
L	4498357607	4498357607	1	16	16	0.01
L	4498021919	4498021919	1	16	16	0.01
L	2409034696	2409034696	1	16	16	0.01
L	2394865314	2394865314	1	16	16	0.01
L	3505714502	3505714502	1	16	16	0.01
L	961925584	961925584	1	16	16	0.01
L	939504409	939504409	1	16	16	0.01
L	924132706	924132706	1	16	16	0.01
L	924066678	924066678	1	16	16	0.01
L	924015933	924015933	1	16	16	0.01
L	923224919	923224919	1	16	16	0.01
L	901809706	901809706	1	16	16	0.01
L	898969219	898969219	1	16	16	0.01
L	4016264597	4016264597	1	16	16	0.01
L	4019745426	4019745426	1	16	16	0.01
L	4019727036	4019727036	1	16	16	0.01
L	4021905943	4021905943	1	16	16	0.01
L	4022450874	4022450874	1	16	16	0.01
L	4022948187	4022948187	1	16	16	0.01
L	4023052626	4023052626	1	16	16	0.01
L	4014950938	4014950938	1	16	16	0.01
L	4014827641	4014827641	1	16	16	0.01
L	4007286058	4007286058	1	16	16	0.01
L	3998194104	3998194104	1	16	16	0.01
L	3997759160	3997759160	1	16	16	0.01
L	3998178347	3998178347	1	16	16	0.01
L	3991564825	3991564825	1	16	16	0.01
L	3991741402	3991741402	1	16	16	0.01
L	307540071	307540071	1	17	17	0.01
L	173668783	173668783	1	17	17	0.01
L	175234630	175234630	1	17	17	0.01
L	426140751	426140751	1	17	17	0.01
L	244795326	244795326	1	17	17	0.01
L	230873130	230873130	1	17	17	0.01
L	220370909	220370909	1	17	17	0.01
L	209097375	209097375	1	17	17	0.01
L	301565143	301565143	1	17	17	0.01
L	76022940	76022940	1	17	17	0.01
L	148360349	148360349	1	17	17	0.01
L	162425642	162425642	1	17	17	0.01
L	164704377	164704377	1	17	17	0.01
L	165683863	165683863	1	17	17	0.01
L	173199787	173199787	1	17	17	0.01
L	326930023	326930023	1	17	17	0.01
L	328103179	328103179	1	17	17	0.01
L	338489554	338489554	1	17	17	0.01
L	341248573	341248573	1	17	17	0.01
L	347409552	347409552	1	17	17	0.01
L	443407286	443407286	1	17	17	0.01
L	438212937	438212937	1	17	17	0.01
L	315684495	315684495	1	17	17	0.01
L	237014161	237014161	1	17	17	0.01
L	237194945	237194945	1	17	17	0.01
L	281494224	281494224	1	17	17	0.01
L	281346856	281346856	1	17	17	0.01
L	279308778	279308778	1	17	17	0.01
L	274859728	274859728	1	17	17	0.01
L	3596387631	3596387631	1	17	17	0.01
L	3596307035	3596307035	1	17	17	0.01
L	3594835415	3594835415	1	17	17	0.01
L	3601883433	3601883433	1	17	17	0.01
L	3602480712	3602480712	1	17	17	0.01
L	3598847184	3598847184	1	17	17	0.01
L	3597487307	3597487307	1	17	17	0.01
L	3597220719	3597220719	1	17	17	0.01
L	3649028679	3649028679	1	17	17	0.01
L	3655498187	3655498187	1	17	17	0.01
L	3639335258	3639335258	1	17	17	0.01
L	3638884080	3638884080	1	17	17	0.01
L	3600891643	3600891643	1	17	17	0.01
L	3600393975	3600393975	1	17	17	0.01
L	3600299458	3600299458	1	17	17	0.01
L	3599996422	3599996422	1	17	17	0.01
L	3599383663	3599383663	1	17	17	0.01
L	3603013882	3603013882	1	17	17	0.01
L	3604026260	3604026260	1	17	17	0.01
L	3604926438	3604926438	1	17	17	0.01
L	3607276951	3607276951	1	17	17	0.01
L	3610955883	3610955883	1	17	17	0.01
L	3611081498	3611081498	1	17	17	0.01
L	3621644782	3621644782	1	17	17	0.01
L	3621708008	3621708008	1	17	17	0.01
L	3621809326	3621809326	1	17	17	0.01
L	890323876	890323876	1	18	18	0.01
L	881312222	881312222	1	18	18	0.01
L	877011239	877011239	1	18	18	0.01
L	876663258	876663258	1	18	18	0.01
L	864599120	864599120	1	18	18	0.01
L	856972671	856972671	1	18	18	0.01
L	849686446	849686446	1	18	18	0.01
L	823425409	823425409	1	18	18	0.01
L	826112162	826112162	1	18	18	0.01
L	832859368	832859368	1	18	18	0.01
L	840595839	840595839	1	18	18	0.01
L	841944393	841944393	1	18	18	0.01
L	847240277	847240277	1	18	18	0.01
L	805005631	805005631	1	18	18	0.01
L	778864266	778864266	1	18	18	0.01
L	771057753	771057753	1	18	18	0.01
L	766613087	766613087	1	18	18	0.01
L	764400123	764400123	1	18	18	0.01
L	751228991	751228991	1	18	18	0.01
L	732590832	732590832	1	18	18	0.01
L	723040504	723040504	1	18	18	0.01
L	721376713	721376713	1	18	18	0.01
L	700629206	700629206	1	18	18	0.01
L	700590947	700590947	1	18	18	0.01
L	694667771	694667771	1	18	18	0.01
L	694245925	694245925	1	18	18	0.01
L	694032628	694032628	1	18	18	0.01
L	686484304	686484304	1	18	18	0.01
L	684108926	684108926	1	18	18	0.01
L	2632852934	2632852934	1	19	19	0.01
L	4545661780	4545661780	1	19	19	0.01
L	4554366029	4554366029	1	19	19	0.01
L	2433463167	2433463167	1	19	19	0.01
L	4672698451	4672698451	1	19	19	0.01
L	4672023668	4672023668	1	19	19	0.01
L	4670545055	4670545055	1	19	19	0.01
L	4665258881	4665258881	1	19	19	0.01
L	4659778105	4659778105	1	19	19	0.01
L	4659444287	4659444287	1	19	19	0.01
L	4655207419	4655207419	1	19	19	0.01
L	4652078695	4652078695	1	19	19	0.01
L	4516979901	4516979901	1	19	19	0.01
L	4512750509	4512750509	1	19	19	0.01
L	4512056227	4512056227	1	19	19	0.01
L	4511852053	4511852053	1	19	19	0.01
L	4474469116	4474469116	1	19	19	0.01
L	4564307317	4564307317	1	19	19	0.01
L	4564586001	4564586001	1	19	19	0.01
L	4566904519	4566904519	1	19	19	0.01
L	4568088854	4568088854	1	19	19	0.01
L	4572075680	4572075680	1	19	19	0.01
L	4596121091	4596121091	1	19	19	0.01
L	4596896920	4596896920	1	19	19	0.01
L	4600274271	4600274271	1	19	19	0.01
L	4601704230	4601704230	1	19	19	0.01
L	4602409509	4602409509	1	19	19	0.01
L	4610361280	4610361280	1	19	19	0.01
L	4621832029	4621832029	1	19	19	0.01
L	4631100773	4631100773	1	19	19	0.01
L	657871066	657871066	1	20	20	0.01
L	3138040563	3138040563	1	20	20	0.01
L	3138141003	3138141003	1	20	20	0.01
L	2380985978	2380985978	1	20	20	0.01
L	2380940988	2380940988	1	20	20	0.01
L	2380791677	2380791677	1	20	20	0.01
L	2380655128	2380655128	1	20	20	0.01
L	4489438704	4489438704	1	20	20	0.01
L	4489902852	4489902852	1	20	20	0.01
L	3525481403	3525481403	1	20	20	0.01
L	3135840328	3135840328	1	20	20	0.01
L	3161090915	3161090915	1	20	20	0.01
L	3163728673	3163728673	1	20	20	0.01
L	3156345979	3156345979	1	20	20	0.01
L	3155787861	3155787861	1	20	20	0.01
L	3127102244	3127102244	1	20	20	0.01
L	3127150380	3127150380	1	20	20	0.01
L	3128636011	3128636011	1	20	20	0.01
L	3130761711	3130761711	1	20	20	0.01
L	3142861366	3142861366	1	20	20	0.01
L	3148119011	3148119011	1	20	20	0.01
L	3148334172	3148334172	1	20	20	0.01
L	3202217782	3202217782	1	20	20	0.01
L	3207960105	3207960105	1	20	20	0.01
L	3150264107	3150264107	1	20	20	0.01
L	3150187210	3150187210	1	20	20	0.01
L	3120374547	3120374547	1	20	20	0.01
L	3114089708	3114089708	1	20	20	0.01
L	3117951062	3117951062	1	20	20	0.01
L	3111843275	3111843275	1	20	20	0.01
L	3166373967	3166373967	1	20	20	0.01
L	3177582173	3177582173	1	20	20	0.01
L	3177453757	3177453757	1	20	20	0.01
L	3176303168	3176303168	1	20	20	0.01
L	3175668029	3175668029	1	20	20	0.01
L	3252992581	3252992581	1	21	21	0.01
L	3244670987	3244670987	1	21	21	0.01
L	3244249767	3244249767	1	21	21	0.01
L	3238404070	3238404070	1	21	21	0.01
L	3222114949	3222114949	1	21	21	0.01
L	3232164853	3232164853	1	21	21	0.01
L	3232210031	3232210031	1	21	21	0.01
L	3233014759	3233014759	1	21	21	0.01
L	3226685946	3226685946	1	21	21	0.01
L	3220141445	3220141445	1	21	21	0.01
L	3235121537	3235121537	1	21	21	0.01
L	3224644072	3224644072	1	21	21	0.01
L	3319457564	3319457564	1	21	21	0.01
L	3223733173	3223733173	1	21	21	0.01
L	3288652677	3288652677	1	21	21	0.01
L	3288900490	3288900490	1	21	21	0.01
L	3303219332	3303219332	1	21	21	0.01
L	3308550550	3308550550	1	21	21	0.01
L	3734602054	3734602054	1	22	22	0.01
L	3515423135	3515423135	1	22	22	0.01
L	3515617254	3515617254	1	22	22	0.01
L	3515706120	3515706120	1	22	22	0.01
L	3516803202	3516803202	1	22	22	0.01
L	3516875789	3516875789	1	22	22	0.01
L	3517075125	3517075125	1	22	22	0.01
L	3518105474	3518105474	1	22	22	0.01
L	3514163708	3514163708	1	22	22	0.01
L	3514193435	3514193435	1	22	22	0.01
L	3728061399	3728061399	1	22	22	0.01
L	3727452161	3727452161	1	22	22	0.01
L	3727429082	3727429082	1	22	22	0.01
L	4073808842	4073808842	1	22	22	0.01
L	4075000555	4075000555	1	22	22	0.01
L	4089564886	4089564886	1	22	22	0.01
L	4091314624	4091314624	1	22	22	0.01
L	3741558706	3741558706	1	22	22	0.01
L	3742948562	3742948562	1	22	22	0.01
L	3726597566	3726597566	1	22	22	0.01
L	3725234976	3725234976	1	22	22	0.01
L	3725684414	3725684414	1	22	22	0.01
L	3751887615	3751887615	1	22	22	0.01
L	1483748227	1483748227	1	23	23	0.01
L	1483641913	1483641913	1	23	23	0.01
L	1479164649	1479164649	1	23	23	0.01
L	1457861322	1457861322	1	23	23	0.01
L	1457773418	1457773418	1	23	23	0.01
L	1455472363	1455472363	1	23	23	0.01
L	1485413961	1485413961	1	23	23	0.01
L	1485593463	1485593463	1	23	23	0.01
L	1490536719	1490536719	1	23	23	0.01
L	3232050620	3232050620	1	23	23	0.01
L	4758582477	4758582477	1	23	23	0.01
L	4814326107	4814326107	1	23	23	0.01
L	1320440066	1320440066	1	23	23	0.01
L	1319142533	1319142533	1	23	23	0.01
L	1316833188	1316833188	1	23	23	0.01
L	1433878674	1433878674	1	23	23	0.01
L	1426601830	1426601830	1	23	23	0.01
L	1265798691	1265798691	1	23	23	0.01
L	4115160910	4115160910	1	24	24	0.01
L	4104648180	4104648180	1	24	24	0.01
L	4113395880	4113395880	1	24	24	0.01
L	4111980943	4111980943	1	24	24	0.01
L	4110524152	4110524152	1	24	24	0.01
L	3890602058	3890602058	1	25	25	0.01
L	4455455473	4455455473	1	25	25	0.01
L	2836045127	2836045127	1	25	25	0.01
L	4453328879	4453328879	1	25	25	0.01
L	1912329328	1912329328	1	25	25	0.01
L	1941323164	1941323164	1	25	25	0.01
L	1934718567	1934718567	1	25	25	0.01
L	1964784577	1964784577	1	25	25	0.01
L	3822282681	3822282681	1	25	25	0.01
L	3837353024	3837353024	1	25	25	0.01
L	3830603116	3830603116	1	25	25	0.01
L	3829938867	3829938867	1	25	25	0.01
L	3826577671	3826577671	1	25	25	0.01
L	3847018271	3847018271	1	25	25	0.01
L	3893796278	3893796278	1	25	25	0.01
L	3893619848	3893619848	1	25	25	0.01
L	3848701892	3848701892	1	25	25	0.01
L	3849763349	3849763349	1	25	25	0.01
L	3857319361	3857319361	1	25	25	0.01
L	3857637956	3857637956	1	25	25	0.01
L	3847605830	3847605830	1	25	25	0.01
L	3908200487	3908200487	1	25	25	0.01
L	3851215499	3851215499	1	25	25	0.01
L	3850984005	3850984005	1	25	25	0.01
L	3863557513	3863557513	1	25	25	0.01
L	3867192081	3867192081	1	25	25	0.01
L	3869062892	3869062892	1	25	25	0.01
L	3872225101	3872225101	1	25	25	0.01
L	3890062157	3890062157	1	25	25	0.01
L	3889643891	3889643891	1	25	25	0.01
L	3888145345	3888145345	1	25	25	0.01
L	497120813	497120813	1	26	26	0.01
L	510321047	510321047	1	26	26	0.01
L	517198844	517198844	1	26	26	0.01
L	2072849004	2072849004	1	26	26	0.01
L	522700051	522700051	1	26	26	0.01
L	524815094	524815094	1	26	26	0.01
L	527561233	527561233	1	26	26	0.01
L	533886805	533886805	1	26	26	0.01
L	538314759	538314759	1	26	26	0.01
L	538662805	538662805	1	26	26	0.01
L	542985397	542985397	1	26	26	0.01
L	550504600	550504600	1	26	26	0.01
L	3613463538	3613463538	1	27	27	0.01
L	3617423019	3617423019	1	27	27	0.01
L	3617448199	3617448199	1	27	27	0.01
L	3617487414	3617487414	1	27	27	0.01
L	3614215238	3614215238	1	27	27	0.01
L	3592620513	3592620513	1	27	27	0.01
L	261447381	261447381	1	27	27	0.01
L	261386491	261386491	1	27	27	0.01
L	257759345	257759345	1	27	27	0.01
L	257738174	257738174	1	27	27	0.01
L	254883626	254883626	1	27	27	0.01
L	251928166	251928166	1	27	27	0.01
L	248660501	248660501	1	27	27	0.01
L	246752024	246752024	1	27	27	0.01
L	204446059	204446059	1	27	27	0.01
L	201884092	201884092	1	27	27	0.01
L	201088567	201088567	1	27	27	0.01
L	76163488	76163488	1	27	27	0.01
L	97815891	97815891	1	27	27	0.01
L	4441925435	4441925435	1	28	28	0.01
L	613813219	613813219	1	28	28	0.01
L	610437687	610437687	1	28	28	0.01
L	608514953	608514953	1	28	28	0.01
L	594179063	594179063	1	28	28	0.01
L	577259075	577259075	1	28	28	0.01
L	566094468	566094468	1	28	28	0.01
L	565203158	565203158	1	28	28	0.01
L	2372234766	2372234766	1	28	28	0.01
L	2304322248	2304322248	1	28	28	0.01
L	2348308293	2348308293	1	28	28	0.01
L	2310347009	2310347009	1	28	28	0.01
L	2349783563	2349783563	1	28	28	0.01
L	2314606877	2314606877	1	28	28	0.01
L	2315346785	2315346785	1	28	28	0.01
L	2300456215	2300456215	1	28	28	0.01
L	2299951865	2299951865	1	28	28	0.01
L	2370453068	2370453068	1	28	28	0.01
L	2370162691	2370162691	1	28	28	0.01
1	1	974223771	1	1		1
2	974223772	1720568269	1	1		1
3	1720568270	2286759271	1	1		1
4	2286759272	2378471044	1	1		1
5	2378471045	2460560307	1	1		1
6	2460560308	2635145235	1	1		1
7	2635145236	2828160460	1	1		1
8	2828160461	2981481676	1	1		1
9	2981481677	3108154559	1	1		1
10	3108154560	3219924109	1	1		1
11	3219924110	3320045242	1	1		1
12	3320045243	3425345200	1	1		1
13	3425345201	3512613677	1	1		1
14	3512613678	3589037509	1	1		1
15	3589037510	3657522126	1	1		1
17	3657522127	3709173006	1	1		1
18	3709173007	3766465848	1	1		1
19	3766465849	3821531046	1	1		1
20	3821531047	3896079988	1	1		1
21	3896079989	3934102161	1	1		1
22	3934102162	3959736789	1	1		1
23	3959736790	3991416298	1	1		1
24	3991416299	4023279165	1	1		1
25	4023279166	4033940639	1	1		1
26	4033940640	4065042318	1	1		1
27	4065042319	4093393909	1	1		1
28	4093393910	4121572463	1	1		1
33	4121572464	4130883834	1	1		1
4A	4130883835	4351545716	1	1		1
4B	4351545717	4466410056	1	1		1
5A	4466410057	4682808662	1	1		1
W	4682808663	4813240935	1	1		1
Z	4813240936	5178571768	1	1		1
