name	start	end	strand	col	fill	lwd
1	1	243648682	1	4	4	0.1
2	243648683	360026521	1	4	4	0.1
3	360026522	630449385	1	4	4	0.1
4	630449386	891146876	1	4	4	0.1
5	891146877	1165626156	1	4	4	0.1
6	1165626157	1414898507	1	4	4	0.1
7	1414898508	1622650013	1	4	4	0.1
8	1622650014	1833669180	1	4	4	0.1
9	1833669181	2104484247	1	4	4	0.1
10	2104484248	2351576609	1	4	4	0.1
11	2351576610	2551437041	1	4	4	0.1
12	2551437042	2757683215	1	4	4	0.1
13	2757683216	3007519042	1	4	4	0.1
14	3007519043	3238998161	1	4	4	0.1
15	3238998162	3463801647	1	4	4	0.1
16	3463801648	3703177549	1	4	4	0.1
17	3703177550	3929718490	1	4	4	0.1
18	3929718491	4064172438	1	4	4	0.1
19	4064172439	4253827123	1	4	4	0.1
20	4253827124	4412320208	1	4	4	0.1
21	4412320209	4629393312	1	4	4	0.1
22	4629393313	4832997223	1	4	4	0.1
23	4832997224	4976474393	1	4	4	0.1
24	4976474394	5178571774	1	4	4	0.1
1	1	243648682	1	1	4	0.1
2	243648683	360026521	1	1	4	0.1
3	360026522	630449385	1	1	4	0.1
4	630449386	891146876	1	1	4	0.1
5	891146877	1165626156	1	1	4	0.1
6	1165626157	1414898507	1	1	4	0.1
7	1414898508	1622650013	1	1	4	0.1
8	1622650014	1833669180	1	1	4	0.1
9	1833669181	2104484247	1	1	4	0.1
10	2104484248	2351576609	1	1	4	0.1
11	2351576610	2551437041	1	1	4	0.1
12	2551437042	2757683215	1	1	4	0.1
13	2757683216	3007519042	1	1	4	0.1
14	3007519043	3238998161	1	1	4	0.1
15	3238998162	3463801647	1	1	4	0.1
16	3463801648	3703177549	1	1	4	0.1
17	3703177550	3929718490	1	1	4	0.1
18	3929718491	4064172438	1	1	4	0.1
19	4064172439	4253827123	1	1	4	0.1
20	4253827124	4412320208	1	1	4	0.1
21	4412320209	4629393312	1	1	4	0.1
22	4629393313	4832997223	1	1	4	0.1
23	4832997224	4976474393	1	1	4	0.1
24	4976474394	5178571774	1	1	4	0.1
L	1035424842	1035424842	1	6	6	0.01
L	1441861874	1441861874	1	6	6	0.01
L	995419181	995419181	1	6	6	0.01
L	4714803383	4714803383	1	6	6	0.01
L	1565962152	1565962152	1	6	6	0.01
L	1543250131	1543250131	1	6	6	0.01
L	1619236141	1619236141	1	6	6	0.01
L	1542816585	1542816585	1	6	6	0.01
L	1542865943	1542865943	1	6	6	0.01
L	1560993392	1560993392	1	6	6	0.01
L	1561033628	1561033628	1	6	6	0.01
L	1561412034	1561412034	1	6	6	0.01
L	263945880	263945880	1	6	6	0.01
L	1016894573	1016894573	1	6	6	0.01
L	1527241633	1527241633	1	6	6	0.01
L	1528279253	1528279253	1	6	6	0.01
L	1531717304	1531717304	1	6	6	0.01
L	1532053926	1532053926	1	6	6	0.01
L	1570411401	1570411401	1	6	6	0.01
L	1567415371	1567415371	1	6	6	0.01
L	1017295115	1017295115	1	6	6	0.01
L	1568883240	1568883240	1	6	6	0.01
L	1045946669	1045946669	1	6	6	0.01
L	1577573615	1577573615	1	6	6	0.01
L	1571336174	1571336174	1	6	6	0.01
L	1568820545	1568820545	1	6	6	0.01
L	1108515537	1108515537	1	6	6	0.01
L	900008991	900008991	1	6	6	0.01
L	4695206669	4695206669	1	6	6	0.01
L	4705549406	4705549406	1	6	6	0.01
L	4705308134	4705308134	1	6	6	0.01
L	3592938406	3592938406	1	6	6	0.01
L	3517906247	3517906247	1	6	6	0.01
L	3592135125	3592135125	1	6	6	0.01
L	3592475565	3592475565	1	6	6	0.01
L	2535456668	2535456668	1	6	6	0.01
L	3592756524	3592756524	1	6	6	0.01
L	3504872690	3504872690	1	6	6	0.01
L	3504508845	3504508845	1	6	6	0.01
L	3591319111	3591319111	1	6	6	0.01
L	2358597932	2358597932	1	6	6	0.01
L	2467177994	2467177994	1	6	6	0.01
L	2466584035	2466584035	1	6	6	0.01
L	2503202425	2503202425	1	6	6	0.01
L	4783412887	4783412887	1	6	6	0.01
L	3509210560	3509210560	1	6	6	0.01
L	2467880721	2467880721	1	6	6	0.01
L	3510529175	3510529175	1	6	6	0.01
L	3505224747	3505224747	1	6	6	0.01
L	2367201197	2367201197	1	6	6	0.01
L	2384939955	2384939955	1	6	6	0.01
L	743814704	743814704	1	6	6	0.01
L	664395218	664395218	1	6	6	0.01
L	639203535	639203535	1	6	6	0.01
L	879267594	879267594	1	6	6	0.01
L	3860588150	3860588150	1	6	6	0.01
L	3859043752	3859043752	1	6	6	0.01
L	851538876	851538876	1	6	6	0.01
L	3860524968	3860524968	1	6	6	0.01
L	828111754	828111754	1	6	6	0.01
L	701048405	701048405	1	6	6	0.01
L	634546108	634546108	1	6	6	0.01
L	702434965	702434965	1	6	6	0.01
L	827440637	827440637	1	6	6	0.01
L	663596728	663596728	1	6	6	0.01
L	3758032055	3758032055	1	6	6	0.01
L	3758099146	3758099146	1	6	6	0.01
L	3758115256	3758115256	1	6	6	0.01
L	3906696035	3906696035	1	6	6	0.01
L	820056621	820056621	1	6	6	0.01
L	820347783	820347783	1	6	6	0.01
L	824106372	824106372	1	6	6	0.01
L	824191987	824191987	1	6	6	0.01
L	746942241	746942241	1	6	6	0.01
L	749035896	749035896	1	6	6	0.01
L	1962443787	1962443787	1	6	6	0.01
L	813140264	813140264	1	6	6	0.01
L	808735267	808735267	1	6	6	0.01
L	3777174105	3777174105	1	6	6	0.01
L	742527492	742527492	1	6	6	0.01
L	741692098	741692098	1	6	6	0.01
L	673075740	673075740	1	6	6	0.01
L	3898284837	3898284837	1	6	6	0.01
L	3899032329	3899032329	1	6	6	0.01
L	4267998223	4267998223	1	6	6	0.01
L	732834178	732834178	1	6	6	0.01
L	1520100124	1520100124	1	6	6	0.01
L	267386561	267386561	1	6	6	0.01
L	1611217866	1611217866	1	6	6	0.01
L	4614655457	4614655457	1	6	6	0.01
L	4614920567	4614920567	1	6	6	0.01
L	4616229194	4616229194	1	6	6	0.01
L	3905500605	3905500605	1	6	6	0.01
L	3883907179	3883907179	1	6	6	0.01
L	3033349954	3033349954	1	6	6	0.01
L	883567885	883567885	1	6	6	0.01
L	856753304	856753304	1	6	6	0.01
L	694283087	694283087	1	6	6	0.01
L	824899783	824899783	1	6	6	0.01
L	313896015	313896015	1	6	6	0.01
L	869236866	869236866	1	6	6	0.01
L	3916808306	3916808306	1	6	6	0.01
L	693058308	693058308	1	6	6	0.01
L	757388991	757388991	1	6	6	0.01
L	721741373	721741373	1	6	6	0.01
L	722053833	722053833	1	6	6	0.01
L	1000401937	1000401937	1	6	6	0.01
L	1122075802	1122075802	1	6	6	0.01
L	1047211837	1047211837	1	6	6	0.01
L	1108321993	1108321993	1	6	6	0.01
L	5030838259	5030838259	1	6	6	0.01
L	5030210961	5030210961	1	6	6	0.01
L	5030101798	5030101798	1	6	6	0.01
L	4644927369	4644927369	1	6	6	0.01
L	575071053	575071053	1	6	6	0.01
L	5026986409	5026986409	1	6	6	0.01
L	5057619186	5057619186	1	6	6	0.01
L	3782474039	3782474039	1	6	6	0.01
L	3393454408	3393454408	1	6	6	0.01
L	5002040475	5002040475	1	6	6	0.01
L	5002218124	5002218124	1	6	6	0.01
L	3316660029	3316660029	1	6	6	0.01
L	3314967186	3314967186	1	6	6	0.01
L	3318083952	3318083952	1	6	6	0.01
L	3317925439	3317925439	1	6	6	0.01
L	3407663817	3407663817	1	6	6	0.01
L	5128684281	5128684281	1	6	6	0.01
L	5055357878	5055357878	1	7	7	0.01
L	4711601426	4711601426	1	7	7	0.01
L	4711641086	4711641086	1	7	7	0.01
L	4714767749	4714767749	1	7	7	0.01
L	4769686653	4769686653	1	7	7	0.01
L	5034215758	5034215758	1	7	7	0.01
L	4781430864	4781430864	1	7	7	0.01
L	5043778457	5043778457	1	7	7	0.01
L	4772300414	4772300414	1	7	7	0.01
L	4781116846	4781116846	1	7	7	0.01
L	3296359507	3296359507	1	7	7	0.01
L	3410401321	3410401321	1	7	7	0.01
L	3410562788	3410562788	1	7	7	0.01
L	3410636623	3410636623	1	7	7	0.01
L	3411483202	3411483202	1	7	7	0.01
L	3452154136	3452154136	1	7	7	0.01
L	4155012400	4155012400	1	7	7	0.01
L	3414869635	3414869635	1	7	7	0.01
L	1331906	1331906	1	7	7	0.01
L	1254453233	1254453233	1	7	7	0.01
L	3428674369	3428674369	1	7	7	0.01
L	2943655	2943655	1	7	7	0.01
L	3423575147	3423575147	1	7	7	0.01
L	515744747	515744747	1	7	7	0.01
L	515683871	515683871	1	7	7	0.01
L	2164933218	2164933218	1	7	7	0.01
L	2300604821	2300604821	1	7	7	0.01
L	2330170594	2330170594	1	7	7	0.01
L	4637746515	4637746515	1	7	7	0.01
L	303105106	303105106	1	7	7	0.01
L	307323186	307323186	1	7	7	0.01
L	4603700101	4603700101	1	7	7	0.01
L	4603778502	4603778502	1	7	7	0.01
L	341850282	341850282	1	7	7	0.01
L	505333182	505333182	1	7	7	0.01
L	4508708572	4508708572	1	7	7	0.01
L	4516157904	4516157904	1	7	7	0.01
L	4455829938	4455829938	1	7	7	0.01
L	4482936798	4482936798	1	7	7	0.01
L	4503358198	4503358198	1	7	7	0.01
L	4503214806	4503214806	1	7	7	0.01
L	332878255	332878255	1	7	7	0.01
L	4424347584	4424347584	1	7	7	0.01
L	4575195325	4575195325	1	7	7	0.01
L	4574502730	4574502730	1	7	7	0.01
L	3433151039	3433151039	1	7	7	0.01
L	4568808143	4568808143	1	7	7	0.01
L	3440006934	3440006934	1	7	7	0.01
L	4581082303	4581082303	1	7	7	0.01
L	3440086028	3440086028	1	7	7	0.01
L	4456142596	4456142596	1	7	7	0.01
L	4457166032	4457166032	1	7	7	0.01
L	354380005	354380005	1	7	7	0.01
L	2169726104	2169726104	1	7	7	0.01
L	4454486694	4454486694	1	7	7	0.01
L	3873721316	3873721316	1	7	7	0.01
L	272330017	272330017	1	7	7	0.01
L	344996288	344996288	1	7	7	0.01
L	4567450436	4567450436	1	7	7	0.01
L	308006398	308006398	1	7	7	0.01
L	291438585	291438585	1	7	7	0.01
L	4421408197	4421408197	1	7	7	0.01
L	4520094980	4520094980	1	7	7	0.01
L	487969697	487969697	1	7	7	0.01
L	4547005684	4547005684	1	7	7	0.01
L	308140606	308140606	1	7	7	0.01
L	2770748660	2770748660	1	7	7	0.01
L	2783441075	2783441075	1	7	7	0.01
L	2995314296	2995314296	1	7	7	0.01
L	675969317	675969317	1	7	7	0.01
L	945951312	945951312	1	8	8	0.01
L	1024974940	1024974940	1	8	8	0.01
L	1049762524	1049762524	1	8	8	0.01
L	892863222	892863222	1	8	8	0.01
L	914936824	914936824	1	8	8	0.01
L	1043859976	1043859976	1	8	8	0.01
L	1555706245	1555706245	1	8	8	0.01
L	1057327179	1057327179	1	8	8	0.01
L	3477017221	3477017221	1	8	8	0.01
L	3477802275	3477802275	1	8	8	0.01
L	2389072205	2389072205	1	8	8	0.01
L	2547744885	2547744885	1	8	8	0.01
L	2406948313	2406948313	1	8	8	0.01
L	3304862740	3304862740	1	8	8	0.01
L	3872553298	3872553298	1	8	8	0.01
L	2441331142	2441331142	1	8	8	0.01
L	3593430011	3593430011	1	8	8	0.01
L	3572525452	3572525452	1	8	8	0.01
L	1146515139	1146515139	1	8	8	0.01
L	1555565851	1555565851	1	8	8	0.01
L	1555177989	1555177989	1	8	8	0.01
L	1124305735	1124305735	1	8	8	0.01
L	950767216	950767216	1	8	8	0.01
L	1023977044	1023977044	1	8	8	0.01
L	1056749600	1056749600	1	8	8	0.01
L	1125252850	1125252850	1	8	8	0.01
L	973363842	973363842	1	8	8	0.01
L	973136087	973136087	1	8	8	0.01
L	967987353	967987353	1	8	8	0.01
L	963776864	963776864	1	8	8	0.01
L	4515686940	4515686940	1	8	8	0.01
L	4515517774	4515517774	1	8	8	0.01
L	4514559474	4514559474	1	8	8	0.01
L	4512165319	4512165319	1	8	8	0.01
L	4301484709	4301484709	1	8	8	0.01
L	890433955	890433955	1	8	8	0.01
L	503268335	503268335	1	8	8	0.01
L	4607416599	4607416599	1	8	8	0.01
L	3711029097	3711029097	1	8	8	0.01
L	4357708351	4357708351	1	8	8	0.01
L	247560119	247560119	1	8	8	0.01
L	4414989289	4414989289	1	8	8	0.01
L	4442954290	4442954290	1	8	8	0.01
L	4275318427	4275318427	1	8	8	0.01
L	2818155096	2818155096	1	8	8	0.01
L	280542646	280542646	1	8	8	0.01
L	4553610869	4553610869	1	8	8	0.01
L	4341773968	4341773968	1	8	8	0.01
L	4500336673	4500336673	1	8	8	0.01
L	3084046528	3084046528	1	8	8	0.01
L	4624535336	4624535336	1	8	8	0.01
L	4339080329	4339080329	1	8	8	0.01
L	4518450578	4518450578	1	8	8	0.01
L	1056673388	1056673388	1	8	8	0.01
L	961800649	961800649	1	8	8	0.01
L	961713603	961713603	1	8	8	0.01
L	4285272546	4285272546	1	8	8	0.01
L	4285308459	4285308459	1	8	8	0.01
L	3709336174	3709336174	1	8	8	0.01
L	2774270066	2774270066	1	8	8	0.01
L	733241024	733241024	1	8	8	0.01
L	2875421102	2875421102	1	8	8	0.01
L	2791785868	2791785868	1	8	8	0.01
L	2873724325	2873724325	1	8	8	0.01
L	2870585153	2870585153	1	8	8	0.01
L	2791244977	2791244977	1	8	8	0.01
L	2784048570	2784048570	1	8	8	0.01
L	3765458424	3765458424	1	8	8	0.01
L	3765018700	3765018700	1	8	8	0.01
L	727182989	727182989	1	8	8	0.01
L	730670200	730670200	1	8	8	0.01
L	731207192	731207192	1	8	8	0.01
L	3871071749	3871071749	1	8	8	0.01
L	4418631132	4418631132	1	8	8	0.01
L	648817574	648817574	1	8	8	0.01
L	1543012686	1543012686	1	8	8	0.01
L	809904969	809904969	1	8	8	0.01
L	799950318	799950318	1	8	8	0.01
L	801084593	801084593	1	8	8	0.01
L	819715604	819715604	1	8	8	0.01
L	735276747	735276747	1	8	8	0.01
L	2350769140	2350769140	1	9	9	0.01
L	58662094	58662094	1	9	9	0.01
L	58585008	58585008	1	9	9	0.01
L	2585841194	2585841194	1	9	9	0.01
L	2007640183	2007640183	1	9	9	0.01
L	974325753	974325753	1	9	9	0.01
L	974194698	974194698	1	9	9	0.01
L	51704168	51704168	1	9	9	0.01
L	90512445	90512445	1	9	9	0.01
L	90353815	90353815	1	9	9	0.01
L	89664668	89664668	1	9	9	0.01
L	2135416146	2135416146	1	9	9	0.01
L	2163406552	2163406552	1	9	9	0.01
L	4594051184	4594051184	1	9	9	0.01
L	4736963716	4736963716	1	9	9	0.01
L	813719815	813719815	1	9	9	0.01
L	813760708	813760708	1	9	9	0.01
L	816876114	816876114	1	9	9	0.01
L	817760723	817760723	1	9	9	0.01
L	2124275594	2124275594	1	9	9	0.01
L	1018539300	1018539300	1	9	9	0.01
L	1988171525	1988171525	1	9	9	0.01
L	1851349483	1851349483	1	9	9	0.01
L	2577001961	2577001961	1	9	9	0.01
L	73545296	73545296	1	9	9	0.01
L	75648199	75648199	1	9	9	0.01
L	27009322	27009322	1	9	9	0.01
L	27296783	27296783	1	9	9	0.01
L	83213539	83213539	1	9	9	0.01
L	81936565	81936565	1	9	9	0.01
L	195194748	195194748	1	9	9	0.01
L	2327327439	2327327439	1	9	9	0.01
L	180849816	180849816	1	9	9	0.01
L	37481755	37481755	1	9	9	0.01
L	41434302	41434302	1	9	9	0.01
L	44032655	44032655	1	9	9	0.01
L	50199475	50199475	1	9	9	0.01
L	50543445	50543445	1	9	9	0.01
L	51981309	51981309	1	9	9	0.01
L	95169907	95169907	1	9	9	0.01
L	237274188	237274188	1	9	9	0.01
L	2148521135	2148521135	1	9	9	0.01
L	56983174	56983174	1	9	9	0.01
L	3573617644	3573617644	1	10	10	0.01
L	2368716282	2368716282	1	10	10	0.01
L	3612188035	3612188035	1	10	10	0.01
L	2363111336	2363111336	1	10	10	0.01
L	2363403786	2363403786	1	10	10	0.01
L	2363494155	2363494155	1	10	10	0.01
L	3856969306	3856969306	1	10	10	0.01
L	4297667108	4297667108	1	10	10	0.01
L	4307335368	4307335368	1	10	10	0.01
L	3718411510	3718411510	1	10	10	0.01
L	4263381834	4263381834	1	10	10	0.01
L	1970876724	1970876724	1	10	10	0.01
L	2008200714	2008200714	1	10	10	0.01
L	2700112853	2700112853	1	10	10	0.01
L	3893282387	3893282387	1	10	10	0.01
L	1964650036	1964650036	1	10	10	0.01
L	1923862915	1923862915	1	10	10	0.01
L	2720908131	2720908131	1	10	10	0.01
L	1977252137	1977252137	1	10	10	0.01
L	1992294671	1992294671	1	10	10	0.01
L	2727213391	2727213391	1	10	10	0.01
L	2714771082	2714771082	1	10	10	0.01
L	1924849996	1924849996	1	10	10	0.01
L	1925026997	1925026997	1	10	10	0.01
L	1904454738	1904454738	1	10	10	0.01
L	1955630290	1955630290	1	10	10	0.01
L	1955343874	1955343874	1	10	10	0.01
L	1982166865	1982166865	1	10	10	0.01
L	1979548980	1979548980	1	10	10	0.01
L	2359834994	2359834994	1	10	10	0.01
L	4919616178	4919616178	1	10	10	0.01
L	3160139936	3160139936	1	10	10	0.01
L	3178828294	3178828294	1	10	10	0.01
L	3176432887	3176432887	1	10	10	0.01
L	2257805445	2257805445	1	10	10	0.01
L	2228753196	2228753196	1	10	10	0.01
L	3235032196	3235032196	1	10	10	0.01
L	3164786970	3164786970	1	10	10	0.01
L	2327822285	2327822285	1	10	10	0.01
L	3152243324	3152243324	1	10	10	0.01
L	2229635256	2229635256	1	10	10	0.01
L	2229865335	2229865335	1	10	10	0.01
L	2256242514	2256242514	1	10	10	0.01
L	3193901789	3193901789	1	10	10	0.01
L	2262655263	2262655263	1	10	10	0.01
L	3154229319	3154229319	1	10	10	0.01
L	2239780010	2239780010	1	10	10	0.01
L	2267707288	2267707288	1	10	10	0.01
L	2250909683	2250909683	1	10	10	0.01
L	3199228217	3199228217	1	10	10	0.01
L	3362597460	3362597460	1	10	10	0.01
L	2120099596	2120099596	1	10	10	0.01
L	4153776554	4153776554	1	10	10	0.01
L	3792115050	3792115050	1	5	5	0.01
L	3474086227	3474086227	1	5	5	0.01
L	3748677110	3748677110	1	5	5	0.01
L	708395877	708395877	1	5	5	0.01
L	3718704375	3718704375	1	5	5	0.01
L	2496721119	2496721119	1	5	5	0.01
L	3595843492	3595843492	1	5	5	0.01
L	3466437182	3466437182	1	5	5	0.01
L	1517494161	1517494161	1	5	5	0.01
L	4769250117	4769250117	1	5	5	0.01
L	1521537231	1521537231	1	5	5	0.01
L	1436111833	1436111833	1	5	5	0.01
L	3327321107	3327321107	1	5	5	0.01
L	3328082342	3328082342	1	5	5	0.01
L	5107896757	5107896757	1	5	5	0.01
L	5125478442	5125478442	1	5	5	0.01
L	5105914283	5105914283	1	5	5	0.01
L	3350805196	3350805196	1	5	5	0.01
L	3347544236	3347544236	1	5	5	0.01
L	3422260684	3422260684	1	5	5	0.01
L	5081162801	5081162801	1	5	5	0.01
L	4706918793	4706918793	1	5	5	0.01
L	5176697905	5176697905	1	5	5	0.01
L	5175213699	5175213699	1	5	5	0.01
L	5174704498	5174704498	1	5	5	0.01
L	3653225398	3653225398	1	5	5	0.01
L	3652675826	3652675826	1	5	5	0.01
L	4767111948	4767111948	1	5	5	0.01
L	5041654536	5041654536	1	5	5	0.01
L	1297201368	1297201368	1	5	5	0.01
L	5082588508	5082588508	1	5	5	0.01
L	3624894066	3624894066	1	5	5	0.01
L	5086788830	5086788830	1	5	5	0.01
L	5086471795	5086471795	1	5	5	0.01
L	5071891940	5071891940	1	5	5	0.01
L	5072660451	5072660451	1	5	5	0.01
L	5013758831	5013758831	1	5	5	0.01
L	5048479848	5048479848	1	5	5	0.01
L	5158378840	5158378840	1	5	5	0.01
L	5074109715	5074109715	1	5	5	0.01
L	5039921421	5039921421	1	5	5	0.01
L	5045899695	5045899695	1	5	5	0.01
L	4752542026	4752542026	1	5	5	0.01
L	5044258039	5044258039	1	5	5	0.01
L	1710367860	1710367860	1	12	12	0.01
L	1643866121	1643866121	1	12	12	0.01
L	1651297118	1651297118	1	12	12	0.01
L	1651369306	1651369306	1	12	12	0.01
L	62278813	62278813	1	12	12	0.01
L	22330967	22330967	1	12	12	0.01
L	1764272136	1764272136	1	12	12	0.01
L	4216699081	4216699081	1	12	12	0.01
L	1725425478	1725425478	1	12	12	0.01
L	4216463104	4216463104	1	12	12	0.01
L	4102472315	4102472315	1	12	12	0.01
L	3881314212	3881314212	1	12	12	0.01
L	3544910698	3544910698	1	12	12	0.01
L	2397518236	2397518236	1	12	12	0.01
L	2397564623	2397564623	1	12	12	0.01
L	2385373853	2385373853	1	12	12	0.01
L	2438549431	2438549431	1	12	12	0.01
L	2438613828	2438613828	1	12	12	0.01
L	2415947995	2415947995	1	12	12	0.01
L	2396074852	2396074852	1	12	12	0.01
L	2393867603	2393867603	1	12	12	0.01
L	2391961090	2391961090	1	12	12	0.01
L	1725067027	1725067027	1	12	12	0.01
L	4886141984	4886141984	1	12	12	0.01
L	4894275221	4894275221	1	12	12	0.01
L	2840970013	2840970013	1	12	12	0.01
L	1412249427	1412249427	1	12	12	0.01
L	4951884577	4951884577	1	12	12	0.01
L	1401858042	1401858042	1	12	12	0.01
L	1400123667	1400123667	1	12	12	0.01
L	4958289752	4958289752	1	12	12	0.01
L	4883008612	4883008612	1	12	12	0.01
L	4878186495	4878186495	1	12	12	0.01
L	1345503669	1345503669	1	12	12	0.01
L	1346754716	1346754716	1	12	12	0.01
L	3925873287	3925873287	1	12	12	0.01
L	4289275073	4289275073	1	12	12	0.01
L	4291279052	4291279052	1	12	12	0.01
L	2255734331	2255734331	1	13	13	0.01
L	2227486903	2227486903	1	13	13	0.01
L	1873250650	1873250650	1	13	13	0.01
L	983920169	983920169	1	13	13	0.01
L	5127414809	5127414809	1	13	13	0.01
L	97772439	97772439	1	13	13	0.01
L	2747609216	2747609216	1	13	13	0.01
L	3788406729	3788406729	1	13	13	0.01
L	4268571002	4268571002	1	13	13	0.01
L	3901716656	3901716656	1	13	13	0.01
L	3724621701	3724621701	1	13	13	0.01
L	4329913561	4329913561	1	13	13	0.01
L	4333558439	4333558439	1	13	13	0.01
L	4351186322	4351186322	1	13	13	0.01
L	4356975798	4356975798	1	13	13	0.01
L	1480751731	1480751731	1	13	13	0.01
L	4292645107	4292645107	1	13	13	0.01
L	3472103411	3472103411	1	13	13	0.01
L	4627790515	4627790515	1	13	13	0.01
L	3655746385	3655746385	1	13	13	0.01
L	3657383926	3657383926	1	13	13	0.01
L	1138173840	1138173840	1	13	13	0.01
L	3621584035	3621584035	1	13	13	0.01
L	2456446413	2456446413	1	13	13	0.01
L	3599418290	3599418290	1	13	13	0.01
L	3600133858	3600133858	1	13	13	0.01
L	3699445130	3699445130	1	13	13	0.01
L	3595381542	3595381542	1	13	13	0.01
L	3597018641	3597018641	1	13	13	0.01
L	3630963196	3630963196	1	13	13	0.01
L	2513043238	2513043238	1	13	13	0.01
L	3660992152	3660992152	1	13	13	0.01
L	3622558743	3622558743	1	13	13	0.01
L	3712933333	3712933333	1	13	13	0.01
L	3711653504	3711653504	1	13	13	0.01
L	2650729815	2650729815	1	14	14	0.01
L	2684903458	2684903458	1	14	14	0.01
L	2685231713	2685231713	1	14	14	0.01
L	2152020026	2152020026	1	14	14	0.01
L	74183832	74183832	1	14	14	0.01
L	977680631	977680631	1	14	14	0.01
L	1886545049	1886545049	1	14	14	0.01
L	1952971187	1952971187	1	14	14	0.01
L	1952744755	1952744755	1	14	14	0.01
L	1122201427	1122201427	1	14	14	0.01
L	141194907	141194907	1	14	14	0.01
L	3567000131	3567000131	1	14	14	0.01
L	2631674019	2631674019	1	14	14	0.01
L	13340803	13340803	1	14	14	0.01
L	2400980764	2400980764	1	14	14	0.01
L	101326497	101326497	1	14	14	0.01
L	2562490529	2562490529	1	14	14	0.01
L	2593983978	2593983978	1	14	14	0.01
L	2676481237	2676481237	1	14	14	0.01
L	2439723247	2439723247	1	14	14	0.01
L	2671086728	2671086728	1	14	14	0.01
L	2657381674	2657381674	1	14	14	0.01
L	2657288937	2657288937	1	14	14	0.01
L	2678192360	2678192360	1	14	14	0.01
L	1879797912	1879797912	1	14	14	0.01
L	2679100302	2679100302	1	14	14	0.01
L	2680137444	2680137444	1	14	14	0.01
L	2566653280	2566653280	1	14	14	0.01
L	2566903486	2566903486	1	14	14	0.01
L	2741078092	2741078092	1	14	14	0.01
L	1878548540	1878548540	1	14	14	0.01
L	2602573617	2602573617	1	14	14	0.01
L	2601727525	2601727525	1	14	14	0.01
L	4198358457	4198358457	1	14	14	0.01
L	2740057493	2740057493	1	14	14	0.01
L	2679922737	2679922737	1	14	14	0.01
L	1623306343	1623306343	1	14	14	0.01
L	2680284700	2680284700	1	14	14	0.01
L	4393790840	4393790840	1	15	15	0.01
L	4384588284	4384588284	1	15	15	0.01
L	3363719171	3363719171	1	15	15	0.01
L	3409248757	3409248757	1	15	15	0.01
L	3298554725	3298554725	1	15	15	0.01
L	3298585721	3298585721	1	15	15	0.01
L	3298912608	3298912608	1	15	15	0.01
L	571680739	571680739	1	15	15	0.01
L	3299998577	3299998577	1	15	15	0.01
L	4165233177	4165233177	1	15	15	0.01
L	4165209286	4165209286	1	15	15	0.01
L	3330774197	3330774197	1	15	15	0.01
L	4167163501	4167163501	1	15	15	0.01
L	4163212917	4163212917	1	15	15	0.01
L	3279063311	3279063311	1	15	15	0.01
L	4070809240	4070809240	1	15	15	0.01
L	4186258939	4186258939	1	15	15	0.01
L	4064318586	4064318586	1	15	15	0.01
L	3280464613	3280464613	1	15	15	0.01
L	3300681132	3300681132	1	15	15	0.01
L	3358182359	3358182359	1	15	15	0.01
L	3358217084	3358217084	1	15	15	0.01
L	820671896	820671896	1	15	15	0.01
L	3363494505	3363494505	1	15	15	0.01
L	3356859026	3356859026	1	15	15	0.01
L	3371195376	3371195376	1	15	15	0.01
L	4132565119	4132565119	1	15	15	0.01
L	3355967537	3355967537	1	15	15	0.01
L	164766934	164766934	1	15	15	0.01
L	3383523586	3383523586	1	15	15	0.01
L	3383258746	3383258746	1	15	15	0.01
L	147024763	147024763	1	15	15	0.01
L	3386350973	3386350973	1	15	15	0.01
L	144926426	144926426	1	15	15	0.01
L	143870427	143870427	1	15	15	0.01
L	4173146791	4173146791	1	15	15	0.01
L	4626936776	4626936776	1	15	15	0.01
L	4181696303	4181696303	1	15	15	0.01
L	3310812909	3310812909	1	15	15	0.01
L	4070893080	4070893080	1	15	15	0.01
L	3298644040	3298644040	1	15	15	0.01
L	3302592463	3302592463	1	15	15	0.01
L	3299281802	3299281802	1	15	15	0.01
L	4162121553	4162121553	1	15	15	0.01
L	4160514460	4160514460	1	15	15	0.01
L	3390254900	3390254900	1	15	15	0.01
L	4158829173	4158829173	1	15	15	0.01
L	1327564334	1327564334	1	16	16	0.01
L	1265211893	1265211893	1	16	16	0.01
L	1325367019	1325367019	1	16	16	0.01
L	1382827092	1382827092	1	16	16	0.01
L	534173975	534173975	1	16	16	0.01
L	534482176	534482176	1	16	16	0.01
L	528875329	528875329	1	16	16	0.01
L	1328782917	1328782917	1	16	16	0.01
L	1328008453	1328008453	1	16	16	0.01
L	1328021223	1328021223	1	16	16	0.01
L	1260590380	1260590380	1	16	16	0.01
L	442069044	442069044	1	16	16	0.01
L	442143392	442143392	1	16	16	0.01
L	517532696	517532696	1	16	16	0.01
L	516665936	516665936	1	16	16	0.01
L	566183442	566183442	1	16	16	0.01
L	1335653473	1335653473	1	16	16	0.01
L	1268325381	1268325381	1	16	16	0.01
L	453477281	453477281	1	16	16	0.01
L	1273922863	1273922863	1	16	16	0.01
L	1273885094	1273885094	1	16	16	0.01
L	1376313816	1376313816	1	16	16	0.01
L	453308691	453308691	1	16	16	0.01
L	1376932730	1376932730	1	16	16	0.01
L	302610665	302610665	1	16	16	0.01
L	518090778	518090778	1	16	16	0.01
L	518285087	518285087	1	16	16	0.01
L	1325138228	1325138228	1	16	16	0.01
L	1325138228	1325138228	1	16	16	0.01
L	566405794	566405794	1	16	16	0.01
L	387362865	387362865	1	16	16	0.01
L	2895434460	2895434460	1	16	16	0.01
L	2808193043	2808193043	1	16	16	0.01
L	2917445087	2917445087	1	16	16	0.01
L	3129076314	3129076314	1	16	16	0.01
L	2947616950	2947616950	1	16	16	0.01
L	2947717234	2947717234	1	16	16	0.01
L	2858338027	2858338027	1	16	16	0.01
L	2831763278	2831763278	1	16	16	0.01
L	2832632758	2832632758	1	16	16	0.01
L	2884764863	2884764863	1	16	16	0.01
L	3075580109	3075580109	1	16	16	0.01
L	1115864441	1115864441	1	16	16	0.01
L	2847884019	2847884019	1	16	16	0.01
L	2000755264	2000755264	1	16	16	0.01
L	3014832257	3014832257	1	16	16	0.01
L	3091697490	3091697490	1	16	16	0.01
L	3091649393	3091649393	1	16	16	0.01
L	2986084048	2986084048	1	16	16	0.01
L	2853452773	2853452773	1	16	16	0.01
L	3023673670	3023673670	1	16	16	0.01
L	3046218326	3046218326	1	16	16	0.01
L	1043597010	1043597010	1	16	16	0.01
L	3086910179	3086910179	1	16	16	0.01
L	2927819938	2927819938	1	16	16	0.01
L	1283959399	1283959399	1	17	17	0.01
L	1229792373	1229792373	1	17	17	0.01
L	1254791151	1254791151	1	17	17	0.01
L	3546512100	3546512100	1	17	17	0.01
L	104591267	104591267	1	17	17	0.01
L	1254588088	1254588088	1	17	17	0.01
L	4929709997	4929709997	1	17	17	0.01
L	1278412159	1278412159	1	17	17	0.01
L	1253493042	1253493042	1	17	17	0.01
L	4931941029	4931941029	1	17	17	0.01
L	1353245253	1353245253	1	17	17	0.01
L	1249358657	1249358657	1	17	17	0.01
L	4841917450	4841917450	1	17	17	0.01
L	4894866551	4894866551	1	17	17	0.01
L	4886078280	4886078280	1	17	17	0.01
L	4918159474	4918159474	1	17	17	0.01
L	1299868603	1299868603	1	17	17	0.01
L	4852441845	4852441845	1	17	17	0.01
L	4873910644	4873910644	1	17	17	0.01
L	1385578194	1385578194	1	17	17	0.01
L	4847266644	4847266644	1	17	17	0.01
L	4862533260	4862533260	1	17	17	0.01
L	4864196348	4864196348	1	17	17	0.01
L	1279659603	1279659603	1	17	17	0.01
L	4909907555	4909907555	1	17	17	0.01
L	4862040764	4862040764	1	17	17	0.01
L	4862154277	4862154277	1	17	17	0.01
L	4845843666	4845843666	1	17	17	0.01
L	1254030556	1254030556	1	17	17	0.01
L	1934009614	1934009614	1	17	17	0.01
L	1933918813	1933918813	1	17	17	0.01
L	1930573616	1930573616	1	17	17	0.01
L	1848476871	1848476871	1	17	17	0.01
L	1848078626	1848078626	1	17	17	0.01
L	2348565566	2348565566	1	17	17	0.01
L	1978615571	1978615571	1	17	17	0.01
L	2706467354	2706467354	1	17	17	0.01
L	1928501736	1928501736	1	17	17	0.01
L	2018729737	2018729737	1	17	17	0.01
L	1034398380	1034398380	1	17	17	0.01
L	1932535260	1932535260	1	17	17	0.01
L	2693054643	2693054643	1	17	17	0.01
L	1941984798	1941984798	1	17	17	0.01
L	1941745858	1941745858	1	17	17	0.01
L	1941684873	1941684873	1	17	17	0.01
L	1941135455	1941135455	1	17	17	0.01
L	1843762279	1843762279	1	17	17	0.01
L	2708993169	2708993169	1	17	17	0.01
L	1873304601	1873304601	1	17	17	0.01
L	1944400828	1944400828	1	17	17	0.01
L	1877210258	1877210258	1	17	17	0.01
L	1877080562	1877080562	1	17	17	0.01
L	1861455577	1861455577	1	17	17	0.01
L	1861548260	1861548260	1	17	17	0.01
L	1861650165	1861650165	1	17	17	0.01
L	4618424025	4618424025	1	18	18	0.01
L	4354395339	4354395339	1	18	18	0.01
L	5013713507	5013713507	1	18	18	0.01
L	4273850332	4273850332	1	18	18	0.01
L	3141249830	3141249830	1	18	18	0.01
L	3138957552	3138957552	1	18	18	0.01
L	2915529848	2915529848	1	18	18	0.01
L	285076825	285076825	1	18	18	0.01
L	4416487525	4416487525	1	18	18	0.01
L	4508004125	4508004125	1	18	18	0.01
L	306178691	306178691	1	18	18	0.01
L	4600241166	4600241166	1	18	18	0.01
L	3131150733	3131150733	1	18	18	0.01
L	497240009	497240009	1	18	18	0.01
L	3393954225	3393954225	1	18	18	0.01
L	4593343684	4593343684	1	18	18	0.01
L	491257601	491257601	1	18	18	0.01
L	326937713	326937713	1	18	18	0.01
L	322590387	322590387	1	18	18	0.01
L	301855202	301855202	1	18	18	0.01
L	4590439130	4590439130	1	18	18	0.01
L	4589669106	4589669106	1	18	18	0.01
L	283598112	283598112	1	18	18	0.01
L	4551627206	4551627206	1	18	18	0.01
L	4549546826	4549546826	1	18	18	0.01
L	4549490200	4549490200	1	18	18	0.01
L	247598446	247598446	1	18	18	0.01
L	504801656	504801656	1	18	18	0.01
L	4586147620	4586147620	1	18	18	0.01
L	3386581196	3386581196	1	19	19	0.01
L	4658843563	4658843563	1	19	19	0.01
L	4655577308	4655577308	1	19	19	0.01
L	1379540511	1379540511	1	19	19	0.01
L	4715763160	4715763160	1	19	19	0.01
L	4726281385	4726281385	1	19	19	0.01
L	4654567812	4654567812	1	19	19	0.01
L	5147074795	5147074795	1	19	19	0.01
L	4727546111	4727546111	1	19	19	0.01
L	5096323631	5096323631	1	19	19	0.01
L	5062607471	5062607471	1	19	19	0.01
L	4719550836	4719550836	1	19	19	0.01
L	5088068865	5088068865	1	19	19	0.01
L	4646809145	4646809145	1	19	19	0.01
L	4648876666	4648876666	1	19	19	0.01
L	4648775625	4648775625	1	19	19	0.01
L	5087849494	5087849494	1	19	19	0.01
L	4729165416	4729165416	1	19	19	0.01
L	4734715223	4734715223	1	19	19	0.01
L	4730714010	4730714010	1	19	19	0.01
L	4731055431	4731055431	1	19	19	0.01
L	4728718595	4728718595	1	19	19	0.01
L	419829166	419829166	1	19	19	0.01
L	4783987224	4783987224	1	19	19	0.01
L	4649847861	4649847861	1	19	19	0.01
L	4803520576	4803520576	1	19	19	0.01
L	5087224412	5087224412	1	19	19	0.01
L	4729787004	4729787004	1	19	19	0.01
L	4702574115	4702574115	1	19	19	0.01
L	4631167491	4631167491	1	19	19	0.01
L	248079397	248079397	1	20	20	0.01
L	1332424751	1332424751	1	20	20	0.01
L	545482919	545482919	1	20	20	0.01
L	4717519778	4717519778	1	20	20	0.01
L	4717541292	4717541292	1	20	20	0.01
L	5177996933	5177996933	1	20	20	0.01
L	4741694185	4741694185	1	20	20	0.01
L	4743512995	4743512995	1	20	20	0.01
L	5088167141	5088167141	1	20	20	0.01
L	4221502197	4221502197	1	20	20	0.01
L	1335319661	1335319661	1	20	20	0.01
L	478233823	478233823	1	20	20	0.01
L	476496638	476496638	1	20	20	0.01
L	481277178	481277178	1	20	20	0.01
L	481679160	481679160	1	20	20	0.01
L	550213803	550213803	1	20	20	0.01
L	550162643	550162643	1	20	20	0.01
L	549193690	549193690	1	20	20	0.01
L	547692725	547692725	1	20	20	0.01
L	1315893896	1315893896	1	20	20	0.01
L	1318829257	1318829257	1	20	20	0.01
L	1318751370	1318751370	1	20	20	0.01
L	1334090028	1334090028	1	20	20	0.01
L	1323120156	1323120156	1	20	20	0.01
L	464693875	464693875	1	20	20	0.01
L	1372933849	1372933849	1	20	20	0.01
L	600874409	600874409	1	20	20	0.01
L	1319068720	1319068720	1	20	20	0.01
L	1312516838	1312516838	1	20	20	0.01
L	1366591163	1366591163	1	20	20	0.01
L	483126615	483126615	1	20	20	0.01
L	626172211	626172211	1	20	20	0.01
L	1209703901	1209703901	1	20	20	0.01
L	1275547363	1275547363	1	20	20	0.01
L	1377183692	1377183692	1	20	20	0.01
L	619597177	619597177	1	21	21	0.01
L	3969024962	3969024962	1	21	21	0.01
L	612022841	612022841	1	21	21	0.01
L	1519627683	1519627683	1	21	21	0.01
L	1217264972	1217264972	1	21	21	0.01
L	1182084572	1182084572	1	21	21	0.01
L	1182049586	1182049586	1	21	21	0.01
L	1207648186	1207648186	1	21	21	0.01
L	552467069	552467069	1	21	21	0.01
L	550977793	550977793	1	21	21	0.01
L	386207527	386207527	1	21	21	0.01
L	551148851	551148851	1	21	21	0.01
L	1178381735	1178381735	1	21	21	0.01
L	1404842204	1404842204	1	21	21	0.01
L	537673209	537673209	1	21	21	0.01
L	537628885	537628885	1	21	21	0.01
L	1178204238	1178204238	1	21	21	0.01
L	1275695619	1275695619	1	21	21	0.01
L	1629260096	1629260096	1	22	22	0.01
L	4238067291	4238067291	1	22	22	0.01
L	1704331834	1704331834	1	22	22	0.01
L	4237509614	4237509614	1	22	22	0.01
L	4224020789	4224020789	1	22	22	0.01
L	1757690725	1757690725	1	22	22	0.01
L	68065416	68065416	1	22	22	0.01
L	1748540770	1748540770	1	22	22	0.01
L	1742087974	1742087974	1	22	22	0.01
L	1741992958	1741992958	1	22	22	0.01
L	1640703599	1640703599	1	22	22	0.01
L	113628628	113628628	1	22	22	0.01
L	1728792486	1728792486	1	22	22	0.01
L	1659955839	1659955839	1	22	22	0.01
L	1653811460	1653811460	1	22	22	0.01
L	4172869407	4172869407	1	22	22	0.01
L	1652497924	1652497924	1	22	22	0.01
L	4116756640	4116756640	1	22	22	0.01
L	1733456378	1733456378	1	22	22	0.01
L	127245528	127245528	1	22	22	0.01
L	132722121	132722121	1	22	22	0.01
L	129793198	129793198	1	22	22	0.01
L	1692456559	1692456559	1	22	22	0.01
L	3780539609	3780539609	1	23	23	0.01
L	3780599810	3780599810	1	23	23	0.01
L	4294765778	4294765778	1	23	23	0.01
L	3670178390	3670178390	1	23	23	0.01
L	2424242294	2424242294	1	23	23	0.01
L	3672764784	3672764784	1	23	23	0.01
L	3779650894	3779650894	1	23	23	0.01
L	3779356634	3779356634	1	23	23	0.01
L	819024315	819024315	1	23	23	0.01
L	1182169781	1182169781	1	23	23	0.01
L	2664404745	2664404745	1	23	23	0.01
L	2702453021	2702453021	1	23	23	0.01
L	4265837686	4265837686	1	23	23	0.01
L	4349293281	4349293281	1	23	23	0.01
L	3801844934	3801844934	1	23	23	0.01
L	4338398711	4338398711	1	23	23	0.01
L	3637850069	3637850069	1	23	23	0.01
L	2353279654	2353279654	1	23	23	0.01
L	873956007	873956007	1	24	24	0.01
L	774944606	774944606	1	24	24	0.01
L	857992140	857992140	1	24	24	0.01
L	770192713	770192713	1	24	24	0.01
L	874285892	874285892	1	24	24	0.01
L	1603817893	1603817893	1	25	25	0.01
L	247646814	247646814	1	25	25	0.01
L	824940857	824940857	1	25	25	0.01
L	70459455	70459455	1	25	25	0.01
L	5101786806	5101786806	1	25	25	0.01
L	5099484820	5099484820	1	25	25	0.01
L	3323147288	3323147288	1	25	25	0.01
L	3327477756	3327477756	1	25	25	0.01
L	1581377798	1581377798	1	25	25	0.01
L	1595884377	1595884377	1	25	25	0.01
L	1143970071	1143970071	1	25	25	0.01
L	1118529596	1118529596	1	25	25	0.01
L	1487345469	1487345469	1	25	25	0.01
L	931697281	931697281	1	25	25	0.01
L	1580315702	1580315702	1	25	25	0.01
L	1579569371	1579569371	1	25	25	0.01
L	952533416	952533416	1	25	25	0.01
L	931515705	931515705	1	25	25	0.01
L	1434741077	1434741077	1	25	25	0.01
L	1435101716	1435101716	1	25	25	0.01
L	1007214705	1007214705	1	25	25	0.01
L	1532015752	1532015752	1	25	25	0.01
L	1483654880	1483654880	1	25	25	0.01
L	1485131206	1485131206	1	25	25	0.01
L	1438464104	1438464104	1	25	25	0.01
L	1088942363	1088942363	1	25	25	0.01
L	959556946	959556946	1	25	25	0.01
L	1070091665	1070091665	1	25	25	0.01
L	266329967	266329967	1	25	25	0.01
L	1579499382	1579499382	1	25	25	0.01
L	1482512627	1482512627	1	25	25	0.01
L	3049253566	3049253566	1	26	26	0.01
L	4548481776	4548481776	1	26	26	0.01
L	342201132	342201132	1	26	26	0.01
L	4782911593	4782911593	1	26	26	0.01
L	3135020125	3135020125	1	26	26	0.01
L	3523996927	3523996927	1	26	26	0.01
L	4556475160	4556475160	1	26	26	0.01
L	3204028541	3204028541	1	26	26	0.01
L	3205464703	3205464703	1	26	26	0.01
L	2796419925	2796419925	1	26	26	0.01
L	2794506586	2794506586	1	26	26	0.01
L	4578438185	4578438185	1	26	26	0.01
L	2692566947	2692566947	1	27	27	0.01
L	1989835091	1989835091	1	27	27	0.01
L	1989772531	1989772531	1	27	27	0.01
L	1989007901	1989007901	1	27	27	0.01
L	1991226992	1991226992	1	27	27	0.01
L	1927530775	1927530775	1	27	27	0.01
L	1783603443	1783603443	1	27	27	0.01
L	1779967615	1779967615	1	27	27	0.01
L	172002154	172002154	1	27	27	0.01
L	1770901545	1770901545	1	27	27	0.01
L	1763404340	1763404340	1	27	27	0.01
L	1735278718	1735278718	1	27	27	0.01
L	1772126116	1772126116	1	27	27	0.01
L	1772841810	1772841810	1	27	27	0.01
L	4864876111	4864876111	1	27	27	0.01
L	4892967485	4892967485	1	27	27	0.01
L	1356449462	1356449462	1	27	27	0.01
L	4932002833	4932002833	1	27	27	0.01
L	1251923825	1251923825	1	27	27	0.01
L	4722109583	4722109583	1	28	28	0.01
L	4560393802	4560393802	1	28	28	0.01
L	4559469129	4559469129	1	28	28	0.01
L	485956073	485956073	1	28	28	0.01
L	4317106615	4317106615	1	28	28	0.01
L	813018204	813018204	1	28	28	0.01
L	4547956600	4547956600	1	28	28	0.01
L	4547399607	4547399607	1	28	28	0.01
L	3106244908	3106244908	1	28	28	0.01
L	2183073373	2183073373	1	28	28	0.01
L	2289453256	2289453256	1	28	28	0.01
L	3079453580	3079453580	1	28	28	0.01
L	2178892386	2178892386	1	28	28	0.01
L	2282535863	2282535863	1	28	28	0.01
L	2282355224	2282355224	1	28	28	0.01
L	2309803082	2309803082	1	28	28	0.01
L	2319375093	2319375093	1	28	28	0.01
L	2246505218	2246505218	1	28	28	0.01
L	2280711848	2280711848	1	28	28	0.01
1	1	243648682	1	1		1
2	243648683	360026521	1	1		1
3	360026522	630449385	1	1		1
4	630449386	891146876	1	1		1
5	891146877	1165626156	1	1		1
6	1165626157	1414898507	1	1		1
7	1414898508	1622650013	1	1		1
8	1622650014	1833669180	1	1		1
9	1833669181	2104484247	1	1		1
10	2104484248	2351576609	1	1		1
11	2351576610	2551437041	1	1		1
12	2551437042	2757683215	1	1		1
13	2757683216	3007519042	1	1		1
14	3007519043	3238998161	1	1		1
15	3238998162	3463801647	1	1		1
16	3463801648	3703177549	1	1		1
17	3703177550	3929718490	1	1		1
18	3929718491	4064172438	1	1		1
19	4064172439	4253827123	1	1		1
20	4253827124	4412320208	1	1		1
21	4412320209	4629393312	1	1		1
22	4629393313	4832997223	1	1		1
23	4832997224	4976474393	1	1		1
24	4976474394	5178571774	1	1		1
