name	start	end	strand	col	fill	lwd
1	1	255616683	1	4	4	0.1
2	255616684	575965641	1	4	4	0.1
3	575965642	837007817	1	4	4	0.1
4	837007818	1080787734	1	4	4	0.1
5	1080787735	1330445473	1	4	4	0.1
6	1330445474	1564630272	1	4	4	0.1
7	1564630273	1799217308	1	4	4	0.1
8	1799217309	2003214102	1	4	4	0.1
9	2003214103	2269692545	1	4	4	0.1
10	2269692546	2488864319	1	4	4	0.1
11	2488864320	2697817151	1	4	4	0.1
12	2697817152	2879032027	1	4	4	0.1
13	2879032028	3121153802	1	4	4	0.1
14	3121153803	3306859811	1	4	4	0.1
15	3306859812	3511685363	1	4	4	0.1
16	3511685364	3739990929	1	4	4	0.1
17	3739990930	3958788871	1	4	4	0.1
18	3958788872	4249199572	1	4	4	0.1
19	4249199573	4423868169	1	4	4	0.1
21	4423868170	4652754595	1	4	4	0.1
22	4652754596	4848808535	1	4	4	0.1
23	4848808536	4992319448	1	4	4	0.1
24	4992319449	5178571774	1	4	4	0.1
1	1	255616683	1	1	4	0.1
2	255616684	575965641	1	1	4	0.1
3	575965642	837007817	1	1	4	0.1
4	837007818	1080787734	1	1	4	0.1
5	1080787735	1330445473	1	1	4	0.1
6	1330445474	1564630272	1	1	4	0.1
7	1564630273	1799217308	1	1	4	0.1
8	1799217309	2003214102	1	1	4	0.1
9	2003214103	2269692545	1	1	4	0.1
10	2269692546	2488864319	1	1	4	0.1
11	2488864320	2697817151	1	1	4	0.1
12	2697817152	2879032027	1	1	4	0.1
13	2879032028	3121153802	1	1	4	0.1
14	3121153803	3306859811	1	1	4	0.1
15	3306859812	3511685363	1	1	4	0.1
16	3511685364	3739990929	1	1	4	0.1
17	3739990930	3958788871	1	1	4	0.1
18	3958788872	4249199572	1	1	4	0.1
19	4249199573	4423868169	1	1	4	0.1
21	4423868170	4652754595	1	1	4	0.1
22	4652754596	4848808535	1	1	4	0.1
23	4848808536	4992319448	1	1	4	0.1
24	4992319449	5178571774	1	1	4	0.1
L	1212507394	1212507394	1	6	6	0.01
L	1766479165	1766479165	1	6	6	0.01
L	1173200753	1173200753	1	6	6	0.01
L	1765663030	1765663030	1	6	6	0.01
L	1632506869	1632506869	1	6	6	0.01
L	1654724942	1654724942	1	6	6	0.01
L	1586530901	1586530901	1	6	6	0.01
L	1655133373	1655133373	1	6	6	0.01
L	1655000067	1655000067	1	6	6	0.01
L	1636776145	1636776145	1	6	6	0.01
L	1636550859	1636550859	1	6	6	0.01
L	1636421916	1636421916	1	6	6	0.01
L	1584392231	1584392231	1	6	6	0.01
L	1228371752	1228371752	1	6	6	0.01
L	1668990312	1668990312	1	6	6	0.01
L	1668088496	1668088496	1	6	6	0.01
L	1664616648	1664616648	1	6	6	0.01
L	1664255645	1664255645	1	6	6	0.01
L	1628797103	1628797103	1	6	6	0.01
L	1631430036	1631430036	1	6	6	0.01
L	1227983269	1227983269	1	6	6	0.01
L	1630095307	1630095307	1	6	6	0.01
L	1204609960	1204609960	1	6	6	0.01
L	1622543880	1622543880	1	6	6	0.01
L	1628073714	1628073714	1	6	6	0.01
L	1630228034	1630228034	1	6	6	0.01
L	1272623910	1272623910	1	6	6	0.01
L	1106932028	1106932028	1	6	6	0.01
L	4736322327	4736322327	1	6	6	0.01
L	4745639312	4745639312	1	6	6	0.01
L	4745444869	4745444869	1	6	6	0.01
L	3647295422	3647295422	1	6	6	0.01
L	3571366901	3571366901	1	6	6	0.01
L	3646583535	3646583535	1	6	6	0.01
L	3646876964	3646876964	1	6	6	0.01
L	2671160906	2671160906	1	6	6	0.01
L	3647046823	3647046823	1	6	6	0.01
L	3583878898	3583878898	1	6	6	0.01
L	3584151538	3584151538	1	6	6	0.01
L	3645951901	3645951901	1	6	6	0.01
L	2649688731	2649688731	1	6	6	0.01
L	2548720164	2548720164	1	6	6	0.01
L	2549239131	2549239131	1	6	6	0.01
L	2543254549	2543254549	1	6	6	0.01
L	2839822626	2839822626	1	6	6	0.01
L	3579708591	3579708591	1	6	6	0.01
L	2548111814	2548111814	1	6	6	0.01
L	3578333628	3578333628	1	6	6	0.01
L	3583508692	3583508692	1	6	6	0.01
L	2639568852	2639568852	1	6	6	0.01
L	190569460	190569460	1	6	6	0.01
L	1026773373	1026773373	1	6	6	0.01
L	872196662	872196662	1	6	6	0.01
L	848298564	848298564	1	6	6	0.01
L	963187496	963187496	1	6	6	0.01
L	3785489611	3785489611	1	6	6	0.01
L	3781832796	3781832796	1	6	6	0.01
L	937397009	937397009	1	6	6	0.01
L	3782972680	3782972680	1	6	6	0.01
L	912691710	912691710	1	6	6	0.01
L	1062959117	1062959117	1	6	6	0.01
L	844567102	844567102	1	6	6	0.01
L	1060582444	1060582444	1	6	6	0.01
L	912199904	912199904	1	6	6	0.01
L	871721348	871721348	1	6	6	0.01
L	3894195480	3894195480	1	6	6	0.01
L	3894124599	3894124599	1	6	6	0.01
L	3894045449	3894045449	1	6	6	0.01
L	3748789992	3748789992	1	6	6	0.01
L	904636909	904636909	1	6	6	0.01
L	904900102	904900102	1	6	6	0.01
L	908086126	908086126	1	6	6	0.01
L	908199549	908199549	1	6	6	0.01
L	1023828576	1023828576	1	6	6	0.01
L	1022077735	1022077735	1	6	6	0.01
L	3805711122	3805711122	1	6	6	0.01
L	964282063	964282063	1	6	6	0.01
L	968452969	968452969	1	6	6	0.01
L	3876761793	3876761793	1	6	6	0.01
L	1027739549	1027739549	1	6	6	0.01
L	1028399728	1028399728	1	6	6	0.01
L	879756648	879756648	1	6	6	0.01
L	3813218597	3813218597	1	6	6	0.01
L	3813784750	3813784750	1	6	6	0.01
L	518700626	518700626	1	6	6	0.01
L	1036025588	1036025588	1	6	6	0.01
L	1675347138	1675347138	1	6	6	0.01
L	1585891054	1585891054	1	6	6	0.01
L	1598038236	1598038236	1	6	6	0.01
L	4475238627	4475238627	1	6	6	0.01
L	4475511940	4475511940	1	6	6	0.01
L	4476672997	4476672997	1	6	6	0.01
L	3746934268	3746934268	1	6	6	0.01
L	3802112481	3802112481	1	6	6	0.01
L	3122951753	3122951753	1	6	6	0.01
L	888253098	888253098	1	6	6	0.01
L	941829791	941829791	1	6	6	0.01
L	1067983868	1067983868	1	6	6	0.01
L	908864708	908864708	1	6	6	0.01
L	344558789	344558789	1	6	6	0.01
L	955252584	955252584	1	6	6	0.01
L	3753617423	3753617423	1	6	6	0.01
L	1068854318	1068854318	1	6	6	0.01
L	1013806973	1013806973	1	6	6	0.01
L	1044959789	1044959789	1	6	6	0.01
L	1044637619	1044637619	1	6	6	0.01
L	1177581808	1177581808	1	6	6	0.01
L	1284540097	1284540097	1	6	6	0.01
L	1203538042	1203538042	1	6	6	0.01
L	1272301048	1272301048	1	6	6	0.01
L	5110944148	5110944148	1	6	6	0.01
L	5111228299	5111228299	1	6	6	0.01
L	5111559104	5111559104	1	6	6	0.01
L	4689172445	4689172445	1	6	6	0.01
L	616248306	616248306	1	6	6	0.01
L	5114344311	5114344311	1	6	6	0.01
L	5088140263	5088140263	1	6	6	0.01
L	3871816790	3871816790	1	6	6	0.01
L	3435505002	3435505002	1	6	6	0.01
L	5130556534	5130556534	1	6	6	0.01
L	5130736783	5130736783	1	6	6	0.01
L	3366194249	3366194249	1	6	6	0.01
L	3364778417	3364778417	1	6	6	0.01
L	3367408183	3367408183	1	6	6	0.01
L	3367279193	3367279193	1	6	6	0.01
L	3448292638	3448292638	1	6	6	0.01
L	5030290192	5030290192	1	6	6	0.01
L	5090157512	5090157512	1	7	7	0.01
L	4750935815	4750935815	1	7	7	0.01
L	4750966257	4750966257	1	7	7	0.01
L	4754000165	4754000165	1	7	7	0.01
L	2850298360	2850298360	1	7	7	0.01
L	5108857803	5108857803	1	7	7	0.01
L	2841104161	2841104161	1	7	7	0.01
L	5099892571	5099892571	1	7	7	0.01
L	2848001651	2848001651	1	7	7	0.01
L	2841189141	2841189141	1	7	7	0.01
L	3336079883	3336079883	1	7	7	0.01
L	3450947034	3450947034	1	7	7	0.01
L	3451095225	3451095225	1	7	7	0.01
L	3451163602	3451163602	1	7	7	0.01
L	3452020316	3452020316	1	7	7	0.01
L	3492630254	3492630254	1	7	7	0.01
L	4368787337	4368787337	1	7	7	0.01
L	3455594085	3455594085	1	7	7	0.01
L	16819545	16819545	1	7	7	0.01
L	1406166255	1406166255	1	7	7	0.01
L	3469422749	3469422749	1	7	7	0.01
L	15499187	15499187	1	7	7	0.01
L	3464464628	3464464628	1	7	7	0.01
L	671237719	671237719	1	7	7	0.01
L	671262966	671262966	1	7	7	0.01
L	2428699141	2428699141	1	7	7	0.01
L	2309685583	2309685583	1	7	7	0.01
L	2292013874	2292013874	1	7	7	0.01
L	4682600620	4682600620	1	7	7	0.01
L	322140499	322140499	1	7	7	0.01
L	351581410	351581410	1	7	7	0.01
L	4512659514	4512659514	1	7	7	0.01
L	4512719931	4512719931	1	7	7	0.01
L	293988347	293988347	1	7	7	0.01
L	681769170	681769170	1	7	7	0.01
L	4577632567	4577632567	1	7	7	0.01
L	4571549987	4571549987	1	7	7	0.01
L	4623488094	4623488094	1	7	7	0.01
L	4644992785	4644992785	1	7	7	0.01
L	4582253474	4582253474	1	7	7	0.01
L	4582516789	4582516789	1	7	7	0.01
L	322253997	322253997	1	7	7	0.01
L	4461715950	4461715950	1	7	7	0.01
L	4543334998	4543334998	1	7	7	0.01
L	4542772676	4542772676	1	7	7	0.01
L	3475463619	3475463619	1	7	7	0.01
L	4537377447	4537377447	1	7	7	0.01
L	3482175795	3482175795	1	7	7	0.01
L	4492080906	4492080906	1	7	7	0.01
L	3482254768	3482254768	1	7	7	0.01
L	4623725359	4623725359	1	7	7	0.01
L	4624588408	4624588408	1	7	7	0.01
L	277452411	277452411	1	7	7	0.01
L	2423975957	2423975957	1	7	7	0.01
L	4622334325	4622334325	1	7	7	0.01
L	3794383943	3794383943	1	7	7	0.01
L	367314647	367314647	1	7	7	0.01
L	287542447	287542447	1	7	7	0.01
L	4536274348	4536274348	1	7	7	0.01
L	350837390	350837390	1	7	7	0.01
L	300373447	300373447	1	7	7	0.01
L	4459539009	4459539009	1	7	7	0.01
L	4568047072	4568047072	1	7	7	0.01
L	695356104	695356104	1	7	7	0.01
L	4558093174	4558093174	1	7	7	0.01
L	350694104	350694104	1	7	7	0.01
L	2956327754	2956327754	1	7	7	0.01
L	3007533951	3007533951	1	7	7	0.01
L	3105765516	3105765516	1	7	7	0.01
L	882485971	882485971	1	7	7	0.01
L	1131964778	1131964778	1	8	8	0.01
L	1221150072	1221150072	1	8	8	0.01
L	1201484540	1201484540	1	8	8	0.01
L	1100755871	1100755871	1	8	8	0.01
L	1093447931	1093447931	1	8	8	0.01
L	1206473346	1206473346	1	8	8	0.01
L	1641093551	1641093551	1	8	8	0.01
L	1195250181	1195250181	1	8	8	0.01
L	3532452602	3532452602	1	8	8	0.01
L	3533009122	3533009122	1	8	8	0.01
L	2619659560	2619659560	1	8	8	0.01
L	2656533233	2656533233	1	8	8	0.01
L	2602454158	2602454158	1	8	8	0.01
L	3356011122	3356011122	1	8	8	0.01
L	3793433119	3793433119	1	8	8	0.01
L	2561155823	2561155823	1	8	8	0.01
L	3647654238	3647654238	1	8	8	0.01
L	3626469065	3626469065	1	8	8	0.01
L	1290413817	1290413817	1	8	8	0.01
L	1641222307	1641222307	1	8	8	0.01
L	1641557353	1641557353	1	8	8	0.01
L	1197082985	1197082985	1	8	8	0.01
L	1135789471	1135789471	1	8	8	0.01
L	1222211442	1222211442	1	8	8	0.01
L	1195715703	1195715703	1	8	8	0.01
L	1288303842	1288303842	1	8	8	0.01
L	1154782510	1154782510	1	8	8	0.01
L	1154548768	1154548768	1	8	8	0.01
L	1150606942	1150606942	1	8	8	0.01
L	1147274774	1147274774	1	8	8	0.01
L	4572004848	4572004848	1	8	8	0.01
L	4572207485	4572207485	1	8	8	0.01
L	4573050324	4573050324	1	8	8	0.01
L	4575092454	4575092454	1	8	8	0.01
L	449370429	449370429	1	8	8	0.01
L	891982196	891982196	1	8	8	0.01
L	680136294	680136294	1	8	8	0.01
L	4515753278	4515753278	1	8	8	0.01
L	3917867124	3917867124	1	8	8	0.01
L	513111197	513111197	1	8	8	0.01
L	373358740	373358740	1	8	8	0.01
L	4444820235	4444820235	1	8	8	0.01
L	4613189152	4613189152	1	8	8	0.01
L	477381015	477381015	1	8	8	0.01
L	2969703726	2969703726	1	8	8	0.01
L	359920679	359920679	1	8	8	0.01
L	4521735404	4521735404	1	8	8	0.01
L	497461950	497461950	1	8	8	0.01
L	4585620569	4585620569	1	8	8	0.01
L	3204756890	3204756890	1	8	8	0.01
L	4487218202	4487218202	1	8	8	0.01
L	4486161981	4486161981	1	8	8	0.01
L	4569618290	4569618290	1	8	8	0.01
L	1195762430	1195762430	1	8	8	0.01
L	1145194044	1145194044	1	8	8	0.01
L	1145111885	1145111885	1	8	8	0.01
L	467322271	467322271	1	8	8	0.01
L	467232721	467232721	1	8	8	0.01
L	3940396342	3940396342	1	8	8	0.01
L	2959550359	2959550359	1	8	8	0.01
L	1035685402	1035685402	1	8	8	0.01
L	3062155718	3062155718	1	8	8	0.01
L	2998785904	2998785904	1	8	8	0.01
L	3060600394	3060600394	1	8	8	0.01
L	3056705950	3056705950	1	8	8	0.01
L	2999205100	2999205100	1	8	8	0.01
L	3006748744	3006748744	1	8	8	0.01
L	3886701470	3886701470	1	8	8	0.01
L	3886972998	3886972998	1	8	8	0.01
L	1040426554	1040426554	1	8	8	0.01
L	1037387049	1037387049	1	8	8	0.01
L	1037139553	1037139553	1	8	8	0.01
L	3792044645	3792044645	1	8	8	0.01
L	4453695665	4453695665	1	8	8	0.01
L	854654157	854654157	1	8	8	0.01
L	887579109	887579109	1	8	8	0.01
L	967344797	967344797	1	8	8	0.01
L	976979850	976979850	1	8	8	0.01
L	976056076	976056076	1	8	8	0.01
L	904365671	904365671	1	8	8	0.01
L	1033936309	1033936309	1	8	8	0.01
L	2290280656	2290280656	1	9	9	0.01
L	66735853	66735853	1	9	9	0.01
L	66932183	66932183	1	9	9	0.01
L	4820118223	4820118223	1	9	9	0.01
L	2183796924	2183796924	1	9	9	0.01
L	1155369696	1155369696	1	9	9	0.01
L	1155266252	1155266252	1	9	9	0.01
L	73814247	73814247	1	9	9	0.01
L	120371533	120371533	1	9	9	0.01
L	120327337	120327337	1	9	9	0.01
L	119761763	119761763	1	9	9	0.01
L	2456686779	2456686779	1	9	9	0.01
L	2430013734	2430013734	1	9	9	0.01
L	897570204	897570204	1	9	9	0.01
L	897708865	897708865	1	9	9	0.01
L	898562748	898562748	1	9	9	0.01
L	898525037	898525037	1	9	9	0.01
L	901574736	901574736	1	9	9	0.01
L	902407951	902407951	1	9	9	0.01
L	2466730741	2466730741	1	9	9	0.01
L	1227152371	1227152371	1	9	9	0.01
L	4794732366	4794732366	1	9	9	0.01
L	2039353108	2039353108	1	9	9	0.01
L	4827638667	4827638667	1	9	9	0.01
L	104837503	104837503	1	9	9	0.01
L	106842446	106842446	1	9	9	0.01
L	99364852	99364852	1	9	9	0.01
L	99118627	99118627	1	9	9	0.01
L	113762922	113762922	1	9	9	0.01
L	112528740	112528740	1	9	9	0.01
L	217269910	217269910	1	9	9	0.01
L	2292521377	2292521377	1	9	9	0.01
L	205528563	205528563	1	9	9	0.01
L	88080906	88080906	1	9	9	0.01
L	83840101	83840101	1	9	9	0.01
L	80975070	80975070	1	9	9	0.01
L	75059052	75059052	1	9	9	0.01
L	74685874	74685874	1	9	9	0.01
L	73502560	73502560	1	9	9	0.01
L	124900891	124900891	1	9	9	0.01
L	240556313	240556313	1	9	9	0.01
L	2444199337	2444199337	1	9	9	0.01
L	68240039	68240039	1	9	9	0.01
L	3627512420	3627512420	1	10	10	0.01
L	2638117439	2638117439	1	10	10	0.01
L	3663042432	3663042432	1	10	10	0.01
L	2644935480	2644935480	1	10	10	0.01
L	2644579223	2644579223	1	10	10	0.01
L	2644517564	2644517564	1	10	10	0.01
L	3780066799	3780066799	1	10	10	0.01
L	453797866	453797866	1	10	10	0.01
L	442764014	442764014	1	10	10	0.01
L	3922753009	3922753009	1	10	10	0.01
L	420597079	420597079	1	10	10	0.01
L	2151722669	2151722669	1	10	10	0.01
L	2184258941	2184258941	1	10	10	0.01
L	2759413895	2759413895	1	10	10	0.01
L	3810237210	3810237210	1	10	10	0.01
L	2146155217	2146155217	1	10	10	0.01
L	2109189546	2109189546	1	10	10	0.01
L	2731780308	2731780308	1	10	10	0.01
L	2157493552	2157493552	1	10	10	0.01
L	2170263800	2170263800	1	10	10	0.01
L	2737715603	2737715603	1	10	10	0.01
L	2726147161	2726147161	1	10	10	0.01
L	2109763277	2109763277	1	10	10	0.01
L	2109895416	2109895416	1	10	10	0.01
L	2090380232	2090380232	1	10	10	0.01
L	2136944582	2136944582	1	10	10	0.01
L	2136745533	2136745533	1	10	10	0.01
L	2162018444	2162018444	1	10	10	0.01
L	2159537664	2159537664	1	10	10	0.01
L	2648517751	2648517751	1	10	10	0.01
L	4868998576	4868998576	1	10	10	0.01
L	3269563943	3269563943	1	10	10	0.01
L	3291543994	3291543994	1	10	10	0.01
L	3292039593	3292039593	1	10	10	0.01
L	2345294372	2345294372	1	10	10	0.01
L	2371544306	2371544306	1	10	10	0.01
L	2475766294	2475766294	1	10	10	0.01
L	3273375191	3273375191	1	10	10	0.01
L	2273919251	2273919251	1	10	10	0.01
L	3262966376	3262966376	1	10	10	0.01
L	2369982797	2369982797	1	10	10	0.01
L	2369846827	2369846827	1	10	10	0.01
L	2346542868	2346542868	1	10	10	0.01
L	3298135329	3298135329	1	10	10	0.01
L	2341056164	2341056164	1	10	10	0.01
L	3264704799	3264704799	1	10	10	0.01
L	2361173184	2361173184	1	10	10	0.01
L	2336567685	2336567685	1	10	10	0.01
L	2351346949	2351346949	1	10	10	0.01
L	3303033370	3303033370	1	10	10	0.01
L	3222837283	3222837283	1	10	10	0.01
L	2473213651	2473213651	1	10	10	0.01
L	4369912664	4369912664	1	10	10	0.01
L	3862657339	3862657339	1	5	5	0.01
L	3529492088	3529492088	1	5	5	0.01
L	3903048308	3903048308	1	5	5	0.01
L	1055741408	1055741408	1	5	5	0.01
L	3923072200	3923072200	1	5	5	0.01
L	2538794072	2538794072	1	5	5	0.01
L	3649761345	3649761345	1	5	5	0.01
L	3522750254	3522750254	1	5	5	0.01
L	1677885719	1677885719	1	5	5	0.01
L	2850697663	2850697663	1	5	5	0.01
L	1674296598	1674296598	1	5	5	0.01
L	1772908246	1772908246	1	5	5	0.01
L	3376044647	3376044647	1	5	5	0.01
L	3376608680	3376608680	1	5	5	0.01
L	5046376182	5046376182	1	5	5	0.01
L	5032587275	5032587275	1	5	5	0.01
L	5047754499	5047754499	1	5	5	0.01
L	3396328696	3396328696	1	5	5	0.01
L	3393480998	3393480998	1	5	5	0.01
L	3463252330	3463252330	1	5	5	0.01
L	5068594059	5068594059	1	5	5	0.01
L	4746756827	4746756827	1	5	5	0.01
L	5000230355	5000230355	1	5	5	0.01
L	4999209519	4999209519	1	5	5	0.01
L	4998855038	4998855038	1	5	5	0.01
L	3697400949	3697400949	1	5	5	0.01
L	3696994994	3696994994	1	5	5	0.01
L	2853933376	2853933376	1	5	5	0.01
L	5101912193	5101912193	1	5	5	0.01
L	1443762635	1443762635	1	5	5	0.01
L	5067287996	5067287996	1	5	5	0.01
L	3674682765	3674682765	1	5	5	0.01
L	5063831968	5063831968	1	5	5	0.01
L	5064130312	5064130312	1	5	5	0.01
L	5075938075	5075938075	1	5	5	0.01
L	5075219703	5075219703	1	5	5	0.01
L	5139948016	5139948016	1	5	5	0.01
L	5095570055	5095570055	1	5	5	0.01
L	5009142272	5009142272	1	5	5	0.01
L	5073812729	5073812729	1	5	5	0.01
L	5103304581	5103304581	1	5	5	0.01
L	5098084388	5098084388	1	5	5	0.01
L	2818115186	2818115186	1	5	5	0.01
L	5099475478	5099475478	1	5	5	0.01
L	1927110527	1927110527	1	12	12	0.01
L	1898555035	1898555035	1	12	12	0.01
L	1891417010	1891417010	1	12	12	0.01
L	1891310100	1891310100	1	12	12	0.01
L	63487890	63487890	1	12	12	0.01
L	54487199	54487199	1	12	12	0.01
L	1973102464	1973102464	1	12	12	0.01
L	4310517285	4310517285	1	12	12	0.01
L	1939653209	1939653209	1	12	12	0.01
L	4310826066	4310826066	1	12	12	0.01
L	4291710298	4291710298	1	12	12	0.01
L	3800199171	3800199171	1	12	12	0.01
L	3544979876	3544979876	1	12	12	0.01
L	2611493579	2611493579	1	12	12	0.01
L	2611410476	2611410476	1	12	12	0.01
L	2623162812	2623162812	1	12	12	0.01
L	2574417531	2574417531	1	12	12	0.01
L	2574363524	2574363524	1	12	12	0.01
L	2594635267	2594635267	1	12	12	0.01
L	2612811424	2612811424	1	12	12	0.01
L	2615009893	2615009893	1	12	12	0.01
L	2616906075	2616906075	1	12	12	0.01
L	1939239396	1939239396	1	12	12	0.01
L	4922216181	4922216181	1	12	12	0.01
L	4866629705	4866629705	1	12	12	0.01
L	3028593283	3028593283	1	12	12	0.01
L	1552960646	1552960646	1	12	12	0.01
L	4907278700	4907278700	1	12	12	0.01
L	1545687427	1545687427	1	12	12	0.01
L	1543781116	1543781116	1	12	12	0.01
L	4911893721	4911893721	1	12	12	0.01
L	4925079025	4925079025	1	12	12	0.01
L	4929658867	4929658867	1	12	12	0.01
L	1488562138	1488562138	1	12	12	0.01
L	1489746975	1489746975	1	12	12	0.01
L	3769279555	3769279555	1	12	12	0.01
L	463142144	463142144	1	12	12	0.01
L	460859665	460859665	1	12	12	0.01
L	2346955364	2346955364	1	13	13	0.01
L	2372510165	2372510165	1	13	13	0.01
L	2060192312	2060192312	1	13	13	0.01
L	1163385412	1163385412	1	13	13	0.01
L	5031255172	5031255172	1	13	13	0.01
L	127174100	127174100	1	13	13	0.01
L	2716820794	2716820794	1	13	13	0.01
L	3866228865	3866228865	1	13	13	0.01
L	531692188	531692188	1	13	13	0.01
L	3743168496	3743168496	1	13	13	0.01
L	3931231257	3931231257	1	13	13	0.01
L	486786083	486786083	1	13	13	0.01
L	490131081	490131081	1	13	13	0.01
L	506669446	506669446	1	13	13	0.01
L	512411971	512411971	1	13	13	0.01
L	2592220556	2592220556	1	13	13	0.01
L	459344182	459344182	1	13	13	0.01
L	3527578975	3527578975	1	13	13	0.01
L	4483041980	4483041980	1	13	13	0.01
L	3699412395	3699412395	1	13	13	0.01
L	3700654603	3700654603	1	13	13	0.01
L	2556639210	2556639210	1	13	13	0.01
L	3671692940	3671692940	1	13	13	0.01
L	2558767807	2558767807	1	13	13	0.01
L	3652123180	3652123180	1	13	13	0.01
L	3652783957	3652783957	1	13	13	0.01
L	3730907219	3730907219	1	13	13	0.01
L	3649396605	3649396605	1	13	13	0.01
L	3650677308	3650677308	1	13	13	0.01
L	3679489051	3679489051	1	13	13	0.01
L	2510366402	2510366402	1	13	13	0.01
L	3703788666	3703788666	1	13	13	0.01
L	3672709516	3672709516	1	13	13	0.01
L	3918894380	3918894380	1	13	13	0.01
L	3918169757	3918169757	1	13	13	0.01
L	4772147366	4772147366	1	14	14	0.01
L	2782372372	2782372372	1	14	14	0.01
L	2782704839	2782704839	1	14	14	0.01
L	2441005876	2441005876	1	14	14	0.01
L	105377447	105377447	1	14	14	0.01
L	1157943661	1157943661	1	14	14	0.01
L	2073578935	2073578935	1	14	14	0.01
L	2134732704	2134732704	1	14	14	0.01
L	2134596688	2134596688	1	14	14	0.01
L	1284431262	1284431262	1	14	14	0.01
L	165667709	165667709	1	14	14	0.01
L	3621455358	3621455358	1	14	14	0.01
L	4786781766	4786781766	1	14	14	0.01
L	15064209	15064209	1	14	14	0.01
L	2608449720	2608449720	1	14	14	0.01
L	130766967	130766967	1	14	14	0.01
L	4828707707	4828707707	1	14	14	0.01
L	4814550565	4814550565	1	14	14	0.01
L	2774740971	2774740971	1	14	14	0.01
L	2559809452	2559809452	1	14	14	0.01
L	2770061488	2770061488	1	14	14	0.01
L	4766766442	4766766442	1	14	14	0.01
L	4766811161	4766811161	1	14	14	0.01
L	2776348041	2776348041	1	14	14	0.01
L	2066809753	2066809753	1	14	14	0.01
L	2777169473	2777169473	1	14	14	0.01
L	2778095237	2778095237	1	14	14	0.01
L	4841857655	4841857655	1	14	14	0.01
L	4841764573	4841764573	1	14	14	0.01
L	2750506136	2750506136	1	14	14	0.01
L	2065467876	2065467876	1	14	14	0.01
L	4807991756	4807991756	1	14	14	0.01
L	4808743017	4808743017	1	14	14	0.01
L	4328215175	4328215175	1	14	14	0.01
L	2746727759	2746727759	1	14	14	0.01
L	2777867924	2777867924	1	14	14	0.01
L	1848979781	1848979781	1	14	14	0.01
L	2778236243	2778236243	1	14	14	0.01
L	532571281	532571281	1	15	15	0.01
L	565894124	565894124	1	15	15	0.01
L	3408108063	3408108063	1	15	15	0.01
L	3449750162	3449750162	1	15	15	0.01
L	3355572585	3355572585	1	15	15	0.01
L	3355517055	3355517055	1	15	15	0.01
L	3355277455	3355277455	1	15	15	0.01
L	620075158	620075158	1	15	15	0.01
L	3354206022	3354206022	1	15	15	0.01
L	4359315396	4359315396	1	15	15	0.01
L	4359412430	4359412430	1	15	15	0.01
L	3379377143	3379377143	1	15	15	0.01
L	4357499878	4357499878	1	15	15	0.01
L	4361202477	4361202477	1	15	15	0.01
L	3348976429	3348976429	1	15	15	0.01
L	4258508708	4258508708	1	15	15	0.01
L	4340225528	4340225528	1	15	15	0.01
L	4264215147	4264215147	1	15	15	0.01
L	3347483063	3347483063	1	15	15	0.01
L	3353641121	3353641121	1	15	15	0.01
L	3402975317	3402975317	1	15	15	0.01
L	3403011010	3403011010	1	15	15	0.01
L	905171144	905171144	1	15	15	0.01
L	3407870602	3407870602	1	15	15	0.01
L	3401691035	3401691035	1	15	15	0.01
L	3414817521	3414817521	1	15	15	0.01
L	4387423670	4387423670	1	15	15	0.01
L	3400872200	3400872200	1	15	15	0.01
L	192673269	192673269	1	15	15	0.01
L	3425835535	3425835535	1	15	15	0.01
L	3425635421	3425635421	1	15	15	0.01
L	170353817	170353817	1	15	15	0.01
L	3428678533	3428678533	1	15	15	0.01
L	168661626	168661626	1	15	15	0.01
L	167776451	167776451	1	15	15	0.01
L	4351990627	4351990627	1	15	15	0.01
L	4344920578	4344920578	1	15	15	0.01
L	4344178828	4344178828	1	15	15	0.01
L	3361331901	3361331901	1	15	15	0.01
L	4258424194	4258424194	1	15	15	0.01
L	3355482858	3355482858	1	15	15	0.01
L	3351929767	3351929767	1	15	15	0.01
L	3354862016	3354862016	1	15	15	0.01
L	4362148097	4362148097	1	15	15	0.01
L	4363535234	4363535234	1	15	15	0.01
L	3432396381	3432396381	1	15	15	0.01
L	4365174866	4365174866	1	15	15	0.01
L	1471541553	1471541553	1	16	16	0.01
L	1415156715	1415156715	1	16	16	0.01
L	1469569669	1469569669	1	16	16	0.01
L	1526137924	1526137924	1	16	16	0.01
L	655037577	655037577	1	16	16	0.01
L	654810862	654810862	1	16	16	0.01
L	659775692	659775692	1	16	16	0.01
L	1472828424	1472828424	1	16	16	0.01
L	1471930644	1471930644	1	16	16	0.01
L	1471945995	1471945995	1	16	16	0.01
L	1411243116	1411243116	1	16	16	0.01
L	734419146	734419146	1	16	16	0.01
L	733962090	733962090	1	16	16	0.01
L	669387676	669387676	1	16	16	0.01
L	670007248	670007248	1	16	16	0.01
L	626234758	626234758	1	16	16	0.01
L	1479209432	1479209432	1	16	16	0.01
L	1417964262	1417964262	1	16	16	0.01
L	725415418	725415418	1	16	16	0.01
L	1422445416	1422445416	1	16	16	0.01
L	1422369359	1422369359	1	16	16	0.01
L	1520648772	1520648772	1	16	16	0.01
L	725468322	725468322	1	16	16	0.01
L	1519852773	1519852773	1	16	16	0.01
L	321595341	321595341	1	16	16	0.01
L	669059488	669059488	1	16	16	0.01
L	668870577	668870577	1	16	16	0.01
L	1469372227	1469372227	1	16	16	0.01
L	1469333703	1469333703	1	16	16	0.01
L	626112738	626112738	1	16	16	0.01
L	800131322	800131322	1	16	16	0.01
L	2946694102	2946694102	1	16	16	0.01
L	2982453035	2982453035	1	16	16	0.01
L	2925785362	2925785362	1	16	16	0.01
L	3170194605	3170194605	1	16	16	0.01
L	2902282353	2902282353	1	16	16	0.01
L	2902337836	2902337836	1	16	16	0.01
L	3044242698	3044242698	1	16	16	0.01
L	3020807021	3020807021	1	16	16	0.01
L	3021537025	3021537025	1	16	16	0.01
L	3080010293	3080010293	1	16	16	0.01
L	3211838900	3211838900	1	16	16	0.01
L	1276182635	1276182635	1	16	16	0.01
L	3034580754	3034580754	1	16	16	0.01
L	2178107359	2178107359	1	16	16	0.01
L	3129636338	3129636338	1	16	16	0.01
L	3198472440	3198472440	1	16	16	0.01
L	3198513197	3198513197	1	16	16	0.01
L	3098376164	3098376164	1	16	16	0.01
L	3039776205	3039776205	1	16	16	0.01
L	3137283212	3137283212	1	16	16	0.01
L	3150701249	3150701249	1	16	16	0.01
L	1206712470	1206712470	1	16	16	0.01
L	3207220085	3207220085	1	16	16	0.01
L	2916135424	2916135424	1	16	16	0.01
L	1431322079	1431322079	1	17	17	0.01
L	1386121620	1386121620	1	17	17	0.01
L	1393298954	1393298954	1	17	17	0.01
L	3602976138	3602976138	1	17	17	0.01
L	133402264	133402264	1	17	17	0.01
L	1406242705	1406242705	1	17	17	0.01
L	4897429199	4897429199	1	17	17	0.01
L	1426981511	1426981511	1	17	17	0.01
L	1405381748	1405381748	1	17	17	0.01
L	4895683366	4895683366	1	17	17	0.01
L	734716135	734716135	1	17	17	0.01
L	1401795179	1401795179	1	17	17	0.01
L	4964192794	4964192794	1	17	17	0.01
L	4866101553	4866101553	1	17	17	0.01
L	4922298621	4922298621	1	17	17	0.01
L	4870047070	4870047070	1	17	17	0.01
L	1446077798	1446077798	1	17	17	0.01
L	4974237466	4974237466	1	17	17	0.01
L	4933631546	4933631546	1	17	17	0.01
L	1528707376	1528707376	1	17	17	0.01
L	4967147720	4967147720	1	17	17	0.01
L	4942156512	4942156512	1	17	17	0.01
L	4944177975	4944177975	1	17	17	0.01
L	1428018549	1428018549	1	17	17	0.01
L	4876983654	4876983654	1	17	17	0.01
L	4945163894	4945163894	1	17	17	0.01
L	4945119296	4945119296	1	17	17	0.01
L	4968333538	4968333538	1	17	17	0.01
L	1405756038	1405756038	1	17	17	0.01
L	2117738498	2117738498	1	17	17	0.01
L	2117648228	2117648228	1	17	17	0.01
L	2114886025	2114886025	1	17	17	0.01
L	2037914262	2037914262	1	17	17	0.01
L	2037659824	2037659824	1	17	17	0.01
L	2289206532	2289206532	1	17	17	0.01
L	2158653162	2158653162	1	17	17	0.01
L	2711773179	2711773179	1	17	17	0.01
L	2113004915	2113004915	1	17	17	0.01
L	2192876569	2192876569	1	17	17	0.01
L	1213139019	1213139019	1	17	17	0.01
L	2116616731	2116616731	1	17	17	0.01
L	2789605702	2789605702	1	17	17	0.01
L	2125208775	2125208775	1	17	17	0.01
L	2125103079	2125103079	1	17	17	0.01
L	2124969250	2124969250	1	17	17	0.01
L	2124485162	2124485162	1	17	17	0.01
L	2033607396	2033607396	1	17	17	0.01
L	2720408663	2720408663	1	17	17	0.01
L	2060244524	2060244524	1	17	17	0.01
L	2127401676	2127401676	1	17	17	0.01
L	2064114320	2064114320	1	17	17	0.01
L	2063971053	2063971053	1	17	17	0.01
L	2049713793	2049713793	1	17	17	0.01
L	2049767482	2049767482	1	17	17	0.01
L	2049835457	2049835457	1	17	17	0.01
L	4479015444	4479015444	1	18	18	0.01
L	509744018	509744018	1	18	18	0.01
L	5139921415	5139921415	1	18	18	0.01
L	479499914	479499914	1	18	18	0.01
L	3252585153	3252585153	1	18	18	0.01
L	3250611549	3250611549	1	18	18	0.01
L	2927377603	2927377603	1	18	18	0.01
L	306618747	306618747	1	18	18	0.01
L	4442719772	4442719772	1	18	18	0.01
L	4578355825	4578355825	1	18	18	0.01
L	352763902	352763902	1	18	18	0.01
L	4509683453	4509683453	1	18	18	0.01
L	3218485390	3218485390	1	18	18	0.01
L	686929471	686929471	1	18	18	0.01
L	3435952565	3435952565	1	18	18	0.01
L	4503278478	4503278478	1	18	18	0.01
L	692333651	692333651	1	18	18	0.01
L	329066254	329066254	1	18	18	0.01
L	334964651	334964651	1	18	18	0.01
L	320613459	320613459	1	18	18	0.01
L	4500418699	4500418699	1	18	18	0.01
L	4499633520	4499633520	1	18	18	0.01
L	357289344	357289344	1	18	18	0.01
L	4520248214	4520248214	1	18	18	0.01
L	4518169446	4518169446	1	18	18	0.01
L	4518106461	4518106461	1	18	18	0.01
L	373403795	373403795	1	18	18	0.01
L	681303630	681303630	1	18	18	0.01
L	4496474004	4496474004	1	18	18	0.01
L	3428931093	3428931093	1	19	19	0.01
L	4660602068	4660602068	1	19	19	0.01
L	4664217911	4664217911	1	19	19	0.01
L	1522798337	1522798337	1	19	19	0.01
L	4754806947	4754806947	1	19	19	0.01
L	2794700849	2794700849	1	19	19	0.01
L	4698455820	4698455820	1	19	19	0.01
L	5016339564	5016339564	1	19	19	0.01
L	2795920800	2795920800	1	19	19	0.01
L	5055970217	5055970217	1	19	19	0.01
L	5083992950	5083992950	1	19	19	0.01
L	4758021039	4758021039	1	19	19	0.01
L	5062943606	5062943606	1	19	19	0.01
L	4690897263	4690897263	1	19	19	0.01
L	4693289512	4693289512	1	19	19	0.01
L	4693194832	4693194832	1	19	19	0.01
L	5063025934	5063025934	1	19	19	0.01
L	2797095705	2797095705	1	19	19	0.01
L	2802909354	2802909354	1	19	19	0.01
L	2798670099	2798670099	1	19	19	0.01
L	2799042446	2799042446	1	19	19	0.01
L	2796729478	2796729478	1	19	19	0.01
L	787192963	787192963	1	19	19	0.01
L	2839469789	2839469789	1	19	19	0.01
L	4694066001	4694066001	1	19	19	0.01
L	2857602180	2857602180	1	19	19	0.01
L	5063587817	5063587817	1	19	19	0.01
L	2797664614	2797664614	1	19	19	0.01
L	4742980674	4742980674	1	19	19	0.01
L	4676245540	4676245540	1	19	19	0.01
L	373870167	373870167	1	20	20	0.01
L	1476226680	1476226680	1	20	20	0.01
L	644679172	644679172	1	20	20	0.01
L	4756130332	4756130332	1	20	20	0.01
L	4756187628	4756187628	1	20	20	0.01
L	5013358607	5013358607	1	20	20	0.01
L	2808793333	2808793333	1	20	20	0.01
L	2810499661	2810499661	1	20	20	0.01
L	5062759648	5062759648	1	20	20	0.01
L	4306571609	4306571609	1	20	20	0.01
L	1478883645	1478883645	1	20	20	0.01
L	703564450	703564450	1	20	20	0.01
L	705107515	705107515	1	20	20	0.01
L	700701288	700701288	1	20	20	0.01
L	700378903	700378903	1	20	20	0.01
L	640559105	640559105	1	20	20	0.01
L	640603320	640603320	1	20	20	0.01
L	641343995	641343995	1	20	20	0.01
L	642677172	642677172	1	20	20	0.01
L	1460709703	1460709703	1	20	20	0.01
L	1463540058	1463540058	1	20	20	0.01
L	1463475437	1463475437	1	20	20	0.01
L	1477753646	1477753646	1	20	20	0.01
L	1467363575	1467363575	1	20	20	0.01
L	715488831	715488831	1	20	20	0.01
L	1515841215	1515841215	1	20	20	0.01
L	755264592	755264592	1	20	20	0.01
L	1463803112	1463803112	1	20	20	0.01
L	1457523062	1457523062	1	20	20	0.01
L	1509114593	1509114593	1	20	20	0.01
L	699106328	699106328	1	20	20	0.01
L	786217088	786217088	1	20	20	0.01
L	1371113164	1371113164	1	20	20	0.01
L	1424095149	1424095149	1	20	20	0.01
L	1519526538	1519526538	1	20	20	0.01
L	773377875	773377875	1	21	21	0.01
L	1558942846	1558942846	1	21	21	0.01
L	766109916	766109916	1	21	21	0.01
L	1675781994	1675781994	1	21	21	0.01
L	1378918357	1378918357	1	21	21	0.01
L	1352269633	1352269633	1	21	21	0.01
L	1352234221	1352234221	1	21	21	0.01
L	1369570912	1369570912	1	21	21	0.01
L	638803901	638803901	1	21	21	0.01
L	639823850	639823850	1	21	21	0.01
L	798957885	798957885	1	21	21	0.01
L	639630445	639630445	1	21	21	0.01
L	1347840664	1347840664	1	21	21	0.01
L	1550341804	1550341804	1	21	21	0.01
L	651942720	651942720	1	21	21	0.01
L	652050986	652050986	1	21	21	0.01
L	1347705582	1347705582	1	21	21	0.01
L	1424193127	1424193127	1	21	21	0.01
L	1859176578	1859176578	1	22	22	0.01
L	4282773218	4282773218	1	22	22	0.01
L	1922859238	1922859238	1	22	22	0.01
L	4282082990	4282082990	1	22	22	0.01
L	4308092240	4308092240	1	22	22	0.01
L	1967980192	1967980192	1	22	22	0.01
L	58082700	58082700	1	22	22	0.01
L	1962212271	1962212271	1	22	22	0.01
L	1967647472	1967647472	1	22	22	0.01
L	1967756952	1967756952	1	22	22	0.01
L	1851074153	1851074153	1	22	22	0.01
L	140968109	140968109	1	22	22	0.01
L	1942450358	1942450358	1	22	22	0.01
L	1883163207	1883163207	1	22	22	0.01
L	1889062333	1889062333	1	22	22	0.01
L	4352254802	4352254802	1	22	22	0.01
L	1890257681	1890257681	1	22	22	0.01
L	4399211083	4399211083	1	22	22	0.01
L	1945265894	1945265894	1	22	22	0.01
L	152567563	152567563	1	22	22	0.01
L	158967436	158967436	1	22	22	0.01
L	156846819	156846819	1	22	22	0.01
L	1912119058	1912119058	1	22	22	0.01
L	3873739358	3873739358	1	23	23	0.01
L	3873683315	3873683315	1	23	23	0.01
L	456929051	456929051	1	23	23	0.01
L	3711491798	3711491798	1	23	23	0.01
L	2587087483	2587087483	1	23	23	0.01
L	3713369274	3713369274	1	23	23	0.01
L	3874432736	3874432736	1	23	23	0.01
L	3874526229	3874526229	1	23	23	0.01
L	903636180	903636180	1	23	23	0.01
L	1352323191	1352323191	1	23	23	0.01
L	2764164661	2764164661	1	23	23	0.01
L	2761441197	2761441197	1	23	23	0.01
L	418326635	418326635	1	23	23	0.01
L	504920520	504920520	1	23	23	0.01
L	3853283573	3853283573	1	23	23	0.01
L	494183639	494183639	1	23	23	0.01
L	3685152360	3685152360	1	23	23	0.01
L	2654812610	2654812610	1	23	23	0.01
L	958903765	958903765	1	24	24	0.01
L	998565065	998565065	1	24	24	0.01
L	943475543	943475543	1	24	24	0.01
L	1002818186	1002818186	1	24	24	0.01
L	959259694	959259694	1	24	24	0.01
L	1603481314	1603481314	1	25	25	0.01
L	373442787	373442787	1	25	25	0.01
L	908906718	908906718	1	25	25	0.01
L	102229920	102229920	1	25	25	0.01
L	5051374846	5051374846	1	25	25	0.01
L	5053400009	5053400009	1	25	25	0.01
L	3371933691	3371933691	1	25	25	0.01
L	3376146559	3376146559	1	25	25	0.01
L	1619666665	1619666665	1	25	25	0.01
L	1608902818	1608902818	1	25	25	0.01
L	1293321968	1293321968	1	25	25	0.01
L	1273662733	1273662733	1	25	25	0.01
L	1707722587	1707722587	1	25	25	0.01
L	1119763150	1119763150	1	25	25	0.01
L	1620118610	1620118610	1	25	25	0.01
L	1620867760	1620867760	1	25	25	0.01
L	1137389991	1137389991	1	25	25	0.01
L	1119667555	1119667555	1	25	25	0.01
L	1775442846	1775442846	1	25	25	0.01
L	1775113303	1775113303	1	25	25	0.01
L	1183515962	1183515962	1	25	25	0.01
L	1664380636	1664380636	1	25	25	0.01
L	1710605716	1710605716	1	25	25	0.01
L	1709844064	1709844064	1	25	25	0.01
L	1769934913	1769934913	1	25	25	0.01
L	1253529604	1253529604	1	25	25	0.01
L	1143261048	1143261048	1	25	25	0.01
L	1184143709	1184143709	1	25	25	0.01
L	1585189856	1585189856	1	25	25	0.01
L	1621017063	1621017063	1	25	25	0.01
L	1711591485	1711591485	1	25	25	0.01
L	3153321885	3153321885	1	26	26	0.01
L	4517214007	4517214007	1	26	26	0.01
L	312316899	312316899	1	26	26	0.01
L	2840067786	2840067786	1	26	26	0.01
L	3246617464	3246617464	1	26	26	0.01
L	3564839057	3564839057	1	26	26	0.01
L	4525811676	4525811676	1	26	26	0.01
L	3220761927	3220761927	1	26	26	0.01
L	3219758068	3219758068	1	26	26	0.01
L	2993641506	2993641506	1	26	26	0.01
L	2995448596	2995448596	1	26	26	0.01
L	4489824589	4489824589	1	26	26	0.01
L	2789981581	2789981581	1	27	27	0.01
L	2168112292	2168112292	1	27	27	0.01
L	2168051334	2168051334	1	27	27	0.01
L	2167369319	2167369319	1	27	27	0.01
L	2169348669	2169348669	1	27	27	0.01
L	2112113787	2112113787	1	27	27	0.01
L	1991778396	1991778396	1	27	27	0.01
L	1988117470	1988117470	1	27	27	0.01
L	198541270	198541270	1	27	27	0.01
L	1978914786	1978914786	1	27	27	0.01
L	1972493488	1972493488	1	27	27	0.01
L	1946838971	1946838971	1	27	27	0.01
L	1980024743	1980024743	1	27	27	0.01
L	1980772313	1980772313	1	27	27	0.01
L	4944879976	4944879976	1	27	27	0.01
L	4862595162	4862595162	1	27	27	0.01
L	1499145184	1499145184	1	27	27	0.01
L	4895590097	4895590097	1	27	27	0.01
L	1404023128	1404023128	1	27	27	0.01
L	2790906682	2790906682	1	28	28	0.01
L	4529708849	4529708849	1	28	28	0.01
L	4528899993	4528899993	1	28	28	0.01
L	696997624	696997624	1	28	28	0.01
L	433993784	433993784	1	28	28	0.01
L	964400177	964400177	1	28	28	0.01
L	4516735992	4516735992	1	28	28	0.01
L	4516292802	4516292802	1	28	28	0.01
L	3186878284	3186878284	1	28	28	0.01
L	2411049492	2411049492	1	28	28	0.01
L	2318840137	2318840137	1	28	28	0.01
L	3200742828	3200742828	1	28	28	0.01
L	2415420073	2415420073	1	28	28	0.01
L	2324143705	2324143705	1	28	28	0.01
L	2324350612	2324350612	1	28	28	0.01
L	2303288588	2303288588	1	28	28	0.01
L	2297175744	2297175744	1	28	28	0.01
L	2355692909	2355692909	1	28	28	0.01
L	2325625354	2325625354	1	28	28	0.01
1	1	255616683	1	1		1
2	255616684	575965641	1	1		1
3	575965642	837007817	1	1		1
4	837007818	1080787734	1	1		1
5	1080787735	1330445473	1	1		1
6	1330445474	1564630272	1	1		1
7	1564630273	1799217308	1	1		1
8	1799217309	2003214102	1	1		1
9	2003214103	2269692545	1	1		1
10	2269692546	2488864319	1	1		1
11	2488864320	2697817151	1	1		1
12	2697817152	2879032027	1	1		1
13	2879032028	3121153802	1	1		1
14	3121153803	3306859811	1	1		1
15	3306859812	3511685363	1	1		1
16	3511685364	3739990929	1	1		1
17	3739990930	3958788871	1	1		1
18	3958788872	4249199572	1	1		1
19	4249199573	4423868169	1	1		1
21	4423868170	4652754595	1	1		1
22	4652754596	4848808535	1	1		1
23	4848808536	4992319448	1	1		1
24	4992319449	5178571774	1	1		1
