name	start	end	strand	col	fill	lwd
1	1	411808693	1	4	4	0.1
2	411808694	734943315	1	4	4	0.1
3	734943316	1014889412	1	4	4	0.1
4	1014889413	1274581950	1	4	4	0.1
5	1274581951	1521100645	1	4	4	0.1
6	1521100646	1744787423	1	4	4	0.1
7	1744787424	1938834832	1	4	4	0.1
8	1938834833	2117131818	1	4	4	0.1
9	2117131819	2277723166	1	4	4	0.1
10	2277723167	2427155718	1	4	4	0.1
11	2427155719	2567997923	1	4	4	0.1
12	2567997924	2702026774	1	4	4	0.1
13	2702026775	2834315224	1	4	4	0.1
14	2834315225	2964130137	1	4	4	0.1
15	2964130138	3091804878	1	4	4	0.1
16	3091804879	3204567643	1	4	4	0.1
17	3204567644	3313230617	1	4	4	0.1
18	3313230618	3419292355	1	4	4	0.1
19	3419292356	3520963789	1	4	4	0.1
20	3520963790	3620637064	1	4	4	0.1
21	3620637065	3714383789	1	4	4	0.1
22	3714383790	3807734698	1	4	4	0.1
23	3807734699	3897594823	1	4	4	0.1
24	3897594824	3984058414	1	4	4	0.1
25	3984058415	4065580403	1	4	4	0.1
26	4065580404	4145388933	1	4	4	0.1
27	4145388934	4224099271	1	4	4	0.1
28	4224099272	4301744830	1	4	4	0.1
29	4301744831	4375638271	1	4	4	0.1
30	4375638272	4446707558	1	4	4	0.1
31	4446707559	4515414466	1	4	4	0.1
32	4515414467	4581919917	1	4	4	0.1
33	4581919918	4646498717	1	4	4	0.1
34	4646498718	4703564898	1	4	4	0.1
37	4703564899	4751633667	1	4	4	0.1
38	4751633668	4793184625	1	4	4	0.1
39	4793184626	4832418902	1	4	4	0.1
41	4832418903	4867928453	1	4	4	0.1
43	4867928454	4896571897	1	4	4	0.1
44	4896571898	4930816044	1	4	4	0.1
46	4930816045	4949306851	1	4	4	0.1
35	4949306852	5000470453	1	4	4	0.1
42	5000470454	5017617718	1	4	4	0.1
36	5017617719	5067627853	1	4	4	0.1
45	5067627854	5100883441	1	4	4	0.1
47	5100883442	5118062672	1	4	4	0.1
49	5118062673	5126154222	1	4	4	0.1
40	5126154223	5163809992	1	4	4	0.1
48	5163809993	5178571760	1	4	4	0.1
1	1	411808693	1	1	4	0.1
2	411808694	734943315	1	1	4	0.1
3	734943316	1014889412	1	1	4	0.1
4	1014889413	1274581950	1	1	4	0.1
5	1274581951	1521100645	1	1	4	0.1
6	1521100646	1744787423	1	1	4	0.1
7	1744787424	1938834832	1	1	4	0.1
8	1938834833	2117131818	1	1	4	0.1
9	2117131819	2277723166	1	1	4	0.1
10	2277723167	2427155718	1	1	4	0.1
11	2427155719	2567997923	1	1	4	0.1
12	2567997924	2702026774	1	1	4	0.1
13	2702026775	2834315224	1	1	4	0.1
14	2834315225	2964130137	1	1	4	0.1
15	2964130138	3091804878	1	1	4	0.1
16	3091804879	3204567643	1	1	4	0.1
17	3204567644	3313230617	1	1	4	0.1
18	3313230618	3419292355	1	1	4	0.1
19	3419292356	3520963789	1	1	4	0.1
20	3520963790	3620637064	1	1	4	0.1
21	3620637065	3714383789	1	1	4	0.1
22	3714383790	3807734698	1	1	4	0.1
23	3807734699	3897594823	1	1	4	0.1
24	3897594824	3984058414	1	1	4	0.1
25	3984058415	4065580403	1	1	4	0.1
26	4065580404	4145388933	1	1	4	0.1
27	4145388934	4224099271	1	1	4	0.1
28	4224099272	4301744830	1	1	4	0.1
29	4301744831	4375638271	1	1	4	0.1
30	4375638272	4446707558	1	1	4	0.1
31	4446707559	4515414466	1	1	4	0.1
32	4515414467	4581919917	1	1	4	0.1
33	4581919918	4646498717	1	1	4	0.1
34	4646498718	4703564898	1	1	4	0.1
37	4703564899	4751633667	1	1	4	0.1
38	4751633668	4793184625	1	1	4	0.1
39	4793184626	4832418902	1	1	4	0.1
41	4832418903	4867928453	1	1	4	0.1
43	4867928454	4896571897	1	1	4	0.1
44	4896571898	4930816044	1	1	4	0.1
46	4930816045	4949306851	1	1	4	0.1
35	4949306852	5000470453	1	1	4	0.1
42	5000470454	5017617718	1	1	4	0.1
36	5017617719	5067627853	1	1	4	0.1
45	5067627854	5100883441	1	1	4	0.1
47	5100883442	5118062672	1	1	4	0.1
49	5118062673	5126154222	1	1	4	0.1
40	5126154223	5163809992	1	1	4	0.1
48	5163809993	5178571760	1	1	4	0.1
L	4477320781	4477320781	1	6	6	0.01
L	4505299024	4505299024	1	6	6	0.01
L	4505018298	4505018298	1	6	6	0.01
L	4505127688	4505127688	1	6	6	0.01
L	4480483524	4480483524	1	6	6	0.01
L	4497114149	4497114149	1	6	6	0.01
L	4497164046	4497164046	1	6	6	0.01
L	4458304015	4458304015	1	6	6	0.01
L	4458339318	4458339318	1	6	6	0.01
L	4480274277	4480274277	1	6	6	0.01
L	4491880157	4491880157	1	6	6	0.01
L	4492071460	4492071460	1	6	6	0.01
L	4500157077	4500157077	1	6	6	0.01
L	4502117934	4502117934	1	6	6	0.01
L	4470408781	4470408781	1	6	6	0.01
L	4469729852	4469729852	1	6	6	0.01
L	4467818791	4467818791	1	6	6	0.01
L	4487672903	4487672903	1	6	6	0.01
L	4488178456	4488178456	1	6	6	0.01
L	4503977809	4503977809	1	6	6	0.01
L	4503298742	4503298742	1	6	6	0.01
L	4508401627	4508401627	1	6	6	0.01
L	4507167992	4507167992	1	6	6	0.01
L	4506821828	4506821828	1	6	6	0.01
L	4506718443	4506718443	1	6	6	0.01
L	4507536437	4507536437	1	6	6	0.01
L	4491432295	4491432295	1	6	6	0.01
L	4484621023	4484621023	1	6	6	0.01
L	4154046418	4154046418	1	6	6	0.01
L	4154691548	4154691548	1	6	6	0.01
L	4154482606	4154482606	1	6	6	0.01
L	4166868909	4166868909	1	6	6	0.01
L	4168293459	4168293459	1	6	6	0.01
L	4167905217	4167905217	1	6	6	0.01
L	4168380912	4168380912	1	6	6	0.01
L	4168433320	4168433320	1	6	6	0.01
L	4168586695	4168586695	1	6	6	0.01
L	4155068634	4155068634	1	6	6	0.01
L	4149043322	4149043322	1	6	6	0.01
L	4160619484	4160619484	1	6	6	0.01
L	4146767586	4146767586	1	6	6	0.01
L	4176635659	4176635659	1	6	6	0.01
L	4176723782	4176723782	1	6	6	0.01
L	4179153131	4179153131	1	6	6	0.01
L	4175942374	4175942374	1	6	6	0.01
L	4205143704	4205143704	1	6	6	0.01
L	4219235656	4219235656	1	6	6	0.01
L	4219284508	4219284508	1	6	6	0.01
L	4205928842	4205928842	1	6	6	0.01
L	4202123643	4202123643	1	6	6	0.01
L	4201821782	4201821782	1	6	6	0.01
L	2364112389	2364112389	1	6	6	0.01
L	2389840920	2389840920	1	6	6	0.01
L	2389315616	2389315616	1	6	6	0.01
L	2371999509	2371999509	1	6	6	0.01
L	2363543633	2363543633	1	6	6	0.01
L	2377496102	2377496102	1	6	6	0.01
L	2371276900	2371276900	1	6	6	0.01
L	2371324031	2371324031	1	6	6	0.01
L	2371869936	2371869936	1	6	6	0.01
L	2364767371	2364767371	1	6	6	0.01
L	2383537491	2383537491	1	6	6	0.01
L	2383458371	2383458371	1	6	6	0.01
L	2363369127	2363369127	1	6	6	0.01
L	2347608816	2347608816	1	6	6	0.01
L	2306526726	2306526726	1	6	6	0.01
L	2306461747	2306461747	1	6	6	0.01
L	2306413097	2306413097	1	6	6	0.01
L	2306319632	2306319632	1	6	6	0.01
L	2381527795	2381527795	1	6	6	0.01
L	2380956340	2380956340	1	6	6	0.01
L	2349632235	2349632235	1	6	6	0.01
L	2349788689	2349788689	1	6	6	0.01
L	2318381352	2318381352	1	6	6	0.01
L	2319582960	2319582960	1	6	6	0.01
L	2341664790	2341664790	1	6	6	0.01
L	2411464580	2411464580	1	6	6	0.01
L	2417681954	2417681954	1	6	6	0.01
L	2424181664	2424181664	1	6	6	0.01
L	2424231365	2424231365	1	6	6	0.01
L	2424527212	2424527212	1	6	6	0.01
L	2406810389	2406810389	1	6	6	0.01
L	2404959964	2404959964	1	6	6	0.01
L	2400561951	2400561951	1	6	6	0.01
L	2397496220	2397496220	1	6	6	0.01
L	2766100786	2766100786	1	6	6	0.01
L	3385417274	3385417274	1	6	6	0.01
L	3952039017	3952039017	1	6	6	0.01
L	3914840600	3914840600	1	6	6	0.01
L	2959920655	2959920655	1	6	6	0.01
L	2959742382	2959742382	1	6	6	0.01
L	2958771474	2958771474	1	6	6	0.01
L	2309067103	2309067103	1	6	6	0.01
L	2289689572	2289689572	1	6	6	0.01
L	2908881627	2908881627	1	6	6	0.01
L	2901570490	2901570490	1	6	6	0.01
L	2318185924	2318185924	1	6	6	0.01
L	2316961524	2316961524	1	6	6	0.01
L	2305372643	2305372643	1	6	6	0.01
L	2331087558	2331087558	1	6	6	0.01
L	2309773042	2309773042	1	6	6	0.01
L	2310640854	2310640854	1	6	6	0.01
L	2310760613	2310760613	1	6	6	0.01
L	2311124250	2311124250	1	6	6	0.01
L	2300642621	2300642621	1	6	6	0.01
L	2300220316	2300220316	1	6	6	0.01
L	3975161964	3975161964	1	6	6	0.01
L	3963894008	3963894008	1	6	6	0.01
L	3963489452	3963489452	1	6	6	0.01
L	3979478668	3979478668	1	6	6	0.01
L	1977886626	1977886626	1	6	6	0.01
L	1978310586	1978310586	1	6	6	0.01
L	1978568177	1978568177	1	6	6	0.01
L	1979065106	1979065106	1	6	6	0.01
L	1982753281	1982753281	1	6	6	0.01
L	1975541336	1975541336	1	6	6	0.01
L	1301893149	1301893149	1	6	6	0.01
L	464750078	464750078	1	6	6	0.01
L	1476375125	1476375125	1	6	6	0.01
L	2050309469	2050309469	1	6	6	0.01
L	1475720570	1475720570	1	6	6	0.01
L	1471089533	1471089533	1	6	6	0.01
L	1469557398	1469557398	1	6	6	0.01
L	1472695356	1472695356	1	6	6	0.01
L	1472473113	1472473113	1	6	6	0.01
L	2045739966	2045739966	1	6	6	0.01
L	2049802473	2049802473	1	6	6	0.01
L	1462231094	1462231094	1	7	7	0.01
L	1452705172	1452705172	1	7	7	0.01
L	1452743929	1452743929	1	7	7	0.01
L	1449252800	1449252800	1	7	7	0.01
L	1447349081	1447349081	1	7	7	0.01
L	4169477330	4169477330	1	7	7	0.01
L	1446368229	1446368229	1	7	7	0.01
L	1435175957	1435175957	1	7	7	0.01
L	1290439559	1290439559	1	7	7	0.01
L	4861452202	4861452202	1	7	7	0.01
L	2017336994	2017336994	1	7	7	0.01
L	2006656200	2006656200	1	7	7	0.01
L	2006800035	2006800035	1	7	7	0.01
L	2006921123	2006921123	1	7	7	0.01
L	2008149729	2008149729	1	7	7	0.01
L	2012368824	2012368824	1	7	7	0.01
L	1968120780	1968120780	1	7	7	0.01
L	1965046880	1965046880	1	7	7	0.01
L	2106559353	2106559353	1	7	7	0.01
L	3417406288	3417406288	1	7	7	0.01
L	2107896303	2107896303	1	7	7	0.01
L	2108272677	2108272677	1	7	7	0.01
L	2112741336	2112741336	1	7	7	0.01
L	3914361122	3914361122	1	7	7	0.01
L	4896952217	4896952217	1	7	7	0.01
L	385096451	385096451	1	7	7	0.01
L	357734756	357734756	1	7	7	0.01
L	358548395	358548395	1	7	7	0.01
L	373129137	373129137	1	7	7	0.01
L	1717434404	1717434404	1	7	7	0.01
L	1604590502	1604590502	1	7	7	0.01
L	1607461696	1607461696	1	7	7	0.01
L	1607554860	1607554860	1	7	7	0.01
L	1611240669	1611240669	1	7	7	0.01
L	1611500776	1611500776	1	7	7	0.01
L	1613224680	1613224680	1	7	7	0.01
L	1613882320	1613882320	1	7	7	0.01
L	1871693202	1871693202	1	7	7	0.01
L	1874902980	1874902980	1	7	7	0.01
L	1876201152	1876201152	1	7	7	0.01
L	1876402939	1876402939	1	7	7	0.01
L	1898361508	1898361508	1	7	7	0.01
L	1901726055	1901726055	1	7	7	0.01
L	1808878742	1808878742	1	7	7	0.01
L	4930817265	4930817265	1	7	7	0.01
L	1798558035	1798558035	1	7	7	0.01
L	1796940858	1796940858	1	7	7	0.01
L	1796241267	1796241267	1	7	7	0.01
L	1794582365	1794582365	1	7	7	0.01
L	1786176144	1786176144	1	7	7	0.01
L	1780863797	1780863797	1	7	7	0.01
L	1780585377	1780585377	1	7	7	0.01
L	1778951226	1778951226	1	7	7	0.01
L	2649868940	2649868940	1	7	7	0.01
L	1766561668	1766561668	1	7	7	0.01
L	1853853012	1853853012	1	7	7	0.01
L	1828145471	1828145471	1	7	7	0.01
L	1854969489	1854969489	1	7	7	0.01
L	1838946553	1838946553	1	7	7	0.01
L	1843973795	1843973795	1	7	7	0.01
L	1842693851	1842693851	1	7	7	0.01
L	1755416465	1755416465	1	7	7	0.01
L	1824790055	1824790055	1	7	7	0.01
L	1836127205	1836127205	1	7	7	0.01
L	1938288557	1938288557	1	7	7	0.01
L	1925688533	1925688533	1	7	7	0.01
L	2714051512	2714051512	1	7	7	0.01
L	2800782904	2800782904	1	7	7	0.01
L	2703800636	2703800636	1	7	7	0.01
L	2767631943	2767631943	1	7	7	0.01
L	3345624384	3345624384	1	8	8	0.01
L	3353809683	3353809683	1	8	8	0.01
L	3359169063	3359169063	1	8	8	0.01
L	3388847249	3388847249	1	8	8	0.01
L	3398322829	3398322829	1	8	8	0.01
L	3368932946	3368932946	1	8	8	0.01
L	3368966043	3368966043	1	8	8	0.01
L	3357176889	3357176889	1	8	8	0.01
L	722716465	722716465	1	8	8	0.01
L	722481286	722481286	1	8	8	0.01
L	617790134	617790134	1	8	8	0.01
L	532323841	532323841	1	8	8	0.01
L	1223695192	1223695192	1	8	8	0.01
L	1250340821	1250340821	1	8	8	0.01
L	466390492	466390492	1	8	8	0.01
L	678535018	678535018	1	8	8	0.01
L	562457926	562457926	1	8	8	0.01
L	1262903288	1262903288	1	8	8	0.01
L	3390153726	3390153726	1	8	8	0.01
L	3376983104	3376983104	1	8	8	0.01
L	3375739020	3375739020	1	8	8	0.01
L	3364744663	3364744663	1	8	8	0.01
L	3381160303	3381160303	1	8	8	0.01
L	3377482209	3377482209	1	8	8	0.01
L	3367246477	3367246477	1	8	8	0.01
L	3318940842	3318940842	1	8	8	0.01
L	3326208138	3326208138	1	8	8	0.01
L	3326356776	3326356776	1	8	8	0.01
L	3330030448	3330030448	1	8	8	0.01
L	3333209137	3333209137	1	8	8	0.01
L	2869712722	2869712722	1	8	8	0.01
L	2869539538	2869539538	1	8	8	0.01
L	2868169112	2868169112	1	8	8	0.01
L	2911858759	2911858759	1	8	8	0.01
L	673206525	673206525	1	8	8	0.01
L	2870596886	2870596886	1	8	8	0.01
L	2874075607	2874075607	1	8	8	0.01
L	2874284572	2874284572	1	8	8	0.01
L	625332543	625332543	1	8	8	0.01
L	2896899809	2896899809	1	8	8	0.01
L	2902993568	2902993568	1	8	8	0.01
L	2903042950	2903042950	1	8	8	0.01
L	2938007467	2938007467	1	8	8	0.01
L	2937731442	2937731442	1	8	8	0.01
L	2914167257	2914167257	1	8	8	0.01
L	3851880968	3851880968	1	8	8	0.01
L	2954517046	2954517046	1	8	8	0.01
L	2956024140	2956024140	1	8	8	0.01
L	2955857961	2955857961	1	8	8	0.01
L	2956288412	2956288412	1	8	8	0.01
L	1920641198	1920641198	1	8	8	0.01
L	458582299	458582299	1	8	8	0.01
L	3133163349	3133163349	1	8	8	0.01
L	3371384198	3371384198	1	8	8	0.01
L	3370329965	3370329965	1	8	8	0.01
L	3374700544	3374700544	1	8	8	0.01
L	668603291	668603291	1	8	8	0.01
L	668661039	668661039	1	8	8	0.01
L	2863482595	2863482595	1	8	8	0.01
L	2710739368	2710739368	1	8	8	0.01
L	2787655753	2787655753	1	8	8	0.01
L	2781637141	2781637141	1	8	8	0.01
L	2727003867	2727003867	1	8	8	0.01
L	2717577684	2717577684	1	8	8	0.01
L	2720617644	2720617644	1	8	8	0.01
L	2726177554	2726177554	1	8	8	0.01
L	2804895975	2804895975	1	8	8	0.01
L	2779159598	2779159598	1	8	8	0.01
L	2779722001	2779722001	1	8	8	0.01
L	2821822062	2821822062	1	8	8	0.01
L	2826000700	2826000700	1	8	8	0.01
L	2826687278	2826687278	1	8	8	0.01
L	2778240468	2778240468	1	8	8	0.01
L	1751035920	1751035920	1	8	8	0.01
L	2800422182	2800422182	1	8	8	0.01
L	2773907187	2773907187	1	8	8	0.01
L	2737841709	2737841709	1	8	8	0.01
L	2738861000	2738861000	1	8	8	0.01
L	2739113814	2739113814	1	8	8	0.01
L	2767259133	2767259133	1	8	8	0.01
L	2807629059	2807629059	1	8	8	0.01
L	352938743	352938743	1	9	9	0.01
L	935913923	935913923	1	9	9	0.01
L	935801256	935801256	1	9	9	0.01
L	935529019	935529019	1	9	9	0.01
L	935232099	935232099	1	9	9	0.01
L	64736641	64736641	1	9	9	0.01
L	64673619	64673619	1	9	9	0.01
L	178540907	178540907	1	9	9	0.01
L	214067985	214067985	1	9	9	0.01
L	214443464	214443464	1	9	9	0.01
L	215674857	215674857	1	9	9	0.01
L	219118034	219118034	1	9	9	0.01
L	219400736	219400736	1	9	9	0.01
L	229327393	229327393	1	9	9	0.01
L	229490157	229490157	1	9	9	0.01
L	230690043	230690043	1	9	9	0.01
L	230816198	230816198	1	9	9	0.01
L	235157841	235157841	1	9	9	0.01
L	236765902	236765902	1	9	9	0.01
L	74853910	74853910	1	9	9	0.01
L	4509606116	4509606116	1	9	9	0.01
L	861827639	861827639	1	9	9	0.01
L	68741170	68741170	1	9	9	0.01
L	163239374	163239374	1	9	9	0.01
L	132163958	132163958	1	9	9	0.01
L	73721218	73721218	1	9	9	0.01
L	870823243	870823243	1	9	9	0.01
L	118756375	118756375	1	9	9	0.01
L	136947361	136947361	1	9	9	0.01
L	141796788	141796788	1	9	9	0.01
L	17296509	17296509	1	9	9	0.01
L	5698463	5698463	1	9	9	0.01
L	96152456	96152456	1	9	9	0.01
L	2927176	2927176	1	9	9	0.01
L	31092801	31092801	1	9	9	0.01
L	27863312	27863312	1	9	9	0.01
L	34986498	34986498	1	9	9	0.01
L	60113901	60113901	1	9	9	0.01
L	4299744041	4299744041	1	9	9	0.01
L	926177820	926177820	1	9	9	0.01
L	1001190900	1001190900	1	9	9	0.01
L	50208418	50208418	1	9	9	0.01
L	967859415	967859415	1	9	9	0.01
L	717552102	717552102	1	10	10	0.01
L	590350389	590350389	1	10	10	0.01
L	552225090	552225090	1	10	10	0.01
L	551619033	551619033	1	10	10	0.01
L	551262099	551262099	1	10	10	0.01
L	551208784	551208784	1	10	10	0.01
L	459121878	459121878	1	10	10	0.01
L	561890372	561890372	1	10	10	0.01
L	678823583	678823583	1	10	10	0.01
L	674316356	674316356	1	10	10	0.01
L	569159415	569159415	1	10	10	0.01
L	959786821	959786821	1	10	10	0.01
L	281416380	281416380	1	10	10	0.01
L	271599190	271599190	1	10	10	0.01
L	265971338	265971338	1	10	10	0.01
L	260600670	260600670	1	10	10	0.01
L	258551253	258551253	1	10	10	0.01
L	254497169	254497169	1	10	10	0.01
L	986339893	986339893	1	10	10	0.01
L	983798161	983798161	1	10	10	0.01
L	981681539	981681539	1	10	10	0.01
L	976087613	976087613	1	10	10	0.01
L	972439074	972439074	1	10	10	0.01
L	972015423	972015423	1	10	10	0.01
L	751459487	751459487	1	10	10	0.01
L	782152751	782152751	1	10	10	0.01
L	782554497	782554497	1	10	10	0.01
L	785045566	785045566	1	10	10	0.01
L	791497520	791497520	1	10	10	0.01
L	794516400	794516400	1	10	10	0.01
L	802027154	802027154	1	10	10	0.01
L	2531056206	2531056206	1	10	10	0.01
L	2451134849	2451134849	1	10	10	0.01
L	2451559955	2451559955	1	10	10	0.01
L	2499213992	2499213992	1	10	10	0.01
L	2512787362	2512787362	1	10	10	0.01
L	2513279345	2513279345	1	10	10	0.01
L	2532816284	2532816284	1	10	10	0.01
L	2480625646	2480625646	1	10	10	0.01
L	2489314325	2489314325	1	10	10	0.01
L	2430867341	2430867341	1	10	10	0.01
L	2511273173	2511273173	1	10	10	0.01
L	2512151806	2512151806	1	10	10	0.01
L	2512607737	2512607737	1	10	10	0.01
L	2548694946	2548694946	1	10	10	0.01
L	2547967926	2547967926	1	10	10	0.01
L	2439356552	2439356552	1	10	10	0.01
L	2508773231	2508773231	1	10	10	0.01
L	2483752611	2483752611	1	10	10	0.01
L	2477260103	2477260103	1	10	10	0.01
L	2506708448	2506708448	1	10	10	0.01
L	2556207767	2556207767	1	10	10	0.01
L	2012794150	2012794150	1	10	10	0.01
L	702154945	702154945	1	5	5	0.01
L	1051245832	1051245832	1	5	5	0.01
L	674639153	674639153	1	5	5	0.01
L	675448948	675448948	1	5	5	0.01
L	666040044	666040044	1	5	5	0.01
L	657681405	657681405	1	5	5	0.01
L	648523633	648523633	1	5	5	0.01
L	648461310	648461310	1	5	5	0.01
L	3920547642	3920547642	1	5	5	0.01
L	1292773072	1292773072	1	5	5	0.01
L	3966273774	3966273774	1	5	5	0.01
L	3975082545	3975082545	1	5	5	0.01
L	1321737343	1321737343	1	5	5	0.01
L	1302994814	1302994814	1	5	5	0.01
L	1401162042	1401162042	1	5	5	0.01
L	4163041587	4163041587	1	5	5	0.01
L	1403562240	1403562240	1	5	5	0.01
L	1310851763	1310851763	1	5	5	0.01
L	1479028420	1479028420	1	5	5	0.01
L	1467623505	1467623505	1	5	5	0.01
L	2025045260	2025045260	1	5	5	0.01
L	2025695852	2025695852	1	5	5	0.01
L	1336663925	1336663925	1	5	5	0.01
L	1337563974	1337563974	1	5	5	0.01
L	1365228354	1365228354	1	5	5	0.01
L	1354151779	1354151779	1	5	5	0.01
L	1353393556	1353393556	1	5	5	0.01
L	1505181395	1505181395	1	5	5	0.01
L	1508055227	1508055227	1	5	5	0.01
L	3694171512	3694171512	1	5	5	0.01
L	1386048692	1386048692	1	5	5	0.01
L	1387157337	1387157337	1	5	5	0.01
L	1392175531	1392175531	1	5	5	0.01
L	1393262605	1393262605	1	5	5	0.01
L	1340350742	1340350742	1	5	5	0.01
L	1341520747	1341520747	1	5	5	0.01
L	2060959327	2060959327	1	5	5	0.01
L	1475858794	1475858794	1	5	5	0.01
L	1476713755	1476713755	1	5	5	0.01
L	2078600902	2078600902	1	5	5	0.01
L	2081631544	2081631544	1	5	5	0.01
L	2082920467	2082920467	1	5	5	0.01
L	1945001361	1945001361	1	5	5	0.01
L	1992258865	1992258865	1	5	5	0.01
L	3756570475	3756570475	1	12	12	0.01
L	3800961307	3800961307	1	12	12	0.01
L	3769360410	3769360410	1	12	12	0.01
L	3769238427	3769238427	1	12	12	0.01
L	3791745365	3791745365	1	12	12	0.01
L	3769150460	3769150460	1	12	12	0.01
L	3798029633	3798029633	1	12	12	0.01
L	3759916460	3759916460	1	12	12	0.01
L	3760092714	3760092714	1	12	12	0.01
L	3760115308	3760115308	1	12	12	0.01
L	3760575545	3760575545	1	12	12	0.01
L	3805188669	3805188669	1	12	12	0.01
L	499291591	499291591	1	12	12	0.01
L	517350883	517350883	1	12	12	0.01
L	517505277	517505277	1	12	12	0.01
L	522670728	522670728	1	12	12	0.01
L	629546766	629546766	1	12	12	0.01
L	629417893	629417893	1	12	12	0.01
L	629206546	629206546	1	12	12	0.01
L	454395462	454395462	1	12	12	0.01
L	450978586	450978586	1	12	12	0.01
L	450144914	450144914	1	12	12	0.01
L	3759452364	3759452364	1	12	12	0.01
L	3681168201	3681168201	1	12	12	0.01
L	3683148253	3683148253	1	12	12	0.01
L	3662403005	3662403005	1	12	12	0.01
L	3419867892	3419867892	1	12	12	0.01
L	3510107709	3510107709	1	12	12	0.01
L	3437902148	3437902148	1	12	12	0.01
L	3439340110	3439340110	1	12	12	0.01
L	3442008998	3442008998	1	12	12	0.01
L	3695226297	3695226297	1	12	12	0.01
L	3697072888	3697072888	1	12	12	0.01
L	3697023919	3697023919	1	12	12	0.01
L	3648200232	3648200232	1	12	12	0.01
L	475286875	475286875	1	12	12	0.01
L	479391324	479391324	1	12	12	0.01
L	482694150	482694150	1	12	12	0.01
L	246854091	246854091	1	13	13	0.01
L	5278929	5278929	1	13	13	0.01
L	4796139410	4796139410	1	13	13	0.01
L	4809236103	4809236103	1	13	13	0.01
L	1468160579	1468160579	1	13	13	0.01
L	18698860	18698860	1	13	13	0.01
L	4810808874	4810808874	1	13	13	0.01
L	1160423374	1160423374	1	13	13	0.01
L	1173483408	1173483408	1	13	13	0.01
L	1175048859	1175048859	1	13	13	0.01
L	1115207692	1115207692	1	13	13	0.01
L	1115143188	1115143188	1	13	13	0.01
L	1110594709	1110594709	1	13	13	0.01
L	1105127446	1105127446	1	13	13	0.01
L	1102847006	1102847006	1	13	13	0.01
L	1100744697	1100744697	1	13	13	0.01
L	1140855013	1140855013	1	13	13	0.01
L	3860647305	3860647305	1	13	13	0.01
L	1604830092	1604830092	1	13	13	0.01
L	1020610518	1020610518	1	13	13	0.01
L	1018286843	1018286843	1	13	13	0.01
L	3851921856	3851921856	1	13	13	0.01
L	1084078648	1084078648	1	13	13	0.01
L	1083162294	1083162294	1	13	13	0.01
L	1081984850	1081984850	1	13	13	0.01
L	1081517458	1081517458	1	13	13	0.01
L	1080616803	1080616803	1	13	13	0.01
L	1069752313	1069752313	1	13	13	0.01
L	1069608305	1069608305	1	13	13	0.01
L	1067231749	1067231749	1	13	13	0.01
L	1066954558	1066954558	1	13	13	0.01
L	1049414279	1049414279	1	13	13	0.01
L	1049243576	1049243576	1	13	13	0.01
L	1154786174	1154786174	1	13	13	0.01
L	1155566038	1155566038	1	13	13	0.01
L	950647781	950647781	1	14	14	0.01
L	875522958	875522958	1	14	14	0.01
L	875750406	875750406	1	14	14	0.01
L	911798514	911798514	1	14	14	0.01
L	898805023	898805023	1	14	14	0.01
L	302309838	302309838	1	14	14	0.01
L	807045079	807045079	1	14	14	0.01
L	819010070	819010070	1	14	14	0.01
L	819094008	819094008	1	14	14	0.01
L	3412853495	3412853495	1	14	14	0.01
L	861395800	861395800	1	14	14	0.01
L	461262614	461262614	1	14	14	0.01
L	905343774	905343774	1	14	14	0.01
L	3442728487	3442728487	1	14	14	0.01
L	625104962	625104962	1	14	14	0.01
L	901476093	901476093	1	14	14	0.01
L	901857550	901857550	1	14	14	0.01
L	4516078622	4516078622	1	14	14	0.01
L	4554785477	4554785477	1	14	14	0.01
L	4375747853	4375747853	1	14	14	0.01
L	4521407945	4521407945	1	14	14	0.01
L	4556236447	4556236447	1	14	14	0.01
L	4556203160	4556203160	1	14	14	0.01
L	4562756385	4562756385	1	14	14	0.01
L	4567578377	4567578377	1	14	14	0.01
L	4534063012	4534063012	1	14	14	0.01
L	4515740637	4515740637	1	14	14	0.01
L	4533421809	4533421809	1	14	14	0.01
L	4533352713	4533352713	1	14	14	0.01
L	4545106244	4545106244	1	14	14	0.01
L	4531933577	4531933577	1	14	14	0.01
L	4547362202	4547362202	1	14	14	0.01
L	4533207460	4533207460	1	14	14	0.01
L	4530954079	4530954079	1	14	14	0.01
L	4530809940	4530809940	1	14	14	0.01
L	4548098504	4548098504	1	14	14	0.01
L	4516395328	4516395328	1	14	14	0.01
L	4518537317	4518537317	1	14	14	0.01
L	491971910	491971910	1	15	15	0.01
L	436204573	436204573	1	15	15	0.01
L	4735627789	4735627789	1	15	15	0.01
L	3057737937	3057737937	1	15	15	0.01
L	3053168091	3053168091	1	15	15	0.01
L	3053128138	3053128138	1	15	15	0.01
L	3052662709	3052662709	1	15	15	0.01
L	3071087881	3071087881	1	15	15	0.01
L	4721710509	4721710509	1	15	15	0.01
L	4717388115	4717388115	1	15	15	0.01
L	4717371625	4717371625	1	15	15	0.01
L	4716830351	4716830351	1	15	15	0.01
L	4707995919	4707995919	1	15	15	0.01
L	4736000885	4736000885	1	15	15	0.01
L	2982271329	2982271329	1	15	15	0.01
L	2981712495	2981712495	1	15	15	0.01
L	2978106588	2978106588	1	15	15	0.01
L	2983793474	2983793474	1	15	15	0.01
L	4802981411	4802981411	1	15	15	0.01
L	4740957393	4740957393	1	15	15	0.01
L	3045698125	3045698125	1	15	15	0.01
L	3045663759	3045663759	1	15	15	0.01
L	4718025150	4718025150	1	15	15	0.01
L	3040657250	3040657250	1	15	15	0.01
L	3044474718	3044474718	1	15	15	0.01
L	4733790495	4733790495	1	15	15	0.01
L	3040945789	3040945789	1	15	15	0.01
L	3041129274	3041129274	1	15	15	0.01
L	3050743937	3050743937	1	15	15	0.01
L	3051084724	3051084724	1	15	15	0.01
L	4801767096	4801767096	1	15	15	0.01
L	3036449488	3036449488	1	15	15	0.01
L	3035579116	3035579116	1	15	15	0.01
L	3035194745	3035194745	1	15	15	0.01
L	3034202803	3034202803	1	15	15	0.01
L	3019275118	3019275118	1	15	15	0.01
L	3021707646	3021707646	1	15	15	0.01
L	3022736515	3022736515	1	15	15	0.01
L	3024255218	3024255218	1	15	15	0.01
L	3024431738	3024431738	1	15	15	0.01
L	3031901807	3031901807	1	15	15	0.01
L	3032482199	3032482199	1	15	15	0.01
L	3017412454	3017412454	1	15	15	0.01
L	3012044440	3012044440	1	15	15	0.01
L	3008424905	3008424905	1	15	15	0.01
L	3006272593	3006272593	1	15	15	0.01
L	3006169635	3006169635	1	15	15	0.01
L	3574156297	3574156297	1	16	16	0.01
L	3522272214	3522272214	1	16	16	0.01
L	3568850570	3568850570	1	16	16	0.01
L	3549880459	3549880459	1	16	16	0.01
L	3549706262	3549706262	1	16	16	0.01
L	3549420970	3549420970	1	16	16	0.01
L	3613863213	3613863213	1	16	16	0.01
L	3575869653	3575869653	1	16	16	0.01
L	3575765748	3575765748	1	16	16	0.01
L	3575684786	3575684786	1	16	16	0.01
L	3572883806	3572883806	1	16	16	0.01
L	3530957691	3530957691	1	16	16	0.01
L	4260572589	4260572589	1	16	16	0.01
L	3523677597	3523677597	1	16	16	0.01
L	3524676224	3524676224	1	16	16	0.01
L	3541872476	3541872476	1	16	16	0.01
L	3559769261	3559769261	1	16	16	0.01
L	3595642745	3595642745	1	16	16	0.01
L	3592220646	3592220646	1	16	16	0.01
L	3558654426	3558654426	1	16	16	0.01
L	3558631587	3558631587	1	16	16	0.01
L	3551063964	3551063964	1	16	16	0.01
L	3550906466	3550906466	1	16	16	0.01
L	3550570936	3550570936	1	16	16	0.01
L	3588515361	3588515361	1	16	16	0.01
L	3602148804	3602148804	1	16	16	0.01
L	3601471530	3601471530	1	16	16	0.01
L	3600218367	3600218367	1	16	16	0.01
L	3558791441	3558791441	1	16	16	0.01
L	3542150612	3542150612	1	16	16	0.01
L	3532915621	3532915621	1	16	16	0.01
L	1715551175	1715551175	1	16	16	0.01
L	1743660082	1743660082	1	16	16	0.01
L	1597448052	1597448052	1	16	16	0.01
L	4284691513	4284691513	1	16	16	0.01
L	1584301580	1584301580	1	16	16	0.01
L	1584270743	1584270743	1	16	16	0.01
L	1583101214	1583101214	1	16	16	0.01
L	1618679728	1618679728	1	16	16	0.01
L	1619786517	1619786517	1	16	16	0.01
L	4602390305	4602390305	1	16	16	0.01
L	4607560384	4607560384	1	16	16	0.01
L	4607520081	4607520081	1	16	16	0.01
L	4584990181	4584990181	1	16	16	0.01
L	4593293880	4593293880	1	16	16	0.01
L	4590312328	4590312328	1	16	16	0.01
L	4606059581	4606059581	1	16	16	0.01
L	4606015232	4606015232	1	16	16	0.01
L	4585166540	4585166540	1	16	16	0.01
L	4612036582	4612036582	1	16	16	0.01
L	4641207684	4641207684	1	16	16	0.01
L	4628292003	4628292003	1	16	16	0.01
L	4894804165	4894804165	1	16	16	0.01
L	4642489504	4642489504	1	16	16	0.01
L	4642116927	4642116927	1	16	16	0.01
L	3431400363	3431400363	1	17	17	0.01
L	3663193115	3663193115	1	17	17	0.01
L	3663450934	3663450934	1	17	17	0.01
L	4883195416	4883195416	1	17	17	0.01
L	4760335981	4760335981	1	17	17	0.01
L	3646317762	3646317762	1	17	17	0.01
L	3641754209	3641754209	1	17	17	0.01
L	3636627622	3636627622	1	17	17	0.01
L	3448141140	3448141140	1	17	17	0.01
L	3650921507	3650921507	1	17	17	0.01
L	3481038793	3481038793	1	17	17	0.01
L	3472595724	3472595724	1	17	17	0.01
L	3495537074	3495537074	1	17	17	0.01
L	3496377988	3496377988	1	17	17	0.01
L	3482925063	3482925063	1	17	17	0.01
L	3467624190	3467624190	1	17	17	0.01
L	4435011856	4435011856	1	17	17	0.01
L	3494063630	3494063630	1	17	17	0.01
L	3493056761	3493056761	1	17	17	0.01
L	3489797082	3489797082	1	17	17	0.01
L	3631687633	3631687633	1	17	17	0.01
L	3659277922	3659277922	1	17	17	0.01
L	3661413914	3661413914	1	17	17	0.01
L	3462703964	3462703964	1	17	17	0.01
L	3462621919	3462621919	1	17	17	0.01
L	3463599515	3463599515	1	17	17	0.01
L	3463799350	3463799350	1	17	17	0.01
L	3464083555	3464083555	1	17	17	0.01
L	3623817833	3623817833	1	17	17	0.01
L	4009840655	4009840655	1	17	17	0.01
L	4009889071	4009889071	1	17	17	0.01
L	4053771264	4053771264	1	17	17	0.01
L	4018460547	4018460547	1	17	17	0.01
L	4018898325	4018898325	1	17	17	0.01
L	4019335398	4019335398	1	17	17	0.01
L	4050034960	4050034960	1	17	17	0.01
L	4049810366	4049810366	1	17	17	0.01
L	4007685762	4007685762	1	17	17	0.01
L	3996172639	3996172639	1	17	17	0.01
L	4042113605	4042113605	1	17	17	0.01
L	4045903204	4045903204	1	17	17	0.01
L	4017547518	4017547518	1	17	17	0.01
L	4016976279	4016976279	1	17	17	0.01
L	4016862088	4016862088	1	17	17	0.01
L	4016661652	4016661652	1	17	17	0.01
L	4016002567	4016002567	1	17	17	0.01
L	4061463058	4061463058	1	17	17	0.01
L	4060922304	4060922304	1	17	17	0.01
L	4060247577	4060247577	1	17	17	0.01
L	4010148709	4010148709	1	17	17	0.01
L	4013343882	4013343882	1	17	17	0.01
L	4013434691	4013434691	1	17	17	0.01
L	4065126153	4065126153	1	17	17	0.01
L	4065042429	4065042429	1	17	17	0.01
L	4064943691	4064943691	1	17	17	0.01
L	1624868169	1624868169	1	18	18	0.01
L	1629888968	1629888968	1	18	18	0.01
L	1631890949	1631890949	1	18	18	0.01
L	1631970222	1631970222	1	18	18	0.01
L	1638823553	1638823553	1	18	18	0.01
L	1555966746	1555966746	1	18	18	0.01
L	1558856058	1558856058	1	18	18	0.01
L	2898845590	2898845590	1	18	18	0.01
L	2892879321	2892879321	1	18	18	0.01
L	2889529870	2889529870	1	18	18	0.01
L	2886906290	2886906290	1	18	18	0.01
L	2886048530	2886048530	1	18	18	0.01
L	1559993423	1559993423	1	18	18	0.01
L	1573696438	1573696438	1	18	18	0.01
L	1683796223	1683796223	1	18	18	0.01
L	1679397657	1679397657	1	18	18	0.01
L	1676052036	1676052036	1	18	18	0.01
L	1674345585	1674345585	1	18	18	0.01
L	1659976529	1659976529	1	18	18	0.01
L	1642788376	1642788376	1	18	18	0.01
L	1701660219	1701660219	1	18	18	0.01
L	1702555074	1702555074	1	18	18	0.01
L	1552099966	1552099966	1	18	18	0.01
L	1552153723	1552153723	1	18	18	0.01
L	1708443657	1708443657	1	18	18	0.01
L	1708528829	1708528829	1	18	18	0.01
L	1708568282	1708568282	1	18	18	0.01
L	2898958440	2898958440	1	18	18	0.01
L	1706815755	1706815755	1	18	18	0.01
L	2995116991	2995116991	1	19	19	0.01
L	2184583472	2184583472	1	19	19	0.01
L	3875564363	3875564363	1	19	19	0.01
L	3609198348	3609198348	1	19	19	0.01
L	2127561401	2127561401	1	19	19	0.01
L	2129228653	2129228653	1	19	19	0.01
L	2127882180	2127882180	1	19	19	0.01
L	2213020172	2213020172	1	19	19	0.01
L	2210058336	2210058336	1	19	19	0.01
L	2209832998	2209832998	1	19	19	0.01
L	2206690764	2206690764	1	19	19	0.01
L	2228445173	2228445173	1	19	19	0.01
L	2138957473	2138957473	1	19	19	0.01
L	2151889480	2151889480	1	19	19	0.01
L	2134935930	2134935930	1	19	19	0.01
L	2134759303	2134759303	1	19	19	0.01
L	2133129062	2133129062	1	19	19	0.01
L	2250387960	2250387960	1	19	19	0.01
L	2250650198	2250650198	1	19	19	0.01
L	2232191313	2232191313	1	19	19	0.01
L	2232247933	2232247933	1	19	19	0.01
L	2232116651	2232116651	1	19	19	0.01
L	2241800770	2241800770	1	19	19	0.01
L	2241569152	2241569152	1	19	19	0.01
L	2256609250	2256609250	1	19	19	0.01
L	2275039251	2275039251	1	19	19	0.01
L	2274601532	2274601532	1	19	19	0.01
L	2233787089	2233787089	1	19	19	0.01
L	2124672747	2124672747	1	19	19	0.01
L	2189951268	2189951268	1	19	19	0.01
L	1719687606	1719687606	1	20	20	0.01
L	4896932399	4896932399	1	20	20	0.01
L	4896885048	4896885048	1	20	20	0.01
L	2131287606	2131287606	1	20	20	0.01
L	2130270280	2130270280	1	20	20	0.01
L	2141920241	2141920241	1	20	20	0.01
L	2142910575	2142910575	1	20	20	0.01
L	2143175146	2143175146	1	20	20	0.01
L	2146395061	2146395061	1	20	20	0.01
L	3766786995	3766786995	1	20	20	0.01
L	2870195276	2870195276	1	20	20	0.01
L	4676335509	4676335509	1	20	20	0.01
L	4692375070	4692375070	1	20	20	0.01
L	4689521120	4689521120	1	20	20	0.01
L	4689873037	4689873037	1	20	20	0.01
L	2381789500	2381789500	1	20	20	0.01
L	4680279919	4680279919	1	20	20	0.01
L	4681161379	4681161379	1	20	20	0.01
L	4682211226	4682211226	1	20	20	0.01
L	4925258055	4925258055	1	20	20	0.01
L	4923443171	4923443171	1	20	20	0.01
L	4923419580	4923419580	1	20	20	0.01
L	4686114745	4686114745	1	20	20	0.01
L	4669562180	4669562180	1	20	20	0.01
L	4897713725	4897713725	1	20	20	0.01
L	4897423719	4897423719	1	20	20	0.01
L	4900604628	4900604628	1	20	20	0.01
L	4917533201	4917533201	1	20	20	0.01
L	4907815986	4907815986	1	20	20	0.01
L	4908942988	4908942988	1	20	20	0.01
L	4677927854	4677927854	1	20	20	0.01
L	4654930337	4654930337	1	20	20	0.01
L	4655093250	4655093250	1	20	20	0.01
L	4656617510	4656617510	1	20	20	0.01
L	4658272266	4658272266	1	20	20	0.01
L	3302107717	3302107717	1	21	21	0.01
L	3296874914	3296874914	1	21	21	0.01
L	3296678226	3296678226	1	21	21	0.01
L	3293242202	3293242202	1	21	21	0.01
L	3276373014	3276373014	1	21	21	0.01
L	3265705157	3265705157	1	21	21	0.01
L	3265676895	3265676895	1	21	21	0.01
L	3283503085	3283503085	1	21	21	0.01
L	3268861425	3268861425	1	21	21	0.01
L	3280993577	3280993577	1	21	21	0.01
L	3278449376	3278449376	1	21	21	0.01
L	3270201436	3270201436	1	21	21	0.01
L	3208524187	3208524187	1	21	21	0.01
L	3278727588	3278727588	1	21	21	0.01
L	3253364301	3253364301	1	21	21	0.01
L	3253235392	3253235392	1	21	21	0.01
L	3239833586	3239833586	1	21	21	0.01
L	3207931360	3207931360	1	21	21	0.01
L	4078491050	4078491050	1	22	22	0.01
L	3750365116	3750365116	1	22	22	0.01
L	3790278898	3790278898	1	22	22	0.01
L	3789945811	3789945811	1	22	22	0.01
L	3768695841	3768695841	1	22	22	0.01
L	3783229303	3783229303	1	22	22	0.01
L	3782795010	3782795010	1	22	22	0.01
L	3751860597	3751860597	1	22	22	0.01
L	3800763662	3800763662	1	22	22	0.01
L	3800825026	3800825026	1	22	22	0.01
L	4140295552	4140295552	1	22	22	0.01
L	4139806854	4139806854	1	22	22	0.01
L	4139898413	4139898413	1	22	22	0.01
L	3114223032	3114223032	1	22	22	0.01
L	3092045363	3092045363	1	22	22	0.01
L	3123591599	3123591599	1	22	22	0.01
L	3118498067	3118498067	1	22	22	0.01
L	4110730285	4110730285	1	22	22	0.01
L	4143356172	4143356172	1	22	22	0.01
L	4085556508	4085556508	1	22	22	0.01
L	4084173262	4084173262	1	22	22	0.01
L	4084711671	4084711671	1	22	22	0.01
L	4073342179	4073342179	1	22	22	0.01
L	1149442855	1149442855	1	23	23	0.01
L	1149503070	1149503070	1	23	23	0.01
L	3772027189	3772027189	1	23	23	0.01
L	1124377076	1124377076	1	23	23	0.01
L	1124477351	1124477351	1	23	23	0.01
L	1125536039	1125536039	1	23	23	0.01
L	1148189425	1148189425	1	23	23	0.01
L	1226894083	1226894083	1	23	23	0.01
L	1137547203	1137547203	1	23	23	0.01
L	3265734223	3265734223	1	23	23	0.01
L	342217535	342217535	1	23	23	0.01
L	324910213	324910213	1	23	23	0.01
L	567506764	567506764	1	23	23	0.01
L	566778659	566778659	1	23	23	0.01
L	548968194	548968194	1	23	23	0.01
L	1022253409	1022253409	1	23	23	0.01
L	1063066604	1063066604	1	23	23	0.01
L	1057274798	1057274798	1	23	23	0.01
L	4372695191	4372695191	1	24	24	0.01
L	4341037697	4341037697	1	24	24	0.01
L	4356140955	4356140955	1	24	24	0.01
L	4364726622	4364726622	1	24	24	0.01
L	4357594614	4357594614	1	24	24	0.01
L	3821746263	3821746263	1	25	25	0.01
L	360296861	360296861	1	25	25	0.01
L	2305348186	2305348186	1	25	25	0.01
L	363482014	363482014	1	25	25	0.01
L	2093356563	2093356563	1	25	25	0.01
L	2098749863	2098749863	1	25	25	0.01
L	2102536358	2102536358	1	25	25	0.01
L	2035031486	2035031486	1	25	25	0.01
L	3859102470	3859102470	1	25	25	0.01
L	3858197728	3858197728	1	25	25	0.01
L	3893431183	3893431183	1	25	25	0.01
L	3855384831	3855384831	1	25	25	0.01
L	3861034273	3861034273	1	25	25	0.01
L	3849073772	3849073772	1	25	25	0.01
L	3842322676	3842322676	1	25	25	0.01
L	3841985317	3841985317	1	25	25	0.01
L	3861754276	3861754276	1	25	25	0.01
L	3869570687	3869570687	1	25	25	0.01
L	3822758937	3822758937	1	25	25	0.01
L	3823058396	3823058396	1	25	25	0.01
L	3881239182	3881239182	1	25	25	0.01
L	4487610629	4487610629	1	25	25	0.01
L	3828088107	3828088107	1	25	25	0.01
L	3828421795	3828421795	1	25	25	0.01
L	3833958844	3833958844	1	25	25	0.01
L	3876994350	3876994350	1	25	25	0.01
L	3877168195	3877168195	1	25	25	0.01
L	3879304385	3879304385	1	25	25	0.01
L	3824001646	3824001646	1	25	25	0.01
L	3823447611	3823447611	1	25	25	0.01
L	3818292387	3818292387	1	25	25	0.01
L	2840743693	2840743693	1	26	26	0.01
L	2845362225	2845362225	1	26	26	0.01
L	2865832869	2865832869	1	26	26	0.01
L	1505776684	1505776684	1	26	26	0.01
L	2864986042	2864986042	1	26	26	0.01
L	2863375516	2863375516	1	26	26	0.01
L	2849939997	2849939997	1	26	26	0.01
L	2855945253	2855945253	1	26	26	0.01
L	2853790716	2853790716	1	26	26	0.01
L	2853456216	2853456216	1	26	26	0.01
L	2858224063	2858224063	1	26	26	0.01
L	2838023438	2838023438	1	26	26	0.01
L	4036185827	4036185827	1	27	27	0.01
L	4040514786	4040514786	1	27	27	0.01
L	4040589608	4040589608	1	27	27	0.01
L	4040632010	4040632010	1	27	27	0.01
L	4058033655	4058033655	1	27	27	0.01
L	4029762621	4029762621	1	27	27	0.01
L	4776420574	4776420574	1	27	27	0.01
L	4776544484	4776544484	1	27	27	0.01
L	4778429938	4778429938	1	27	27	0.01
L	4769804718	4769804718	1	27	27	0.01
L	4760223804	4760223804	1	27	27	0.01
L	4780261736	4780261736	1	27	27	0.01
L	4763387796	4763387796	1	27	27	0.01
L	4778190796	4778190796	1	27	27	0.01
L	3426490310	3426490310	1	27	27	0.01
L	3436391777	3436391777	1	27	27	0.01
L	3436094798	3436094798	1	27	27	0.01
L	3663550049	3663550049	1	27	27	0.01
L	3674848271	3674848271	1	27	27	0.01
L	358671822	358671822	1	28	28	0.01
L	2943438356	2943438356	1	28	28	0.01
L	2946148912	2946148912	1	28	28	0.01
L	2895517534	2895517534	1	28	28	0.01
L	2938062312	2938062312	1	28	28	0.01
L	2926968049	2926968049	1	28	28	0.01
L	2908771983	2908771983	1	28	28	0.01
L	2908124088	2908124088	1	28	28	0.01
L	2668604667	2668604667	1	28	28	0.01
L	2638493440	2638493440	1	28	28	0.01
L	2600354574	2600354574	1	28	28	0.01
L	2691806122	2691806122	1	28	28	0.01
L	2590467664	2590467664	1	28	28	0.01
L	2589291036	2589291036	1	28	28	0.01
L	2589009298	2589009298	1	28	28	0.01
L	2606175925	2606175925	1	28	28	0.01
L	2604342946	2604342946	1	28	28	0.01
L	2642900932	2642900932	1	28	28	0.01
L	2642788538	2642788538	1	28	28	0.01
1	1	411808693	1	1		1
2	411808694	734943315	1	1		1
3	734943316	1014889412	1	1		1
4	1014889413	1274581950	1	1		1
5	1274581951	1521100645	1	1		1
6	1521100646	1744787423	1	1		1
7	1744787424	1938834832	1	1		1
8	1938834833	2117131818	1	1		1
9	2117131819	2277723166	1	1		1
10	2277723167	2427155718	1	1		1
11	2427155719	2567997923	1	1		1
12	2567997924	2702026774	1	1		1
13	2702026775	2834315224	1	1		1
14	2834315225	2964130137	1	1		1
15	2964130138	3091804878	1	1		1
16	3091804879	3204567643	1	1		1
17	3204567644	3313230617	1	1		1
18	3313230618	3419292355	1	1		1
19	3419292356	3520963789	1	1		1
20	3520963790	3620637064	1	1		1
21	3620637065	3714383789	1	1		1
22	3714383790	3807734698	1	1		1
23	3807734699	3897594823	1	1		1
24	3897594824	3984058414	1	1		1
25	3984058415	4065580403	1	1		1
26	4065580404	4145388933	1	1		1
27	4145388934	4224099271	1	1		1
28	4224099272	4301744830	1	1		1
29	4301744831	4375638271	1	1		1
30	4375638272	4446707558	1	1		1
31	4446707559	4515414466	1	1		1
32	4515414467	4581919917	1	1		1
33	4581919918	4646498717	1	1		1
34	4646498718	4703564898	1	1		1
37	4703564899	4751633667	1	1		1
38	4751633668	4793184625	1	1		1
39	4793184626	4832418902	1	1		1
41	4832418903	4867928453	1	1		1
43	4867928454	4896571897	1	1		1
44	4896571898	4930816044	1	1		1
46	4930816045	4949306851	1	1		1
35	4949306852	5000470453	1	1		1
42	5000470454	5017617718	1	1		1
36	5017617719	5067627853	1	1		1
45	5067627854	5100883441	1	1		1
47	5100883442	5118062672	1	1		1
49	5118062673	5126154222	1	1		1
40	5126154223	5163809992	1	1		1
48	5163809993	5178571760	1	1		1
