name	start	end	strand	col	fill	lwd
1	1	529734911	1	4	4	0.1
2	529734912	1017471995	1	4	4	0.1
3	1017471996	1420759330	1	4	4	0.1
4	1420759331	1807309590	1	4	4	0.1
5	1807309591	2120575991	1	4	4	0.1
6	2120575992	2266833473	1	4	4	0.1
7	2266833474	2503539354	1	4	4	0.1
8	2503539355	2705058823	1	4	4	0.1
9	2705058824	2880763876	1	4	4	0.1
10	2880763877	3049605243	1	4	4	0.1
11	3049605244	3229982061	1	4	4	0.1
12	3229982062	3401695984	1	4	4	0.1
13	3401695985	3521825880	1	4	4	0.1
14	3521825881	3672048191	1	4	4	0.1
15	3672048192	3746961422	1	4	4	0.1
16	3746961423	3878744068	1	4	4	0.1
17	3878744069	4008082329	1	4	4	0.1
18	4008082330	4135000166	1	4	4	0.1
19	4135000167	4234753391	1	4	4	0.1
20	4234753392	4321483775	1	4	4	0.1
21	4321483776	4391113575	1	4	4	0.1
X1	4391113576	4746268539	1	4	4	0.1
X2	4746268540	4830518116	1	4	4	0.1
X3	4830518117	4926700489	1	4	4	0.1
X4	4926700490	4951239222	1	4	4	0.1
X5	4951239223	5150456637	1	4	4	0.1
Y3	5150456638	5157465704	1	4	4	0.1
Y1	5157465705	5160970646	1	4	4	0.1
Y2	5160970647	5174037520	1	4	4	0.1
Y4	5174037521	5176928955	1	4	4	0.1
Y5	5176928956	5178571770	1	4	4	0.1
1	1	529734911	1	1	4	0.1
2	529734912	1017471995	1	1	4	0.1
3	1017471996	1420759330	1	1	4	0.1
4	1420759331	1807309590	1	1	4	0.1
5	1807309591	2120575991	1	1	4	0.1
6	2120575992	2266833473	1	1	4	0.1
7	2266833474	2503539354	1	1	4	0.1
8	2503539355	2705058823	1	1	4	0.1
9	2705058824	2880763876	1	1	4	0.1
10	2880763877	3049605243	1	1	4	0.1
11	3049605244	3229982061	1	1	4	0.1
12	3229982062	3401695984	1	1	4	0.1
13	3401695985	3521825880	1	1	4	0.1
14	3521825881	3672048191	1	1	4	0.1
15	3672048192	3746961422	1	1	4	0.1
16	3746961423	3878744068	1	1	4	0.1
17	3878744069	4008082329	1	1	4	0.1
18	4008082330	4135000166	1	1	4	0.1
19	4135000167	4234753391	1	1	4	0.1
20	4234753392	4321483775	1	1	4	0.1
21	4321483776	4391113575	1	1	4	0.1
X1	4391113576	4746268539	1	1	4	0.1
X2	4746268540	4830518116	1	1	4	0.1
X3	4830518117	4926700489	1	1	4	0.1
X4	4926700490	4951239222	1	1	4	0.1
X5	4951239223	5150456637	1	1	4	0.1
Y3	5150456638	5157465704	1	1	4	0.1
Y1	5157465705	5160970646	1	1	4	0.1
Y2	5160970647	5174037520	1	1	4	0.1
Y4	5174037521	5176928955	1	1	4	0.1
Y5	5176928956	5178571770	1	1	4	0.1
L	1966490503	1966490503	1	6	6	0.01
L	1967170311	1967170311	1	6	6	0.01
L	1968071647	1968071647	1	6	6	0.01
L	1968107168	1968107168	1	6	6	0.01
L	1970776812	1970776812	1	6	6	0.01
L	1973152723	1973152723	1	6	6	0.01
L	1973196648	1973196648	1	6	6	0.01
L	2021252317	2021252317	1	6	6	0.01
L	2021131217	2021131217	1	6	6	0.01
L	2020303236	2020303236	1	6	6	0.01
L	2020127881	2020127881	1	6	6	0.01
L	2020034233	2020034233	1	6	6	0.01
L	2013358553	2013358553	1	6	6	0.01
L	2006444068	2006444068	1	6	6	0.01
L	2002521273	2002521273	1	6	6	0.01
L	2001546828	2001546828	1	6	6	0.01
L	2000208102	2000208102	1	6	6	0.01
L	1998377843	1998377843	1	6	6	0.01
L	1997924799	1997924799	1	6	6	0.01
L	1996555361	1996555361	1	6	6	0.01
L	1995333144	1995333144	1	6	6	0.01
L	1987296319	1987296319	1	6	6	0.01
L	1976355263	1976355263	1	6	6	0.01
L	1975265629	1975265629	1	6	6	0.01
L	1974984660	1974984660	1	6	6	0.01
L	2027911251	2027911251	1	6	6	0.01
L	2028307130	2028307130	1	6	6	0.01
L	2030818007	2030818007	1	6	6	0.01
L	3876627764	3876627764	1	6	6	0.01
L	3871845719	3871845719	1	6	6	0.01
L	3872411429	3872411429	1	6	6	0.01
L	3872745484	3872745484	1	6	6	0.01
L	3873126790	3873126790	1	6	6	0.01
L	3873576959	3873576959	1	6	6	0.01
L	3873705974	3873705974	1	6	6	0.01
L	3873759361	3873759361	1	6	6	0.01
L	3874123699	3874123699	1	6	6	0.01
L	3877146530	3877146530	1	6	6	0.01
L	3875737310	3875737310	1	6	6	0.01
L	3875932215	3875932215	1	6	6	0.01
L	3864953334	3864953334	1	6	6	0.01
L	3859646516	3859646516	1	6	6	0.01
L	3859088682	3859088682	1	6	6	0.01
L	3858564125	3858564125	1	6	6	0.01
L	3858536796	3858536796	1	6	6	0.01
L	3857851971	3857851971	1	6	6	0.01
L	3855582859	3855582859	1	6	6	0.01
L	3855539022	3855539022	1	6	6	0.01
L	3854876127	3854876127	1	6	6	0.01
L	3867928639	3867928639	1	6	6	0.01
L	3862835934	3862835934	1	6	6	0.01
L	3941173835	3941173835	1	6	6	0.01
L	3941401324	3941401324	1	6	6	0.01
L	4020654001	4020654001	1	6	6	0.01
L	4017711380	4017711380	1	6	6	0.01
L	4016734424	4016734424	1	6	6	0.01
L	4015744014	4015744014	1	6	6	0.01
L	4015183226	4015183226	1	6	6	0.01
L	4015160944	4015160944	1	6	6	0.01
L	4014913913	4014913913	1	6	6	0.01
L	4012296215	4012296215	1	6	6	0.01
L	4012427216	4012427216	1	6	6	0.01
L	4013148859	4013148859	1	6	6	0.01
L	3985416527	3985416527	1	6	6	0.01
L	3986193468	3986193468	1	6	6	0.01
L	4134273680	4134273680	1	6	6	0.01
L	4134203768	4134203768	1	6	6	0.01
L	4134171957	4134171957	1	6	6	0.01
L	4134105056	4134105056	1	6	6	0.01
L	4133624098	4133624098	1	6	6	0.01
L	4037119946	4037119946	1	6	6	0.01
L	4132250961	4132250961	1	6	6	0.01
L	4132169200	4132169200	1	6	6	0.01
L	4129226952	4129226952	1	6	6	0.01
L	4127233150	4127233150	1	6	6	0.01
L	4122285759	4122285759	1	6	6	0.01
L	1733607515	1733607515	1	6	6	0.01
L	1716309442	1716309442	1	6	6	0.01
L	1713458739	1713458739	1	6	6	0.01
L	1713189290	1713189290	1	6	6	0.01
L	1711900977	1711900977	1	6	6	0.01
L	1706563040	1706563040	1	6	6	0.01
L	1701961445	1701961445	1	6	6	0.01
L	1693441557	1693441557	1	6	6	0.01
L	1687210525	1687210525	1	6	6	0.01
L	1654994973	1654994973	1	6	6	0.01
L	2465815244	2465815244	1	6	6	0.01
L	2455154430	2455154430	1	6	6	0.01
L	2425824204	2425824204	1	6	6	0.01
L	3747527385	3747527385	1	6	6	0.01
L	3747586594	3747586594	1	6	6	0.01
L	3748329548	3748329548	1	6	6	0.01
L	3749827328	3749827328	1	6	6	0.01
L	3755752937	3755752937	1	6	6	0.01
L	3757422016	3757422016	1	6	6	0.01
L	3758280597	3758280597	1	6	6	0.01
L	3759451435	3759451435	1	6	6	0.01
L	3760388192	3760388192	1	6	6	0.01
L	3761620861	3761620861	1	6	6	0.01
L	3764458714	3764458714	1	6	6	0.01
L	3772217978	3772217978	1	6	6	0.01
L	3780514109	3780514109	1	6	6	0.01
L	3780595322	3780595322	1	6	6	0.01
L	3780833732	3780833732	1	6	6	0.01
L	3791329484	3791329484	1	6	6	0.01
L	3791686216	3791686216	1	6	6	0.01
L	2439305605	2439305605	1	6	6	0.01
L	2440728842	2440728842	1	6	6	0.01
L	2441171757	2441171757	1	6	6	0.01
L	2446729133	2446729133	1	6	6	0.01
L	4170578193	4170578193	1	6	6	0.01
L	4170011759	4170011759	1	6	6	0.01
L	4169772124	4169772124	1	6	6	0.01
L	4169219715	4169219715	1	6	6	0.01
L	4165559598	4165559598	1	6	6	0.01
L	4155036755	4155036755	1	6	6	0.01
L	4150393907	4150393907	1	6	6	0.01
L	3405460445	3405460445	1	6	6	0.01
L	4136230281	4136230281	1	6	6	0.01
L	4136006845	4136006845	1	6	6	0.01
L	4137001479	4137001479	1	6	6	0.01
L	4137113873	4137113873	1	6	6	0.01
L	4137458775	4137458775	1	6	6	0.01
L	4138609100	4138609100	1	6	6	0.01
L	4138740692	4138740692	1	6	6	0.01
L	4145619182	4145619182	1	6	6	0.01
L	4146386062	4146386062	1	6	6	0.01
L	4408524042	4408524042	1	7	7	0.01
L	4396692972	4396692972	1	7	7	0.01
L	4396635702	4396635702	1	7	7	0.01
L	4391596671	4391596671	1	7	7	0.01
L	244211286	244211286	1	7	7	0.01
L	244747290	244747290	1	7	7	0.01
L	246177866	246177866	1	7	7	0.01
L	264792153	264792153	1	7	7	0.01
L	2819454437	2819454437	1	7	7	0.01
L	2816590516	2816590516	1	7	7	0.01
L	2879775758	2879775758	1	7	7	0.01
L	2879253078	2879253078	1	7	7	0.01
L	2879162205	2879162205	1	7	7	0.01
L	2878976435	2878976435	1	7	7	0.01
L	2878585165	2878585165	1	7	7	0.01
L	2876257304	2876257304	1	7	7	0.01
L	2870207349	2870207349	1	7	7	0.01
L	2866863981	2866863981	1	7	7	0.01
L	2856932058	2856932058	1	7	7	0.01
L	2856215766	2856215766	1	7	7	0.01
L	2854774121	2854774121	1	7	7	0.01
L	2854157530	2854157530	1	7	7	0.01
L	2846230148	2846230148	1	7	7	0.01
L	1961495803	1961495803	1	7	7	0.01
L	1961423895	1961423895	1	7	7	0.01
L	4050091057	4050091057	1	7	7	0.01
L	4084789542	4084789542	1	7	7	0.01
L	4085290675	4085290675	1	7	7	0.01
L	4087619838	4087619838	1	7	7	0.01
L	3746545680	3746545680	1	7	7	0.01
L	4278091046	4278091046	1	7	7	0.01
L	845413147	845413147	1	7	7	0.01
L	845217461	845217461	1	7	7	0.01
L	839360140	839360140	1	7	7	0.01
L	838969324	838969324	1	7	7	0.01
L	913070099	913070099	1	7	7	0.01
L	914531723	914531723	1	7	7	0.01
L	519864496	519864496	1	7	7	0.01
L	2705730698	2705730698	1	7	7	0.01
L	2706661678	2706661678	1	7	7	0.01
L	2707026728	2707026728	1	7	7	0.01
L	2720658760	2720658760	1	7	7	0.01
L	2722631346	2722631346	1	7	7	0.01
L	2752619110	2752619110	1	7	7	0.01
L	2753315807	2753315807	1	7	7	0.01
L	2760844182	2760844182	1	7	7	0.01
L	2763059865	2763059865	1	7	7	0.01
L	2763817464	2763817464	1	7	7	0.01
L	2765880745	2765880745	1	7	7	0.01
L	2773000459	2773000459	1	7	7	0.01
L	2501429852	2501429852	1	7	7	0.01
L	2501247010	2501247010	1	7	7	0.01
L	2500352574	2500352574	1	7	7	0.01
L	2254777834	2254777834	1	7	7	0.01
L	2489932246	2489932246	1	7	7	0.01
L	2488729758	2488729758	1	7	7	0.01
L	2485465123	2485465123	1	7	7	0.01
L	2483208480	2483208480	1	7	7	0.01
L	2475842649	2475842649	1	7	7	0.01
L	2474056126	2474056126	1	7	7	0.01
L	3049514975	3049514975	1	7	7	0.01
L	2338273275	2338273275	1	7	7	0.01
L	2341731704	2341731704	1	7	7	0.01
L	2349317107	2349317107	1	7	7	0.01
L	507767041	507767041	1	7	7	0.01
L	515876979	515876979	1	7	7	0.01
L	2412308777	2412308777	1	7	7	0.01
L	2413763813	2413763813	1	7	7	0.01
L	367308279	367308279	1	7	7	0.01
L	2390319874	2390319874	1	7	7	0.01
L	4669185669	4669185669	1	8	8	0.01
L	4663659451	4663659451	1	8	8	0.01
L	4652138957	4652138957	1	8	8	0.01
L	4651761108	4651761108	1	8	8	0.01
L	4613765212	4613765212	1	8	8	0.01
L	4536471551	4536471551	1	8	8	0.01
L	4536361571	4536361571	1	8	8	0.01
L	4532502729	4532502729	1	8	8	0.01
L	2618356268	2618356268	1	8	8	0.01
L	2618685858	2618685858	1	8	8	0.01
L	2620145513	2620145513	1	8	8	0.01
L	2636568757	2636568757	1	8	8	0.01
L	4332303084	4332303084	1	8	8	0.01
L	4336736114	4336736114	1	8	8	0.01
L	3402500277	3402500277	1	8	8	0.01
L	2609993961	2609993961	1	8	8	0.01
L	2610857654	2610857654	1	8	8	0.01
L	3407285163	3407285163	1	8	8	0.01
L	4638758611	4638758611	1	8	8	0.01
L	4649228148	4649228148	1	8	8	0.01
L	4649605633	4649605633	1	8	8	0.01
L	4631213351	4631213351	1	8	8	0.01
L	4630739553	4630739553	1	8	8	0.01
L	4797227214	4797227214	1	8	8	0.01
L	4637367856	4637367856	1	8	8	0.01
L	4592917308	4592917308	1	8	8	0.01
L	4574832176	4574832176	1	8	8	0.01
L	4574348060	4574348060	1	8	8	0.01
L	4564610611	4564610611	1	8	8	0.01
L	4559277392	4559277392	1	8	8	0.01
L	3960601124	3960601124	1	8	8	0.01
L	3961094679	3961094679	1	8	8	0.01
L	3962150278	3962150278	1	8	8	0.01
L	3965292896	3965292896	1	8	8	0.01
L	2612909520	2612909520	1	8	8	0.01
L	3972670582	3972670582	1	8	8	0.01
L	3974203207	3974203207	1	8	8	0.01
L	3974330865	3974330865	1	8	8	0.01
L	3981640729	3981640729	1	8	8	0.01
L	3984714749	3984714749	1	8	8	0.01
L	3049621384	3049621384	1	8	8	0.01
L	3049685393	3049685393	1	8	8	0.01
L	3049989846	3049989846	1	8	8	0.01
L	3051001437	3051001437	1	8	8	0.01
L	3051843361	3051843361	1	8	8	0.01
L	3752563249	3752563249	1	8	8	0.01
L	3752256782	3752256782	1	8	8	0.01
L	3751515515	3751515515	1	8	8	0.01
L	3751623722	3751623722	1	8	8	0.01
L	3750544271	3750544271	1	8	8	0.01
L	528283515	528283515	1	8	8	0.01
L	528091130	528091130	1	8	8	0.01
L	1652469790	1652469790	1	8	8	0.01
L	4643997004	4643997004	1	8	8	0.01
L	4646589625	4646589625	1	8	8	0.01
L	4647069489	4647069489	1	8	8	0.01
L	2614180635	2614180635	1	8	8	0.01
L	2614056124	2614056124	1	8	8	0.01
L	479663241	479663241	1	8	8	0.01
L	327235932	327235932	1	8	8	0.01
L	288653049	288653049	1	8	8	0.01
L	315632303	315632303	1	8	8	0.01
L	432951477	432951477	1	8	8	0.01
L	437048104	437048104	1	8	8	0.01
L	443438461	443438461	1	8	8	0.01
L	458535535	458535535	1	8	8	0.01
L	462161114	462161114	1	8	8	0.01
L	385210500	385210500	1	8	8	0.01
L	386381213	386381213	1	8	8	0.01
L	413317317	413317317	1	8	8	0.01
L	419832343	419832343	1	8	8	0.01
L	420452536	420452536	1	8	8	0.01
L	375624437	375624437	1	8	8	0.01
L	384080980	384080980	1	8	8	0.01
L	422312965	422312965	1	8	8	0.01
L	2397367564	2397367564	1	8	8	0.01
L	1061849493	1061849493	1	8	8	0.01
L	2407385091	2407385091	1	8	8	0.01
L	2408656629	2408656629	1	8	8	0.01
L	467867385	467867385	1	8	8	0.01
L	2411320334	2411320334	1	8	8	0.01
L	4080334209	4080334209	1	9	9	0.01
L	1802446073	1802446073	1	9	9	0.01
L	1802155316	1802155316	1	9	9	0.01
L	1801354025	1801354025	1	9	9	0.01
L	1800861675	1800861675	1	9	9	0.01
L	1777931085	1777931085	1	9	9	0.01
L	1778066567	1778066567	1	9	9	0.01
L	4120026588	4120026588	1	9	9	0.01
L	4090081134	4090081134	1	9	9	0.01
L	4089924440	4089924440	1	9	9	0.01
L	4088889786	4088889786	1	9	9	0.01
L	3399735014	3399735014	1	9	9	0.01
L	3399786035	3399786035	1	9	9	0.01
L	3401472531	3401472531	1	9	9	0.01
L	3398516351	3398516351	1	9	9	0.01
L	3398349872	3398349872	1	9	9	0.01
L	3398279082	3398279082	1	9	9	0.01
L	3395747332	3395747332	1	9	9	0.01
L	3394763957	3394763957	1	9	9	0.01
L	2883520246	2883520246	1	9	9	0.01
L	2900297776	2900297776	1	9	9	0.01
L	2903445975	2903445975	1	9	9	0.01
L	2905218096	2905218096	1	9	9	0.01
L	2910557910	2910557910	1	9	9	0.01
L	3370255053	3370255053	1	9	9	0.01
L	3363714043	3363714043	1	9	9	0.01
L	3345703858	3345703858	1	9	9	0.01
L	3344509576	3344509576	1	9	9	0.01
L	3323939454	3323939454	1	9	9	0.01
L	3376997116	3376997116	1	9	9	0.01
L	3381892345	3381892345	1	9	9	0.01
L	2258020869	2258020869	1	9	9	0.01
L	2258236812	2258236812	1	9	9	0.01
L	3307650722	3307650722	1	9	9	0.01
L	3300917270	3300917270	1	9	9	0.01
L	3297348316	3297348316	1	9	9	0.01
L	3269638234	3269638234	1	9	9	0.01
L	3267262047	3267262047	1	9	9	0.01
L	3266386442	3266386442	1	9	9	0.01
L	3258471254	3258471254	1	9	9	0.01
L	3246883760	3246883760	1	9	9	0.01
L	3334048024	3334048024	1	9	9	0.01
L	3232712439	3232712439	1	9	9	0.01
L	4837320857	4837320857	1	10	10	0.01
L	4838757463	4838757463	1	10	10	0.01
L	4850448878	4850448878	1	10	10	0.01
L	4851733462	4851733462	1	10	10	0.01
L	4852094250	4852094250	1	10	10	0.01
L	4852125680	4852125680	1	10	10	0.01
L	4856616730	4856616730	1	10	10	0.01
L	4863152349	4863152349	1	10	10	0.01
L	4864765339	4864765339	1	10	10	0.01
L	4865321608	4865321608	1	10	10	0.01
L	4879864867	4879864867	1	10	10	0.01
L	1272551469	1272551469	1	10	10	0.01
L	1246023325	1246023325	1	10	10	0.01
L	10067856	10067856	1	10	10	0.01
L	2913335665	2913335665	1	10	10	0.01
L	1167177	1167177	1	10	10	0.01
L	2083912	2083912	1	10	10	0.01
L	4980495	4980495	1	10	10	0.01
L	62685137	62685137	1	10	10	0.01
L	65149867	65149867	1	10	10	0.01
L	67838118	67838118	1	10	10	0.01
L	72170420	72170420	1	10	10	0.01
L	76742462	76742462	1	10	10	0.01
L	76970235	76970235	1	10	10	0.01
L	41478731	41478731	1	10	10	0.01
L	4998771253	4998771253	1	10	10	0.01
L	4998986373	4998986373	1	10	10	0.01
L	5023749928	5023749928	1	10	10	0.01
L	5033843581	5033843581	1	10	10	0.01
L	5037012126	5037012126	1	10	10	0.01
L	5045288940	5045288940	1	10	10	0.01
L	4506112641	4506112641	1	10	10	0.01
L	4517964880	4517964880	1	10	10	0.01
L	4518265331	4518265331	1	10	10	0.01
L	4755169175	4755169175	1	10	10	0.01
L	4752212921	4752212921	1	10	10	0.01
L	4752061328	4752061328	1	10	10	0.01
L	4503681577	4503681577	1	10	10	0.01
L	4441823615	4441823615	1	10	10	0.01
L	4438584020	4438584020	1	10	10	0.01
L	4488236721	4488236721	1	10	10	0.01
L	4487013613	4487013613	1	10	10	0.01
L	4486102654	4486102654	1	10	10	0.01
L	4477745354	4477745354	1	10	10	0.01
L	4473320342	4473320342	1	10	10	0.01
L	4470266423	4470266423	1	10	10	0.01
L	4463290502	4463290502	1	10	10	0.01
L	4463196048	4463196048	1	10	10	0.01
L	4490882311	4490882311	1	10	10	0.01
L	4756825789	4756825789	1	10	10	0.01
L	4757829822	4757829822	1	10	10	0.01
L	4759067600	4759067600	1	10	10	0.01
L	2876036492	2876036492	1	10	10	0.01
L	4880038180	4880038180	1	5	5	0.01
L	4803304447	4803304447	1	5	5	0.01
L	4808406825	4808406825	1	5	5	0.01
L	4812855733	4812855733	1	5	5	0.01
L	4813665494	4813665494	1	5	5	0.01
L	4818860927	4818860927	1	5	5	0.01
L	4824151860	4824151860	1	5	5	0.01
L	4824282127	4824282127	1	5	5	0.01
L	2456662405	2456662405	1	5	5	0.01
L	4181837716	4181837716	1	5	5	0.01
L	2457387499	2457387499	1	5	5	0.01
L	2454896090	2454896090	1	5	5	0.01
L	4175337621	4175337621	1	5	5	0.01
L	4176858939	4176858939	1	5	5	0.01
L	2808450536	2808450536	1	5	5	0.01
L	2807424435	2807424435	1	5	5	0.01
L	2812025538	2812025538	1	5	5	0.01
L	4423954489	4423954489	1	5	5	0.01
L	211138943	211138943	1	5	5	0.01
L	241554849	241554849	1	5	5	0.01
L	4207670211	4207670211	1	5	5	0.01
L	4211781074	4211781074	1	5	5	0.01
L	4214712800	4214712800	1	5	5	0.01
L	4215449025	4215449025	1	5	5	0.01
L	4215523779	4215523779	1	5	5	0.01
L	4201908247	4201908247	1	5	5	0.01
L	4223443245	4223443245	1	5	5	0.01
L	4231778635	4231778635	1	5	5	0.01
L	4233452148	4233452148	1	5	5	0.01
L	4190185859	4190185859	1	5	5	0.01
L	812026870	812026870	1	5	5	0.01
L	809906403	809906403	1	5	5	0.01
L	800725563	800725563	1	5	5	0.01
L	799012703	799012703	1	5	5	0.01
L	789646511	789646511	1	5	5	0.01
L	787024879	787024879	1	5	5	0.01
L	775704764	775704764	1	5	5	0.01
L	760558490	760558490	1	5	5	0.01
L	751120119	751120119	1	5	5	0.01
L	749589973	749589973	1	5	5	0.01
L	748529899	748529899	1	5	5	0.01
L	746943083	746943083	1	5	5	0.01
L	731435873	731435873	1	5	5	0.01
L	742484960	742484960	1	5	5	0.01
L	649883403	649883403	1	12	12	0.01
L	648128580	648128580	1	12	12	0.01
L	643831398	643831398	1	12	12	0.01
L	643671565	643671565	1	12	12	0.01
L	643529851	643529851	1	12	12	0.01
L	641963252	641963252	1	12	12	0.01
L	636952482	636952482	1	12	12	0.01
L	657854168	657854168	1	12	12	0.01
L	658082821	658082821	1	12	12	0.01
L	658147819	658147819	1	12	12	0.01
L	659072104	659072104	1	12	12	0.01
L	623086052	623086052	1	12	12	0.01
L	2683110782	2683110782	1	12	12	0.01
L	2675858848	2675858848	1	12	12	0.01
L	2675744097	2675744097	1	12	12	0.01
L	2668947880	2668947880	1	12	12	0.01
L	2703832786	2703832786	1	12	12	0.01
L	2703711744	2703711744	1	12	12	0.01
L	2703361207	2703361207	1	12	12	0.01
L	2702357362	2702357362	1	12	12	0.01
L	2700968271	2700968271	1	12	12	0.01
L	2698820099	2698820099	1	12	12	0.01
L	657317988	657317988	1	12	12	0.01
L	3473983283	3473983283	1	12	12	0.01
L	3470749925	3470749925	1	12	12	0.01
L	3468962209	3468962209	1	12	12	0.01
L	2975615817	2975615817	1	12	12	0.01
L	2990768021	2990768021	1	12	12	0.01
L	3001741048	3001741048	1	12	12	0.01
L	3003876799	3003876799	1	12	12	0.01
L	3010368791	3010368791	1	12	12	0.01
L	3015145647	3015145647	1	12	12	0.01
L	3021682652	3021682652	1	12	12	0.01
L	3021983424	3021983424	1	12	12	0.01
L	3022507080	3022507080	1	12	12	0.01
L	3416764734	3416764734	1	12	12	0.01
L	3420167883	3420167883	1	12	12	0.01
L	3424222565	3424222565	1	12	12	0.01
L	4485404765	4485404765	1	13	13	0.01
L	1923984042	1923984042	1	13	13	0.01
L	1899139296	1899139296	1	13	13	0.01
L	1899049485	1899049485	1	13	13	0.01
L	4747222048	4747222048	1	13	13	0.01
L	2881450356	2881450356	1	13	13	0.01
L	1914722788	1914722788	1	13	13	0.01
L	2304964729	2304964729	1	13	13	0.01
L	2293288637	2293288637	1	13	13	0.01
L	2292025727	2292025727	1	13	13	0.01
L	2273979667	2273979667	1	13	13	0.01
L	2273945589	2273945589	1	13	13	0.01
L	2271869655	2271869655	1	13	13	0.01
L	2269625301	2269625301	1	13	13	0.01
L	2268570214	2268570214	1	13	13	0.01
L	2267783542	2267783542	1	13	13	0.01
L	2266870260	2266870260	1	13	13	0.01
L	1585870986	1585870986	1	13	13	0.01
L	4278412455	4278412455	1	13	13	0.01
L	1606654353	1606654353	1	13	13	0.01
L	1609078955	1609078955	1	13	13	0.01
L	1614819551	1614819551	1	13	13	0.01
L	1636454207	1636454207	1	13	13	0.01
L	1637830911	1637830911	1	13	13	0.01
L	1640655986	1640655986	1	13	13	0.01
L	1641306863	1641306863	1	13	13	0.01
L	1642438266	1642438266	1	13	13	0.01
L	1490118267	1490118267	1	13	13	0.01
L	1490169208	1490169208	1	13	13	0.01
L	1479828269	1479828269	1	13	13	0.01
L	1485279142	1485279142	1	13	13	0.01
L	1430309295	1430309295	1	13	13	0.01
L	1430353743	1430353743	1	13	13	0.01
L	1438124051	1438124051	1	13	13	0.01
L	1438586144	1438586144	1	13	13	0.01
L	5100315096	5100315096	1	14	14	0.01
L	5098606504	5098606504	1	14	14	0.01
L	5098463739	5098463739	1	14	14	0.01
L	5057733420	5057733420	1	14	14	0.01
L	5015889319	5015889319	1	14	14	0.01
L	1161563792	1161563792	1	14	14	0.01
L	5124519150	5124519150	1	14	14	0.01
L	5141961520	5141961520	1	14	14	0.01
L	5142118841	5142118841	1	14	14	0.01
L	4687492009	4687492009	1	14	14	0.01
L	4976290412	4976290412	1	14	14	0.01
L	4834673253	4834673253	1	14	14	0.01
L	5000573254	5000573254	1	14	14	0.01
L	5001133909	5001133909	1	14	14	0.01
L	4801252840	4801252840	1	14	14	0.01
L	4896351620	4896351620	1	14	14	0.01
L	4896752379	4896752379	1	14	14	0.01
L	1492480513	1492480513	1	14	14	0.01
L	1486349360	1486349360	1	14	14	0.01
L	1496001534	1496001534	1	14	14	0.01
L	1505608599	1505608599	1	14	14	0.01
L	1544797303	1544797303	1	14	14	0.01
L	1544822908	1544822908	1	14	14	0.01
L	1552080176	1552080176	1	14	14	0.01
L	1556387321	1556387321	1	14	14	0.01
L	1512847916	1512847916	1	14	14	0.01
L	1512445998	1512445998	1	14	14	0.01
L	1513500219	1513500219	1	14	14	0.01
L	1513551446	1513551446	1	14	14	0.01
L	1514056465	1514056465	1	14	14	0.01
L	1515821300	1515821300	1	14	14	0.01
L	1523915312	1523915312	1	14	14	0.01
L	1524760662	1524760662	1	14	14	0.01
L	1525986568	1525986568	1	14	14	0.01
L	1526147534	1526147534	1	14	14	0.01
L	5150715105	5150715105	1	14	14	0.01
L	4939318023	4939318023	1	14	14	0.01
L	4937565203	4937565203	1	14	14	0.01
L	3444134431	3444134431	1	15	15	0.01
L	3436736369	3436736369	1	15	15	0.01
L	1376628791	1376628791	1	15	15	0.01
L	1297345567	1297345567	1	15	15	0.01
L	1310145543	1310145543	1	15	15	0.01
L	1310282469	1310282469	1	15	15	0.01
L	1270889050	1270889050	1	15	15	0.01
L	1268323131	1268323131	1	15	15	0.01
L	1263004511	1263004511	1	15	15	0.01
L	1259344794	1259344794	1	15	15	0.01
L	1259271159	1259271159	1	15	15	0.01
L	1257443857	1257443857	1	15	15	0.01
L	1347390887	1347390887	1	15	15	0.01
L	1238539108	1238539108	1	15	15	0.01
L	1153884213	1153884213	1	15	15	0.01
L	1153342114	1153342114	1	15	15	0.01
L	1156357595	1156357595	1	15	15	0.01
L	1361787561	1361787561	1	15	15	0.01
L	1362179123	1362179123	1	15	15	0.01
L	1374134621	1374134621	1	15	15	0.01
L	1365443909	1365443909	1	15	15	0.01
L	1365408405	1365408405	1	15	15	0.01
L	3852116096	3852116096	1	15	15	0.01
L	3850224163	3850224163	1	15	15	0.01
L	3847132962	3847132962	1	15	15	0.01
L	3846340479	3846340479	1	15	15	0.01
L	3846191848	3846191848	1	15	15	0.01
L	3845844910	3845844910	1	15	15	0.01
L	3844198365	3844198365	1	15	15	0.01
L	3842297956	3842297956	1	15	15	0.01
L	3841989899	3841989899	1	15	15	0.01
L	3836333149	3836333149	1	15	15	0.01
L	3835375215	3835375215	1	15	15	0.01
L	3834889087	3834889087	1	15	15	0.01
L	3833744692	3833744692	1	15	15	0.01
L	3831414118	3831414118	1	15	15	0.01
L	3828606568	3828606568	1	15	15	0.01
L	3827568745	3827568745	1	15	15	0.01
L	3826009014	3826009014	1	15	15	0.01
L	3825828859	3825828859	1	15	15	0.01
L	3817931124	3817931124	1	15	15	0.01
L	3817620723	3817620723	1	15	15	0.01
L	3815699299	3815699299	1	15	15	0.01
L	3802000254	3802000254	1	15	15	0.01
L	1419351607	1419351607	1	15	15	0.01
L	1418005576	1418005576	1	15	15	0.01
L	1417849578	1417849578	1	15	15	0.01
L	1030913245	1030913245	1	16	16	0.01
L	1028943498	1028943498	1	16	16	0.01
L	1027838464	1027838464	1	16	16	0.01
L	1058461023	1058461023	1	16	16	0.01
L	1058675662	1058675662	1	16	16	0.01
L	1154985799	1154985799	1	16	16	0.01
L	1049917793	1049917793	1	16	16	0.01
L	1040490833	1040490833	1	16	16	0.01
L	1040302705	1040302705	1	16	16	0.01
L	1040223770	1040223770	1	16	16	0.01
L	1039598192	1039598192	1	16	16	0.01
L	1116293516	1116293516	1	16	16	0.01
L	1116379427	1116379427	1	16	16	0.01
L	1126094213	1126094213	1	16	16	0.01
L	1128155122	1128155122	1	16	16	0.01
L	1141114645	1141114645	1	16	16	0.01
L	1105555687	1105555687	1	16	16	0.01
L	1103102309	1103102309	1	16	16	0.01
L	1100053853	1100053853	1	16	16	0.01
L	1099959830	1099959830	1	16	16	0.01
L	1099920909	1099920909	1	16	16	0.01
L	1088459892	1088459892	1	16	16	0.01
L	1088227376	1088227376	1	16	16	0.01
L	1087294090	1087294090	1	16	16	0.01
L	1079695286	1079695286	1	16	16	0.01
L	1078024116	1078024116	1	16	16	0.01
L	1077898619	1077898619	1	16	16	0.01
L	1077826791	1077826791	1	16	16	0.01
L	1077545586	1077545586	1	16	16	0.01
L	1141592013	1141592013	1	16	16	0.01
L	1113220207	1113220207	1	16	16	0.01
L	4508496008	4508496008	1	16	16	0.01
L	4319271005	4319271005	1	16	16	0.01
L	4316595533	4316595533	1	16	16	0.01
L	4306500491	4306500491	1	16	16	0.01
L	4306455825	4306455825	1	16	16	0.01
L	4306406105	4306406105	1	16	16	0.01
L	4305746707	4305746707	1	16	16	0.01
L	4291110442	4291110442	1	16	16	0.01
L	4289488275	4289488275	1	16	16	0.01
L	3211417348	3211417348	1	16	16	0.01
L	3206036841	3206036841	1	16	16	0.01
L	3205998803	3205998803	1	16	16	0.01
L	3203476656	3203476656	1	16	16	0.01
L	3202422152	3202422152	1	16	16	0.01
L	3202250529	3202250529	1	16	16	0.01
L	3202189874	3202189874	1	16	16	0.01
L	3202098879	3202098879	1	16	16	0.01
L	3202013590	3202013590	1	16	16	0.01
L	3098110981	3098110981	1	16	16	0.01
L	3058748851	3058748851	1	16	16	0.01
L	3057485913	3057485913	1	16	16	0.01
L	3056555490	3056555490	1	16	16	0.01
L	3077417507	3077417507	1	16	16	0.01
L	3077179975	3077179975	1	16	16	0.01
L	4934805489	4934805489	1	17	17	0.01
L	4928781530	4928781530	1	17	17	0.01
L	4928920481	4928920481	1	17	17	0.01
L	4927231351	4927231351	1	17	17	0.01
L	4931426020	4931426020	1	17	17	0.01
L	1004337992	1004337992	1	17	17	0.01
L	1012212346	1012212346	1	17	17	0.01
L	991213135	991213135	1	17	17	0.01
L	941061741	941061741	1	17	17	0.01
L	947055315	947055315	1	17	17	0.01
L	965884671	965884671	1	17	17	0.01
L	986624444	986624444	1	17	17	0.01
L	3565760219	3565760219	1	17	17	0.01
L	3566567256	3566567256	1	17	17	0.01
L	3571016493	3571016493	1	17	17	0.01
L	3584287388	3584287388	1	17	17	0.01
L	3586432200	3586432200	1	17	17	0.01
L	3598322073	3598322073	1	17	17	0.01
L	3600385762	3600385762	1	17	17	0.01
L	3605743916	3605743916	1	17	17	0.01
L	3621992935	3621992935	1	17	17	0.01
L	3626330626	3626330626	1	17	17	0.01
L	3628153900	3628153900	1	17	17	0.01
L	3628771659	3628771659	1	17	17	0.01
L	3628929680	3628929680	1	17	17	0.01
L	3630980259	3630980259	1	17	17	0.01
L	3631190243	3631190243	1	17	17	0.01
L	3632777289	3632777289	1	17	17	0.01
L	3636176413	3636176413	1	17	17	0.01
L	4371398503	4371398503	1	17	17	0.01
L	4371414747	4371414747	1	17	17	0.01
L	4382829342	4382829342	1	17	17	0.01
L	583111170	583111170	1	17	17	0.01
L	583675878	583675878	1	17	17	0.01
L	584283812	584283812	1	17	17	0.01
L	587062746	587062746	1	17	17	0.01
L	587386067	587386067	1	17	17	0.01
L	534048447	534048447	1	17	17	0.01
L	541019468	541019468	1	17	17	0.01
L	547583016	547583016	1	17	17	0.01
L	547976859	547976859	1	17	17	0.01
L	581801057	581801057	1	17	17	0.01
L	581288867	581288867	1	17	17	0.01
L	581068501	581068501	1	17	17	0.01
L	580778884	580778884	1	17	17	0.01
L	579974638	579974638	1	17	17	0.01
L	578831985	578831985	1	17	17	0.01
L	577717240	577717240	1	17	17	0.01
L	576459800	576459800	1	17	17	0.01
L	572693151	572693151	1	17	17	0.01
L	566894684	566894684	1	17	17	0.01
L	566583650	566583650	1	17	17	0.01
L	549391699	549391699	1	17	17	0.01
L	549474662	549474662	1	17	17	0.01
L	557276088	557276088	1	17	17	0.01
L	4235637656	4235637656	1	18	18	0.01
L	4238892032	4238892032	1	18	18	0.01
L	4241093335	4241093335	1	18	18	0.01
L	4241189826	4241189826	1	18	18	0.01
L	4247230251	4247230251	1	18	18	0.01
L	4250825861	4250825861	1	18	18	0.01
L	4253484011	4253484011	1	18	18	0.01
L	849906816	849906816	1	18	18	0.01
L	4275227019	4275227019	1	18	18	0.01
L	4263188240	4263188240	1	18	18	0.01
L	4258856350	4258856350	1	18	18	0.01
L	4258089926	4258089926	1	18	18	0.01
L	4255177032	4255177032	1	18	18	0.01
L	872039716	872039716	1	18	18	0.01
L	900000273	900000273	1	18	18	0.01
L	910318691	910318691	1	18	18	0.01
L	2967776470	2967776470	1	18	18	0.01
L	2965723448	2965723448	1	18	18	0.01
L	2953838168	2953838168	1	18	18	0.01
L	2939092699	2939092699	1	18	18	0.01
L	2918516297	2918516297	1	18	18	0.01
L	2919691424	2919691424	1	18	18	0.01
L	4264406548	4264406548	1	18	18	0.01
L	4264464701	4264464701	1	18	18	0.01
L	4266986291	4266986291	1	18	18	0.01
L	4267060832	4267060832	1	18	18	0.01
L	4267128366	4267128366	1	18	18	0.01
L	4269607395	4269607395	1	18	18	0.01
L	917150171	917150171	1	18	18	0.01
L	1404423276	1404423276	1	19	19	0.01
L	3552803034	3552803034	1	19	19	0.01
L	3558117450	3558117450	1	19	19	0.01
L	1044642596	1044642596	1	19	19	0.01
L	3535546145	3535546145	1	19	19	0.01
L	3534926349	3534926349	1	19	19	0.01
L	3533966648	3533966648	1	19	19	0.01
L	3530124837	3530124837	1	19	19	0.01
L	3527643675	3527643675	1	19	19	0.01
L	3527489052	3527489052	1	19	19	0.01
L	3525783735	3525783735	1	19	19	0.01
L	3524333811	3524333811	1	19	19	0.01
L	85929462	85929462	1	19	19	0.01
L	81450599	81450599	1	19	19	0.01
L	81180063	81180063	1	19	19	0.01
L	81082126	81082126	1	19	19	0.01
L	105846088	105846088	1	19	19	0.01
L	107542335	107542335	1	19	19	0.01
L	107712811	107712811	1	19	19	0.01
L	109425654	109425654	1	19	19	0.01
L	112046033	112046033	1	19	19	0.01
L	115406946	115406946	1	19	19	0.01
L	145141655	145141655	1	19	19	0.01
L	145941168	145941168	1	19	19	0.01
L	149595062	149595062	1	19	19	0.01
L	151168234	151168234	1	19	19	0.01
L	151864564	151864564	1	19	19	0.01
L	160387272	160387272	1	19	19	0.01
L	171365460	171365460	1	19	19	0.01
L	179785777	179785777	1	19	19	0.01
L	4044214410	4044214410	1	20	20	0.01
L	1961280781	1961280781	1	20	20	0.01
L	1961194373	1961194373	1	20	20	0.01
L	3516426613	3516426613	1	20	20	0.01
L	3516355750	3516355750	1	20	20	0.01
L	3516245043	3516245043	1	20	20	0.01
L	3516192563	3516192563	1	20	20	0.01
L	3516130076	3516130076	1	20	20	0.01
L	3515974731	3515974731	1	20	20	0.01
L	621884902	621884902	1	20	20	0.01
L	3468136573	3468136573	1	20	20	0.01
L	2505500130	2505500130	1	20	20	0.01
L	2503914059	2503914059	1	20	20	0.01
L	1822644588	1822644588	1	20	20	0.01
L	2585026210	2585026210	1	20	20	0.01
L	2516298992	2516298992	1	20	20	0.01
L	2516238249	2516238249	1	20	20	0.01
L	2514627447	2514627447	1	20	20	0.01
L	2512803221	2512803221	1	20	20	0.01
L	1955662474	1955662474	1	20	20	0.01
L	1947364886	1947364886	1	20	20	0.01
L	1947317157	1947317157	1	20	20	0.01
L	1823854699	1823854699	1	20	20	0.01
L	1828147874	1828147874	1	20	20	0.01
L	1940152160	1940152160	1	20	20	0.01
L	1940044311	1940044311	1	20	20	0.01
L	1937260622	1937260622	1	20	20	0.01
L	1845512231	1845512231	1	20	20	0.01
L	1839477529	1839477529	1	20	20	0.01
L	1842183266	1842183266	1	20	20	0.01
L	1857474109	1857474109	1	20	20	0.01
L	1867460196	1867460196	1	20	20	0.01
L	1867578958	1867578958	1	20	20	0.01
L	1869244374	1869244374	1	20	20	0.01
L	1870172505	1870172505	1	20	20	0.01
L	3073350740	3073350740	1	21	21	0.01
L	3066164367	3066164367	1	21	21	0.01
L	3065759460	3065759460	1	21	21	0.01
L	3062960798	3062960798	1	21	21	0.01
L	3144585421	3144585421	1	21	21	0.01
L	3146880996	3146880996	1	21	21	0.01
L	3146928921	3146928921	1	21	21	0.01
L	3148372193	3148372193	1	21	21	0.01
L	3149930399	3149930399	1	21	21	0.01
L	4618870141	4618870141	1	21	21	0.01
L	4624405281	4624405281	1	21	21	0.01
L	3152243615	3152243615	1	21	21	0.01
L	3156446737	3156446737	1	21	21	0.01
L	3153651909	3153651909	1	21	21	0.01
L	4792196900	4792196900	1	21	21	0.01
L	4792070924	4792070924	1	21	21	0.01
L	3184055338	3184055338	1	21	21	0.01
L	3175326196	3175326196	1	21	21	0.01
L	4324094482	4324094482	1	22	22	0.01
L	629448838	629448838	1	22	22	0.01
L	629084437	629084437	1	22	22	0.01
L	628730262	628730262	1	22	22	0.01
L	626950583	626950583	1	22	22	0.01
L	626787811	626787811	1	22	22	0.01
L	626366916	626366916	1	22	22	0.01
L	602023073	602023073	1	22	22	0.01
L	631414463	631414463	1	22	22	0.01
L	631532125	631532125	1	22	22	0.01
L	3680498147	3680498147	1	22	22	0.01
L	4363737800	4363737800	1	22	22	0.01
L	3681058858	3681058858	1	22	22	0.01
L	3092652788	3092652788	1	22	22	0.01
L	3093595260	3093595260	1	22	22	0.01
L	3222188568	3222188568	1	22	22	0.01
L	706063315	706063315	1	22	22	0.01
L	3674673767	3674673767	1	22	22	0.01
L	3674044750	3674044750	1	22	22	0.01
L	3682080424	3682080424	1	22	22	0.01
L	3683371231	3683371231	1	22	22	0.01
L	3682819353	3682819353	1	22	22	0.01
L	3698991213	3698991213	1	22	22	0.01
L	2334229247	2334229247	1	23	23	0.01
L	2039473303	2039473303	1	23	23	0.01
L	2093992314	2093992314	1	23	23	0.01
L	2068214534	2068214534	1	23	23	0.01
L	2068151039	2068151039	1	23	23	0.01
L	2065947183	2065947183	1	23	23	0.01
L	2328963661	2328963661	1	23	23	0.01
L	2328539072	2328539072	1	23	23	0.01
L	2324186450	2324186450	1	23	23	0.01
L	3146833390	3146833390	1	23	23	0.01
L	1197639084	1197639084	1	23	23	0.01
L	1223509895	1223509895	1	23	23	0.01
L	4832505622	4832505622	1	23	23	0.01
L	4831877175	4831877175	1	23	23	0.01
L	4831180652	4831180652	1	23	23	0.01
L	2041681838	2041681838	1	23	23	0.01
L	4828223555	4828223555	1	23	23	0.01
L	4825565221	4825565221	1	23	23	0.01
L	4769976862	4769976862	1	24	24	0.01
L	4708980915	4708980915	1	24	24	0.01
L	4710395560	4710395560	1	24	24	0.01
L	4713758211	4713758211	1	24	24	0.01
L	4715880584	4715880584	1	24	24	0.01
L	4328855654	4328855654	1	25	25	0.01
L	1481027280	1481027280	1	25	25	0.01
L	3761620861	3761620861	1	25	25	0.01
L	4075917720	4075917720	1	25	25	0.01
L	2844624719	2844624719	1	25	25	0.01
L	2838225958	2838225958	1	25	25	0.01
L	2832553620	2832553620	1	25	25	0.01
L	2825367616	2825367616	1	25	25	0.01
L	3674908593	3674908593	1	25	25	0.01
L	3673169840	3673169840	1	25	25	0.01
L	3390425458	3390425458	1	25	25	0.01
L	4322828195	4322828195	1	25	25	0.01
L	2563298253	2563298253	1	25	25	0.01
L	4325376712	4325376712	1	25	25	0.01
L	4325583881	4325583881	1	25	25	0.01
L	4325823047	4325823047	1	25	25	0.01
L	2575765450	2575765450	1	25	25	0.01
L	2582597782	2582597782	1	25	25	0.01
L	2519825813	2519825813	1	25	25	0.01
L	2519478077	2519478077	1	25	25	0.01
L	2517814189	2517814189	1	25	25	0.01
L	1998492458	1998492458	1	25	25	0.01
L	2526454634	2526454634	1	25	25	0.01
L	2526647426	2526647426	1	25	25	0.01
L	2533385011	2533385011	1	25	25	0.01
L	2537400516	2537400516	1	25	25	0.01
L	2539441540	2539441540	1	25	25	0.01
L	2542729125	2542729125	1	25	25	0.01
L	2562885979	2562885979	1	25	25	0.01
L	2562298327	2562298327	1	25	25	0.01
L	2560594880	2560594880	1	25	25	0.01
L	3934653122	3934653122	1	26	26	0.01
L	3930126316	3930126316	1	26	26	0.01
L	3929318961	3929318961	1	26	26	0.01
L	4232584547	4232584547	1	26	26	0.01
L	3928302990	3928302990	1	26	26	0.01
L	3936962456	3936962456	1	26	26	0.01
L	3938018830	3938018830	1	26	26	0.01
L	4021038036	4021038036	1	26	26	0.01
L	4023783318	4023783318	1	26	26	0.01
L	4024093844	4024093844	1	26	26	0.01
L	4026481505	4026481505	1	26	26	0.01
L	4031357110	4031357110	1	26	26	0.01
L	4390980981	4390980981	1	27	27	0.01
L	4389619808	4389619808	1	27	27	0.01
L	4389585278	4389585278	1	27	27	0.01
L	4389525049	4389525049	1	27	27	0.01
L	4387068729	4387068729	1	27	27	0.01
L	4379348732	4379348732	1	27	27	0.01
L	3646074240	3646074240	1	27	27	0.01
L	3646146776	3646146776	1	27	27	0.01
L	3649069407	3649069407	1	27	27	0.01
L	3649100278	3649100278	1	27	27	0.01
L	3651717771	3651717771	1	27	27	0.01
L	3653770037	3653770037	1	27	27	0.01
L	3656231322	3656231322	1	27	27	0.01
L	3658038981	3658038981	1	27	27	0.01
L	3670551086	3670551086	1	27	27	0.01
L	3669797719	3669797719	1	27	27	0.01
L	3669395154	3669395154	1	27	27	0.01
L	3666441845	3666441845	1	27	27	0.01
L	3659345560	3659345560	1	27	27	0.01
L	4085402376	4085402376	1	28	28	0.01
L	3736565160	3736565160	1	28	28	0.01
L	3738205953	3738205953	1	28	28	0.01
L	3739074994	3739074994	1	28	28	0.01
L	3717516555	3717516555	1	28	28	0.01
L	3711039816	3711039816	1	28	28	0.01
L	4041069616	4041069616	1	28	28	0.01
L	4040441978	4040441978	1	28	28	0.01
L	2250865875	2250865875	1	28	28	0.01
L	2152411935	2152411935	1	28	28	0.01
L	2198635595	2198635595	1	28	28	0.01
L	2120927703	2120927703	1	28	28	0.01
L	2220374093	2220374093	1	28	28	0.01
L	2190795598	2190795598	1	28	28	0.01
L	2191772247	2191772247	1	28	28	0.01
L	2214591676	2214591676	1	28	28	0.01
L	2211836703	2211836703	1	28	28	0.01
L	2162517008	2162517008	1	28	28	0.01
L	2161984453	2161984453	1	28	28	0.01
1	1	529734911	1	1		1
2	529734912	1017471995	1	1		1
3	1017471996	1420759330	1	1		1
4	1420759331	1807309590	1	1		1
5	1807309591	2120575991	1	1		1
6	2120575992	2266833473	1	1		1
7	2266833474	2503539354	1	1		1
8	2503539355	2705058823	1	1		1
9	2705058824	2880763876	1	1		1
10	2880763877	3049605243	1	1		1
11	3049605244	3229982061	1	1		1
12	3229982062	3401695984	1	1		1
13	3401695985	3521825880	1	1		1
14	3521825881	3672048191	1	1		1
15	3672048192	3746961422	1	1		1
16	3746961423	3878744068	1	1		1
17	3878744069	4008082329	1	1		1
18	4008082330	4135000166	1	1		1
19	4135000167	4234753391	1	1		1
20	4234753392	4321483775	1	1		1
21	4321483776	4391113575	1	1		1
X1	4391113576	4746268539	1	1		1
X2	4746268540	4830518116	1	1		1
X3	4830518117	4926700489	1	1		1
X4	4926700490	4951239222	1	1		1
X5	4951239223	5150456637	1	1		1
Y3	5150456638	5157465704	1	1		1
Y1	5157465705	5160970646	1	1		1
Y2	5160970647	5174037520	1	1		1
Y4	5174037521	5176928955	1	1		1
Y5	5176928956	5178571770	1	1		1
