name	start	end	strand	col	fill	lwd
1	1	272819900	1	4	4	0.1
2	272819901	355074786	1	4	4	0.1
3	355074787	628632785	1	4	4	0.1
4	628632786	888788938	1	4	4	0.1
5	888788939	1143015315	1	4	4	0.1
6	1143015316	1573342482	1	4	4	0.1
7	1573342483	1814157308	1	4	4	0.1
8	1814157309	2020009923	1	4	4	0.1
9	2020009924	2276296837	1	4	4	0.1
10	2276296838	2531516877	1	4	4	0.1
11	2531516878	2725046357	1	4	4	0.1
12	2725046358	2923892468	1	4	4	0.1
13	2923892469	3188326295	1	4	4	0.1
14	3188326296	3406909244	1	4	4	0.1
15	3406909245	3626830483	1	4	4	0.1
16	3626830484	3865801967	1	4	4	0.1
17	3865801968	4086570229	1	4	4	0.1
18	4086570230	4255716777	1	4	4	0.1
19	4255716778	4415979791	1	4	4	0.1
20	4415979792	4586964175	1	4	4	0.1
21	4586964176	4818473550	1	4	4	0.1
22	4818473551	5024434667	1	4	4	0.1
24	5024434668	5178571771	1	4	4	0.1
1	1	272819900	1	1	4	0.1
2	272819901	355074786	1	1	4	0.1
3	355074787	628632785	1	1	4	0.1
4	628632786	888788938	1	1	4	0.1
5	888788939	1143015315	1	1	4	0.1
6	1143015316	1573342482	1	1	4	0.1
7	1573342483	1814157308	1	1	4	0.1
8	1814157309	2020009923	1	1	4	0.1
9	2020009924	2276296837	1	1	4	0.1
10	2276296838	2531516877	1	1	4	0.1
11	2531516878	2725046357	1	1	4	0.1
12	2725046358	2923892468	1	1	4	0.1
13	2923892469	3188326295	1	1	4	0.1
14	3188326296	3406909244	1	1	4	0.1
15	3406909245	3626830483	1	1	4	0.1
16	3626830484	3865801967	1	1	4	0.1
17	3865801968	4086570229	1	1	4	0.1
18	4086570230	4255716777	1	1	4	0.1
19	4255716778	4415979791	1	1	4	0.1
20	4415979792	4586964175	1	1	4	0.1
21	4586964176	4818473550	1	1	4	0.1
22	4818473551	5024434667	1	1	4	0.1
24	5024434668	5178571771	1	1	4	0.1
L	991935291	991935291	1	6	6	0.01
L	1595648062	1595648062	1	6	6	0.01
L	1053156781	1053156781	1	6	6	0.01
L	1596630315	1596630315	1	6	6	0.01
L	1791189113	1791189113	1	6	6	0.01
L	1728432238	1728432238	1	6	6	0.01
L	1722380387	1722380387	1	6	6	0.01
L	1728996268	1728996268	1	6	6	0.01
L	1728724424	1728724424	1	6	6	0.01
L	1796222016	1796222016	1	6	6	0.01
L	1795962182	1795962182	1	6	6	0.01
L	1795624617	1795624617	1	6	6	0.01
L	1690504633	1690504633	1	6	6	0.01
L	974968164	974968164	1	6	6	0.01
L	1767198871	1767198871	1	6	6	0.01
L	1768208321	1768208321	1	6	6	0.01
L	1771517765	1771517765	1	6	6	0.01
L	1771981959	1771981959	1	6	6	0.01
L	1786247637	1786247637	1	6	6	0.01
L	1789819154	1789819154	1	6	6	0.01
L	975208921	975208921	1	6	6	0.01
L	1788121175	1788121175	1	6	6	0.01
L	999360356	999360356	1	6	6	0.01
L	1737159789	1737159789	1	6	6	0.01
L	1729436734	1729436734	1	6	6	0.01
L	1788208313	1788208313	1	6	6	0.01
L	929585525	929585525	1	6	6	0.01
L	1131779723	1131779723	1	6	6	0.01
L	5023416046	5023416046	1	6	6	0.01
L	4995549733	4995549733	1	6	6	0.01
L	4995830499	4995830499	1	6	6	0.01
L	3740060169	3740060169	1	6	6	0.01
L	3667695137	3667695137	1	6	6	0.01
L	3739407052	3739407052	1	6	6	0.01
L	3739647601	3739647601	1	6	6	0.01
L	2666824803	2666824803	1	6	6	0.01
L	3739914996	3739914996	1	6	6	0.01
L	3653119922	3653119922	1	6	6	0.01
L	3653467127	3653467127	1	6	6	0.01
L	3738646299	3738646299	1	6	6	0.01
L	2660737566	2660737566	1	6	6	0.01
L	2556608519	2556608519	1	6	6	0.01
L	2557070218	2557070218	1	6	6	0.01
L	2551360078	2551360078	1	6	6	0.01
L	4841003660	4841003660	1	6	6	0.01
L	3647499237	3647499237	1	6	6	0.01
L	2556079014	2556079014	1	6	6	0.01
L	3659438218	3659438218	1	6	6	0.01
L	3652538578	3652538578	1	6	6	0.01
L	2646230287	2646230287	1	6	6	0.01
L	2628479535	2628479535	1	6	6	0.01
L	672698243	672698243	1	6	6	0.01
L	830614907	830614907	1	6	6	0.01
L	858935441	858935441	1	6	6	0.01
L	735922817	735922817	1	6	6	0.01
L	3925404782	3925404782	1	6	6	0.01
L	3924325655	3924325655	1	6	6	0.01
L	759720627	759720627	1	6	6	0.01
L	3925346331	3925346331	1	6	6	0.01
L	778212026	778212026	1	6	6	0.01
L	635900875	635900875	1	6	6	0.01
L	855982599	855982599	1	6	6	0.01
L	641966831	641966831	1	6	6	0.01
L	777568264	777568264	1	6	6	0.01
L	828582125	828582125	1	6	6	0.01
L	3990426786	3990426786	1	6	6	0.01
L	3990311239	3990311239	1	6	6	0.01
L	3990255182	3990255182	1	6	6	0.01
L	4008652524	4008652524	1	6	6	0.01
L	769214318	769214318	1	6	6	0.01
L	769596381	769596381	1	6	6	0.01
L	773795404	773795404	1	6	6	0.01
L	773872986	773872986	1	6	6	0.01
L	689310177	689310177	1	6	6	0.01
L	687382393	687382393	1	6	6	0.01
L	3950197508	3950197508	1	6	6	0.01
L	734877082	734877082	1	6	6	0.01
L	731094268	731094268	1	6	6	0.01
L	3895054352	3895054352	1	6	6	0.01
L	673788393	673788393	1	6	6	0.01
L	674469765	674469765	1	6	6	0.01
L	845361196	845361196	1	6	6	0.01
L	3882011067	3882011067	1	6	6	0.01
L	3882651379	3882651379	1	6	6	0.01
L	4481601403	4481601403	1	6	6	0.01
L	669042551	669042551	1	6	6	0.01
L	1758820210	1758820210	1	6	6	0.01
L	1694168111	1694168111	1	6	6	0.01
L	1716915429	1716915429	1	6	6	0.01
L	4792785019	4792785019	1	6	6	0.01
L	4793062892	4793062892	1	6	6	0.01
L	4796170227	4796170227	1	6	6	0.01
L	3873769270	3873769270	1	6	6	0.01
L	3946277040	3946277040	1	6	6	0.01
L	3335046484	3335046484	1	6	6	0.01
L	822902419	822902419	1	6	6	0.01
L	755651132	755651132	1	6	6	0.01
L	634425775	634425775	1	6	6	0.01
L	774682721	774682721	1	6	6	0.01
L	299065678	299065678	1	6	6	0.01
L	742878223	742878223	1	6	6	0.01
L	3896173636	3896173636	1	6	6	0.01
L	2186943676	2186943676	1	6	6	0.01
L	696425658	696425658	1	6	6	0.01
L	659596240	659596240	1	6	6	0.01
L	659972892	659972892	1	6	6	0.01
L	1029310850	1029310850	1	6	6	0.01
L	915691706	915691706	1	6	6	0.01
L	1000561230	1000561230	1	6	6	0.01
L	929908752	929908752	1	6	6	0.01
L	5147625451	5147625451	1	6	6	0.01
L	5147193960	5147193960	1	6	6	0.01
L	5147104921	5147104921	1	6	6	0.01
L	4926988784	4926988784	1	6	6	0.01
L	488324290	488324290	1	6	6	0.01
L	5144506695	5144506695	1	6	6	0.01
L	5091040059	5091040059	1	6	6	0.01
L	4002416787	4002416787	1	6	6	0.01
L	3468712690	3468712690	1	6	6	0.01
L	5171330255	5171330255	1	6	6	0.01
L	5171237367	5171237367	1	6	6	0.01
L	3538589537	3538589537	1	6	6	0.01
L	3540220412	3540220412	1	6	6	0.01
L	3537288286	3537288286	1	6	6	0.01
L	3537477678	3537477678	1	6	6	0.01
L	3455694742	3455694742	1	6	6	0.01
L	5148220100	5148220100	1	6	6	0.01
L	5141233209	5141233209	1	7	7	0.01
L	4988449755	4988449755	1	7	7	0.01
L	4988412954	4988412954	1	7	7	0.01
L	4975864112	4975864112	1	7	7	0.01
L	4824486853	4824486853	1	7	7	0.01
L	5079159801	5079159801	1	7	7	0.01
L	4862311662	4862311662	1	7	7	0.01
L	5072084715	5072084715	1	7	7	0.01
L	4821348276	4821348276	1	7	7	0.01
L	2936090737	2936090737	1	7	7	0.01
L	3598230205	3598230205	1	7	7	0.01
L	3452969993	3452969993	1	7	7	0.01
L	3452704683	3452704683	1	7	7	0.01
L	3452261312	3452261312	1	7	7	0.01
L	3451836206	3451836206	1	7	7	0.01
L	3415860583	3415860583	1	7	7	0.01
L	4292335848	4292335848	1	7	7	0.01
L	3448604213	3448604213	1	7	7	0.01
L	2440354	2440354	1	7	7	0.01
L	1437615905	1437615905	1	7	7	0.01
L	3432017273	3432017273	1	7	7	0.01
L	60989612	60989612	1	7	7	0.01
L	3417460572	3417460572	1	7	7	0.01
L	506937693	506937693	1	7	7	0.01
L	506899781	506899781	1	7	7	0.01
L	2469995651	2469995651	1	7	7	0.01
L	2361710304	2361710304	1	7	7	0.01
L	2368118262	2368118262	1	7	7	0.01
L	4921759475	4921759475	1	7	7	0.01
L	315475871	315475871	1	7	7	0.01
L	314513551	314513551	1	7	7	0.01
L	4719681721	4719681721	1	7	7	0.01
L	4719835857	4719835857	1	7	7	0.01
L	278375079	278375079	1	7	7	0.01
L	550489902	550489902	1	7	7	0.01
L	4629329266	4629329266	1	7	7	0.01
L	4645483248	4645483248	1	7	7	0.01
L	4760558801	4760558801	1	7	7	0.01
L	4608086705	4608086705	1	7	7	0.01
L	4625052412	4625052412	1	7	7	0.01
L	4624936337	4624936337	1	7	7	0.01
L	4803206980	4803206980	1	7	7	0.01
L	4593007698	4593007698	1	7	7	0.01
L	4663030692	4663030692	1	7	7	0.01
L	4663467386	4663467386	1	7	7	0.01
L	3428784461	3428784461	1	7	7	0.01
L	4668421312	4668421312	1	7	7	0.01
L	3421953718	3421953718	1	7	7	0.01
L	4691241518	4691241518	1	7	7	0.01
L	3421886549	3421886549	1	7	7	0.01
L	4760985909	4760985909	1	7	7	0.01
L	4762811937	4762811937	1	7	7	0.01
L	350912612	350912612	1	7	7	0.01
L	2465289955	2465289955	1	7	7	0.01
L	4759022756	4759022756	1	7	7	0.01
L	3937452343	3937452343	1	7	7	0.01
L	294805644	294805644	1	7	7	0.01
L	304399552	304399552	1	7	7	0.01
L	4670187547	4670187547	1	7	7	0.01
L	309454740	309454740	1	7	7	0.01
L	322183542	322183542	1	7	7	0.01
L	4594079412	4594079412	1	7	7	0.01
L	4641938239	4641938239	1	7	7	0.01
L	565031119	565031119	1	7	7	0.01
L	4649935489	4649935489	1	7	7	0.01
L	309347182	309347182	1	7	7	0.01
L	3160850319	3160850319	1	7	7	0.01
L	3057290637	3057290637	1	7	7	0.01
L	3122729344	3122729344	1	7	7	0.01
L	849549172	849549172	1	7	7	0.01
L	1091254213	1091254213	1	8	8	0.01
L	982455107	982455107	1	8	8	0.01
L	1003368621	1003368621	1	8	8	0.01
L	1061248214	1061248214	1	8	8	0.01
L	1140039694	1140039694	1	8	8	0.01
L	997361132	997361132	1	8	8	0.01
L	1801248593	1801248593	1	8	8	0.01
L	1010837002	1010837002	1	8	8	0.01
L	3677577382	3677577382	1	8	8	0.01
L	3677970915	3677970915	1	8	8	0.01
L	2624681973	2624681973	1	8	8	0.01
L	2686513721	2686513721	1	8	8	0.01
L	2608757427	2608757427	1	8	8	0.01
L	3545781275	3545781275	1	8	8	0.01
L	3936580759	3936580759	1	8	8	0.01
L	2571770073	2571770073	1	8	8	0.01
L	3740330303	3740330303	1	8	8	0.01
L	3722378499	3722378499	1	8	8	0.01
L	895764288	895764288	1	8	8	0.01
L	1801378579	1801378579	1	8	8	0.01
L	1809864322	1809864322	1	8	8	0.01
L	1008388005	1008388005	1	8	8	0.01
L	1124947638	1124947638	1	8	8	0.01
L	981446933	981446933	1	8	8	0.01
L	1010196981	1010196981	1	8	8	0.01
L	896786235	896786235	1	8	8	0.01
L	1093720434	1093720434	1	8	8	0.01
L	1093852594	1093852594	1	8	8	0.01
L	1100111934	1100111934	1	8	8	0.01
L	1106298973	1106298973	1	8	8	0.01
L	4640237474	4640237474	1	8	8	0.01
L	4640446188	4640446188	1	8	8	0.01
L	4641338702	4641338702	1	8	8	0.01
L	4632393231	4632393231	1	8	8	0.01
L	4492511785	4492511785	1	8	8	0.01
L	816870311	816870311	1	8	8	0.01
L	548705082	548705082	1	8	8	0.01
L	4689041427	4689041427	1	8	8	0.01
L	3909616345	3909616345	1	8	8	0.01
L	4545880247	4545880247	1	8	8	0.01
L	284863006	284863006	1	8	8	0.01
L	4783780878	4783780878	1	8	8	0.01
L	4812895504	4812895504	1	8	8	0.01
L	4516084797	4516084797	1	8	8	0.01
L	3098716739	3098716739	1	8	8	0.01
L	283746461	283746461	1	8	8	0.01
L	3265919128	3265919128	1	8	8	0.01
L	4568571828	4568571828	1	8	8	0.01
L	4621774905	4621774905	1	8	8	0.01
L	3211021172	3211021172	1	8	8	0.01
L	4726698298	4726698298	1	8	8	0.01
L	4727339216	4727339216	1	8	8	0.01
L	4643526694	4643526694	1	8	8	0.01
L	1010114850	1010114850	1	8	8	0.01
L	1109491872	1109491872	1	8	8	0.01
L	1109666243	1109666243	1	8	8	0.01
L	4507537040	4507537040	1	8	8	0.01
L	4507448197	4507448197	1	8	8	0.01
L	3911124659	3911124659	1	8	8	0.01
L	3168312809	3168312809	1	8	8	0.01
L	682752508	682752508	1	8	8	0.01
L	3007587601	3007587601	1	8	8	0.01
L	3065375079	3065375079	1	8	8	0.01
L	3009053988	3009053988	1	8	8	0.01
L	3013520840	3013520840	1	8	8	0.01
L	3064920763	3064920763	1	8	8	0.01
L	1785474821	1785474821	1	8	8	0.01
L	3961418162	3961418162	1	8	8	0.01
L	3961722002	3961722002	1	8	8	0.01
L	665280460	665280460	1	8	8	0.01
L	667974615	667974615	1	8	8	0.01
L	668399537	668399537	1	8	8	0.01
L	3935352754	3935352754	1	8	8	0.01
L	4777907284	4777907284	1	8	8	0.01
L	883942013	883942013	1	8	8	0.01
L	823767926	823767926	1	8	8	0.01
L	732169908	732169908	1	8	8	0.01
L	723305779	723305779	1	8	8	0.01
L	724024789	724024789	1	8	8	0.01
L	768918971	768918971	1	8	8	0.01
L	681389528	681389528	1	8	8	0.01
L	2328997749	2328997749	1	9	9	0.01
L	99363135	99363135	1	9	9	0.01
L	99647209	99647209	1	9	9	0.01
L	2759647530	2759647530	1	9	9	0.01
L	2081927930	2081927930	1	9	9	0.01
L	1127641134	1127641134	1	9	9	0.01
L	1127590791	1127590791	1	9	9	0.01
L	109397497	109397497	1	9	9	0.01
L	172794441	172794441	1	9	9	0.01
L	172935955	172935955	1	9	9	0.01
L	173640829	173640829	1	9	9	0.01
L	2499655147	2499655147	1	9	9	0.01
L	2471435382	2471435382	1	9	9	0.01
L	807225336	807225336	1	9	9	0.01
L	4963023090	4963023090	1	9	9	0.01
L	806012512	806012512	1	9	9	0.01
L	805900814	805900814	1	9	9	0.01
L	765634812	765634812	1	9	9	0.01
L	766695799	766695799	1	9	9	0.01
L	2511388028	2511388028	1	9	9	0.01
L	976153388	976153388	1	9	9	0.01
L	2813917784	2813917784	1	9	9	0.01
L	2121416578	2121416578	1	9	9	0.01
L	2795589495	2795589495	1	9	9	0.01
L	141380256	141380256	1	9	9	0.01
L	185991131	185991131	1	9	9	0.01
L	135024126	135024126	1	9	9	0.01
L	134796145	134796145	1	9	9	0.01
L	179366572	179366572	1	9	9	0.01
L	180780549	180780549	1	9	9	0.01
L	255635020	255635020	1	9	9	0.01
L	2367482660	2367482660	1	9	9	0.01
L	237039204	237039204	1	9	9	0.01
L	124887617	124887617	1	9	9	0.01
L	120233719	120233719	1	9	9	0.01
L	117024694	117024694	1	9	9	0.01
L	111073286	111073286	1	9	9	0.01
L	110666746	110666746	1	9	9	0.01
L	108989829	108989829	1	9	9	0.01
L	169330025	169330025	1	9	9	0.01
L	269165373	269165373	1	9	9	0.01
L	2484725571	2484725571	1	9	9	0.01
L	101760405	101760405	1	9	9	0.01
L	3723402026	3723402026	1	10	10	0.01
L	2644902231	2644902231	1	10	10	0.01
L	3752602845	3752602845	1	10	10	0.01
L	2653612130	2653612130	1	10	10	0.01
L	2652808174	2652808174	1	10	10	0.01
L	2652658237	2652658237	1	10	10	0.01
L	3922706428	3922706428	1	10	10	0.01
L	4496014879	4496014879	1	10	10	0.01
L	4488540137	4488540137	1	10	10	0.01
L	3904079525	3904079525	1	10	10	0.01
L	4530314226	4530314226	1	10	10	0.01
L	2038941402	2038941402	1	10	10	0.01
L	2081599073	2081599073	1	10	10	0.01
L	2859451773	2859451773	1	10	10	0.01
L	3890438947	3890438947	1	10	10	0.01
L	2031927344	2031927344	1	10	10	0.01
L	2124315615	2124315615	1	10	10	0.01
L	2770987058	2770987058	1	10	10	0.01
L	2049341701	2049341701	1	10	10	0.01
L	2058509540	2058509540	1	10	10	0.01
L	2908543607	2908543607	1	10	10	0.01
L	2735350436	2735350436	1	10	10	0.01
L	2249454657	2249454657	1	10	10	0.01
L	2249670035	2249670035	1	10	10	0.01
L	2141588037	2141588037	1	10	10	0.01
L	2024167530	2024167530	1	10	10	0.01
L	2023882856	2023882856	1	10	10	0.01
L	2044593015	2044593015	1	10	10	0.01
L	2047219507	2047219507	1	10	10	0.01
L	2658751528	2658751528	1	10	10	0.01
L	1303734695	1303734695	1	10	10	0.01
L	3252224988	3252224988	1	10	10	0.01
L	3268431475	3268431475	1	10	10	0.01
L	3268241180	3268241180	1	10	10	0.01
L	2411515707	2411515707	1	10	10	0.01
L	2382219785	2382219785	1	10	10	0.01
L	3194270231	3194270231	1	10	10	0.01
L	3249475276	3249475276	1	10	10	0.01
L	2362334033	2362334033	1	10	10	0.01
L	3265707100	3265707100	1	10	10	0.01
L	2383531080	2383531080	1	10	10	0.01
L	2383802128	2383802128	1	10	10	0.01
L	2410154449	2410154449	1	10	10	0.01
L	3189699853	3189699853	1	10	10	0.01
L	2416342266	2416342266	1	10	10	0.01
L	3264224594	3264224594	1	10	10	0.01
L	2393755630	2393755630	1	10	10	0.01
L	2421729310	2421729310	1	10	10	0.01
L	2404318439	2404318439	1	10	10	0.01
L	3191459282	3191459282	1	10	10	0.01
L	3256139481	3256139481	1	10	10	0.01
L	2528953688	2528953688	1	10	10	0.01
L	4291008290	4291008290	1	10	10	0.01
L	4032362156	4032362156	1	5	5	0.01
L	3675119625	3675119625	1	5	5	0.01
L	3957354345	3957354345	1	5	5	0.01
L	647596545	647596545	1	5	5	0.01
L	3903825903	3903825903	1	5	5	0.01
L	2533256093	2533256093	1	5	5	0.01
L	3765313371	3765313371	1	5	5	0.01
L	3643259837	3643259837	1	5	5	0.01
L	1755599919	1755599919	1	5	5	0.01
L	4823979609	4823979609	1	5	5	0.01
L	1760134065	1760134065	1	5	5	0.01
L	1600703445	1600703445	1	5	5	0.01
L	3528701067	3528701067	1	5	5	0.01
L	3527990485	3527990485	1	5	5	0.01
L	5104066286	5104066286	1	5	5	0.01
L	5150205146	5150205146	1	5	5	0.01
L	5105488703	5105488703	1	5	5	0.01
L	3507712086	3507712086	1	5	5	0.01
L	3520770398	3520770398	1	5	5	0.01
L	3415168686	3415168686	1	5	5	0.01
L	5125862318	5125862318	1	5	5	0.01
L	4994145848	4994145848	1	5	5	0.01
L	5043986382	5043986382	1	5	5	0.01
L	5042038595	5042038595	1	5	5	0.01
L	5041761280	5041761280	1	5	5	0.01
L	3775047077	3775047077	1	5	5	0.01
L	3775602751	3775602751	1	5	5	0.01
L	4935958732	4935958732	1	5	5	0.01
L	5087868590	5087868590	1	5	5	0.01
L	1385292394	1385292394	1	5	5	0.01
L	5124770434	5124770434	1	5	5	0.01
L	3742991339	3742991339	1	5	5	0.01
L	5121694923	5121694923	1	5	5	0.01
L	5121980434	5121980434	1	5	5	0.01
L	5136247311	5136247311	1	5	5	0.01
L	5136898659	5136898659	1	5	5	0.01
L	5058041565	5058041565	1	5	5	0.01
L	5162991430	5162991430	1	5	5	0.01
L	5172945300	5172945300	1	5	5	0.01
L	5138103471	5138103471	1	5	5	0.01
L	5086200201	5086200201	1	5	5	0.01
L	5168182965	5168182965	1	5	5	0.01
L	4949306677	4949306677	1	5	5	0.01
L	5071639349	5071639349	1	5	5	0.01
L	1892821998	1892821998	1	12	12	0.01
L	1927714372	1927714372	1	12	12	0.01
L	1935631832	1935631832	1	12	12	0.01
L	1935692355	1935692355	1	12	12	0.01
L	93161027	93161027	1	12	12	0.01
L	80331314	80331314	1	12	12	0.01
L	1820391755	1820391755	1	12	12	0.01
L	4322212758	4322212758	1	12	12	0.01
L	1857774864	1857774864	1	12	12	0.01
L	4322396620	4322396620	1	12	12	0.01
L	4373903608	4373903608	1	12	12	0.01
L	3943991896	3943991896	1	12	12	0.01
L	3687984975	3687984975	1	12	12	0.01
L	2616932951	2616932951	1	12	12	0.01
L	2616862105	2616862105	1	12	12	0.01
L	2627995740	2627995740	1	12	12	0.01
L	2600148482	2600148482	1	12	12	0.01
L	2600205988	2600205988	1	12	12	0.01
L	2601700159	2601700159	1	12	12	0.01
L	2618155588	2618155588	1	12	12	0.01
L	2620471172	2620471172	1	12	12	0.01
L	2622192659	2622192659	1	12	12	0.01
L	1857314489	1857314489	1	12	12	0.01
L	1214032263	1214032263	1	12	12	0.01
L	1144531753	1144531753	1	12	12	0.01
L	3038020762	3038020762	1	12	12	0.01
L	1311896030	1311896030	1	12	12	0.01
L	1232433590	1232433590	1	12	12	0.01
L	1525276433	1525276433	1	12	12	0.01
L	1527105805	1527105805	1	12	12	0.01
L	1226118466	1226118466	1	12	12	0.01
L	1210963071	1210963071	1	12	12	0.01
L	1205649178	1205649178	1	12	12	0.01
L	1514578007	1514578007	1	12	12	0.01
L	1308994450	1308994450	1	12	12	0.01
L	4012195158	4012195158	1	12	12	0.01
L	4503944544	4503944544	1	12	12	0.01
L	4501726801	4501726801	1	12	12	0.01
L	2433414628	2433414628	1	13	13	0.01
L	2380594612	2380594612	1	13	13	0.01
L	2177279023	2177279023	1	13	13	0.01
L	1041493148	1041493148	1	13	13	0.01
L	5149060436	5149060436	1	13	13	0.01
L	166619786	166619786	1	13	13	0.01
L	2765916588	2765916588	1	13	13	0.01
L	4006374656	4006374656	1	13	13	0.01
L	4465828629	4465828629	1	13	13	0.01
L	3890231054	3890231054	1	13	13	0.01
L	3968333786	3968333786	1	13	13	0.01
L	4525488012	4525488012	1	13	13	0.01
L	4577021649	4577021649	1	13	13	0.01
L	4558287616	4558287616	1	13	13	0.01
L	1398400461	1398400461	1	13	13	0.01
L	2598117832	2598117832	1	13	13	0.01
L	4500665535	4500665535	1	13	13	0.01
L	3674045517	3674045517	1	13	13	0.01
L	4739137633	4739137633	1	13	13	0.01
L	3772696467	3772696467	1	13	13	0.01
L	3771494518	3771494518	1	13	13	0.01
L	2563771409	2563771409	1	13	13	0.01
L	3745412812	3745412812	1	13	13	0.01
L	2566302293	2566302293	1	13	13	0.01
L	3763022994	3763022994	1	13	13	0.01
L	3762529952	3762529952	1	13	13	0.01
L	3836165671	3836165671	1	13	13	0.01
L	3765679332	3765679332	1	13	13	0.01
L	3764317914	3764317914	1	13	13	0.01
L	3801090818	3801090818	1	13	13	0.01
L	3801771393	3801771393	1	13	13	0.01
L	3768445949	3768445949	1	13	13	0.01
L	3744888754	3744888754	1	13	13	0.01
L	3908246588	3908246588	1	13	13	0.01
L	3909090042	3909090042	1	13	13	0.01
L	2836592729	2836592729	1	14	14	0.01
L	2884087626	2884087626	1	14	14	0.01
L	2884351576	2884351576	1	14	14	0.01
L	2481078474	2481078474	1	14	14	0.01
L	187373189	187373189	1	14	14	0.01
L	1034274873	1034274873	1	14	14	0.01
L	2161276106	2161276106	1	14	14	0.01
L	4835310744	4835310744	1	14	14	0.01
L	2022007602	2022007602	1	14	14	0.01
L	915805780	915805780	1	14	14	0.01
L	197055150	197055150	1	14	14	0.01
L	3717179653	3717179653	1	14	14	0.01
L	2923502345	2923502345	1	14	14	0.01
L	4065189569	4065189569	1	14	14	0.01
L	2614477118	2614477118	1	14	14	0.01
L	162725868	162725868	1	14	14	0.01
L	2779257067	2779257067	1	14	14	0.01
L	2753286744	2753286744	1	14	14	0.01
L	2875970006	2875970006	1	14	14	0.01
L	2573018005	2573018005	1	14	14	0.01
L	2871347147	2871347147	1	14	14	0.01
L	2842056475	2842056475	1	14	14	0.01
L	2841927416	2841927416	1	14	14	0.01
L	2877410116	2877410116	1	14	14	0.01
L	2168395655	2168395655	1	14	14	0.01
L	2878104240	2878104240	1	14	14	0.01
L	2879087669	2879087669	1	14	14	0.01
L	2801993253	2801993253	1	14	14	0.01
L	2800854043	2800854043	1	14	14	0.01
L	2893414352	2893414352	1	14	14	0.01
L	2508093101	2508093101	1	14	14	0.01
L	2918325683	2918325683	1	14	14	0.01
L	2918966233	2918966233	1	14	14	0.01
L	4274298230	4274298230	1	14	14	0.01
L	2897806278	2897806278	1	14	14	0.01
L	2878833275	2878833275	1	14	14	0.01
L	2015820005	2015820005	1	14	14	0.01
L	2879216788	2879216788	1	14	14	0.01
L	4436008084	4436008084	1	15	15	0.01
L	4425088134	4425088134	1	15	15	0.01
L	3496713579	3496713579	1	15	15	0.01
L	3453494468	3453494468	1	15	15	0.01
L	3545290187	3545290187	1	15	15	0.01
L	3545217220	3545217220	1	15	15	0.01
L	3551816394	3551816394	1	15	15	0.01
L	491788368	491788368	1	15	15	0.01
L	3552956881	3552956881	1	15	15	0.01
L	4259017008	4259017008	1	15	15	0.01
L	4258998465	4258998465	1	15	15	0.01
L	3524878244	3524878244	1	15	15	0.01
L	4260272816	4260272816	1	15	15	0.01
L	4257551476	4257551476	1	15	15	0.01
L	3560352189	3560352189	1	15	15	0.01
L	4379957881	4379957881	1	15	15	0.01
L	4339652251	4339652251	1	15	15	0.01
L	4387818833	4387818833	1	15	15	0.01
L	3561598073	3561598073	1	15	15	0.01
L	3553553015	3553553015	1	15	15	0.01
L	3501711101	3501711101	1	15	15	0.01
L	3501648291	3501648291	1	15	15	0.01
L	769879219	769879219	1	15	15	0.01
L	3496990490	3496990490	1	15	15	0.01
L	3502669840	3502669840	1	15	15	0.01
L	3488649439	3488649439	1	15	15	0.01
L	4302649312	4302649312	1	15	15	0.01
L	3503453786	3503453786	1	15	15	0.01
L	252993228	252993228	1	15	15	0.01
L	3478004878	3478004878	1	15	15	0.01
L	3478259516	3478259516	1	15	15	0.01
L	191956004	191956004	1	15	15	0.01
L	3475058236	3475058236	1	15	15	0.01
L	193754087	193754087	1	15	15	0.01
L	194709767	194709767	1	15	15	0.01
L	4266057259	4266057259	1	15	15	0.01
L	4334610974	4334610974	1	15	15	0.01
L	4335234144	4335234144	1	15	15	0.01
L	3544610954	3544610954	1	15	15	0.01
L	4379877045	4379877045	1	15	15	0.01
L	3551462270	3551462270	1	15	15	0.01
L	3555475192	3555475192	1	15	15	0.01
L	3552113178	3552113178	1	15	15	0.01
L	4298611611	4298611611	1	15	15	0.01
L	4297391938	4297391938	1	15	15	0.01
L	3471096655	3471096655	1	15	15	0.01
L	4295870861	4295870861	1	15	15	0.01
L	1499822387	1499822387	1	16	16	0.01
L	1426726757	1426726757	1	16	16	0.01
L	1503011176	1503011176	1	16	16	0.01
L	1569907734	1569907734	1	16	16	0.01
L	523087487	523087487	1	16	16	0.01
L	523280740	523280740	1	16	16	0.01
L	518309477	518309477	1	16	16	0.01
L	1497767624	1497767624	1	16	16	0.01
L	1499198819	1499198819	1	16	16	0.01
L	1499198819	1499198819	1	16	16	0.01
L	1431924106	1431924106	1	16	16	0.01
L	597223839	597223839	1	16	16	0.01
L	597255229	597255229	1	16	16	0.01
L	508633676	508633676	1	16	16	0.01
L	507777856	507777856	1	16	16	0.01
L	497110547	497110547	1	16	16	0.01
L	1347811486	1347811486	1	16	16	0.01
L	1423006539	1423006539	1	16	16	0.01
L	609161746	609161746	1	16	16	0.01
L	1416925680	1416925680	1	16	16	0.01
L	1417071702	1417071702	1	16	16	0.01
L	1544999699	1544999699	1	16	16	0.01
L	608891535	608891535	1	16	16	0.01
L	1544394774	1544394774	1	16	16	0.01
L	315119734	315119734	1	16	16	0.01
L	509171514	509171514	1	16	16	0.01
L	509346028	509346028	1	16	16	0.01
L	1503289346	1503289346	1	16	16	0.01
L	1503368614	1503368614	1	16	16	0.01
L	496970637	496970637	1	16	16	0.01
L	378776987	378776987	1	16	16	0.01
L	2984920586	2984920586	1	16	16	0.01
L	3083692886	3083692886	1	16	16	0.01
L	2949916751	2949916751	1	16	16	0.01
L	3322363867	3322363867	1	16	16	0.01
L	2932218884	2932218884	1	16	16	0.01
L	2932166343	2932166343	1	16	16	0.01
L	3022324649	3022324649	1	16	16	0.01
L	3045273968	3045273968	1	16	16	0.01
L	3044429130	3044429130	1	16	16	0.01
L	2997114110	2997114110	1	16	16	0.01
L	3220358803	3220358803	1	16	16	0.01
L	921584954	921584954	1	16	16	0.01
L	3032392717	3032392717	1	16	16	0.01
L	2065492719	2065492719	1	16	16	0.01
L	3387521541	3387521541	1	16	16	0.01
L	3202816236	3202816236	1	16	16	0.01
L	3202856274	3202856274	1	16	16	0.01
L	3118065740	3118065740	1	16	16	0.01
L	3026783376	3026783376	1	16	16	0.01
L	3399486490	3399486490	1	16	16	0.01
L	3351202206	3351202206	1	16	16	0.01
L	997128738	997128738	1	16	16	0.01
L	3214357688	3214357688	1	16	16	0.01
L	2963817424	2963817424	1	16	16	0.01
L	1403703777	1403703777	1	17	17	0.01
L	1459356486	1459356486	1	17	17	0.01
L	1452365538	1452365538	1	17	17	0.01
L	3702698277	3702698277	1	17	17	0.01
L	159909651	159909651	1	17	17	0.01
L	1437548569	1437548569	1	17	17	0.01
L	1260185841	1260185841	1	17	17	0.01
L	1410692657	1410692657	1	17	17	0.01
L	1438506934	1438506934	1	17	17	0.01
L	1257293789	1257293789	1	17	17	0.01
L	595949613	595949613	1	17	17	0.01
L	1443528398	1443528398	1	17	17	0.01
L	1174233318	1174233318	1	17	17	0.01
L	1144095813	1144095813	1	17	17	0.01
L	1214005713	1214005713	1	17	17	0.01
L	1299413330	1299413330	1	17	17	0.01
L	1379512892	1379512892	1	17	17	0.01
L	1163035370	1163035370	1	17	17	0.01
L	1201194151	1201194151	1	17	17	0.01
L	1567374373	1567374373	1	17	17	0.01
L	1155936247	1155936247	1	17	17	0.01
L	1190152649	1190152649	1	17	17	0.01
L	1188057230	1188057230	1	17	17	0.01
L	1408923993	1408923993	1	17	17	0.01
L	1272840839	1272840839	1	17	17	0.01
L	1172902868	1172902868	1	17	17	0.01
L	1173481724	1173481724	1	17	17	0.01
L	1309295351	1309295351	1	17	17	0.01
L	1438066260	1438066260	1	17	17	0.01
L	2233720187	2233720187	1	17	17	0.01
L	2234060465	2234060465	1	17	17	0.01
L	2239966686	2239966686	1	17	17	0.01
L	2118595532	2118595532	1	17	17	0.01
L	2119010643	2119010643	1	17	17	0.01
L	2331641329	2331641329	1	17	17	0.01
L	2048004861	2048004861	1	17	17	0.01
L	2729827722	2729827722	1	17	17	0.01
L	2232964922	2232964922	1	17	17	0.01
L	2072011502	2072011502	1	17	17	0.01
L	990949468	990949468	1	17	17	0.01
L	701440873	701440873	1	17	17	0.01
L	2850585565	2850585565	1	17	17	0.01
L	2222650264	2222650264	1	17	17	0.01
L	2222900572	2222900572	1	17	17	0.01
L	2222989557	2222989557	1	17	17	0.01
L	40733575	40733575	1	17	17	0.01
L	2115469660	2115469660	1	17	17	0.01
L	2729979405	2729979405	1	17	17	0.01
L	2177231180	2177231180	1	17	17	0.01
L	2252536149	2252536149	1	17	17	0.01
L	2171818560	2171818560	1	17	17	0.01
L	2172107742	2172107742	1	17	17	0.01
L	2194810418	2194810418	1	17	17	0.01
L	2194885065	2194885065	1	17	17	0.01
L	2186552662	2186552662	1	17	17	0.01
L	4744606375	4744606375	1	18	18	0.01
L	4554956488	4554956488	1	18	18	0.01
L	5057985491	5057985491	1	18	18	0.01
L	4519215676	4519215676	1	18	18	0.01
L	3239913892	3239913892	1	18	18	0.01
L	3241630551	3241630551	1	18	18	0.01
L	2947381691	2947381691	1	18	18	0.01
L	294116047	294116047	1	18	18	0.01
L	4781059509	4781059509	1	18	18	0.01
L	4628683579	4628683579	1	18	18	0.01
L	311472429	311472429	1	18	18	0.01
L	4708559638	4708559638	1	18	18	0.01
L	3227208409	3227208409	1	18	18	0.01
L	556221888	556221888	1	18	18	0.01
L	3468190081	3468190081	1	18	18	0.01
L	4702487035	4702487035	1	18	18	0.01
L	561121206	561121206	1	18	18	0.01
L	331189987	331189987	1	18	18	0.01
L	335508483	335508483	1	18	18	0.01
L	312344927	312344927	1	18	18	0.01
L	4699575377	4699575377	1	18	18	0.01
L	4698910149	4698910149	1	18	18	0.01
L	281691756	281691756	1	18	18	0.01
L	4685182220	4685182220	1	18	18	0.01
L	4686906689	4686906689	1	18	18	0.01
L	4686957382	4686957382	1	18	18	0.01
L	284895620	284895620	1	18	18	0.01
L	549974278	549974278	1	18	18	0.01
L	4695770533	4695770533	1	18	18	0.01
L	3475009330	3475009330	1	19	19	0.01
L	5009743740	5009743740	1	19	19	0.01
L	5011600642	5011600642	1	19	19	0.01
L	1547314077	1547314077	1	19	19	0.01
L	4976091856	4976091856	1	19	19	0.01
L	4973135283	4973135283	1	19	19	0.01
L	4838135912	4838135912	1	19	19	0.01
L	5050409260	5050409260	1	19	19	0.01
L	4971831145	4971831145	1	19	19	0.01
L	5113770116	5113770116	1	19	19	0.01
L	5128628620	5128628620	1	19	19	0.01
L	4980650194	4980650194	1	19	19	0.01
L	5120688305	5120688305	1	19	19	0.01
L	4876071998	4876071998	1	19	19	0.01
L	4870671215	4870671215	1	19	19	0.01
L	4870726292	4870726292	1	19	19	0.01
L	5120767793	5120767793	1	19	19	0.01
L	4970371232	4970371232	1	19	19	0.01
L	4965173711	4965173711	1	19	19	0.01
L	4969080221	4969080221	1	19	19	0.01
L	4968810806	4968810806	1	19	19	0.01
L	4970929579	4970929579	1	19	19	0.01
L	417983671	417983671	1	19	19	0.01
L	4841848486	4841848486	1	19	19	0.01
L	4869705456	4869705456	1	19	19	0.01
L	4836628234	4836628234	1	19	19	0.01
L	5121431180	5121431180	1	19	19	0.01
L	4969798565	4969798565	1	19	19	0.01
L	4998951114	4998951114	1	19	19	0.01
L	4915839083	4915839083	1	19	19	0.01
L	286293453	286293453	1	20	20	0.01
L	1492588390	1492588390	1	20	20	0.01
L	531485213	531485213	1	20	20	0.01
L	4977968946	4977968946	1	20	20	0.01
L	4978033526	4978033526	1	20	20	0.01
L	5046582221	5046582221	1	20	20	0.01
L	4958848216	4958848216	1	20	20	0.01
L	4957070720	4957070720	1	20	20	0.01
L	5120523502	5120523502	1	20	20	0.01
L	4370373002	4370373002	1	20	20	0.01
L	1347297614	1347297614	1	20	20	0.01
L	569126344	569126344	1	20	20	0.01
L	567504587	567504587	1	20	20	0.01
L	572273016	572273016	1	20	20	0.01
L	572684913	572684913	1	20	20	0.01
L	534840895	534840895	1	20	20	0.01
L	534804332	534804332	1	20	20	0.01
L	534133289	534133289	1	20	20	0.01
L	533065216	533065216	1	20	20	0.01
L	1517425917	1517425917	1	20	20	0.01
L	1512300697	1512300697	1	20	20	0.01
L	1512484566	1512484566	1	20	20	0.01
L	1362426495	1362426495	1	20	20	0.01
L	1506705813	1506705813	1	20	20	0.01
L	623457870	623457870	1	20	20	0.01
L	1561311041	1561311041	1	20	20	0.01
L	460079454	460079454	1	20	20	0.01
L	1511921461	1511921461	1	20	20	0.01
L	1313691220	1313691220	1	20	20	0.01
L	1557229661	1557229661	1	20	20	0.01
L	574239875	574239875	1	20	20	0.01
L	416619894	416619894	1	20	20	0.01
L	1488698047	1488698047	1	20	20	0.01
L	1414237572	1414237572	1	20	20	0.01
L	1544130931	1544130931	1	20	20	0.01
L	436477101	436477101	1	21	21	0.01
L	1310117012	1310117012	1	21	21	0.01
L	446941470	446941470	1	21	21	0.01
L	1758350843	1758350843	1	21	21	0.01
L	1463200572	1463200572	1	21	21	0.01
L	1471906230	1471906230	1	21	21	0.01
L	1471868818	1471868818	1	21	21	0.01
L	1470952082	1470952082	1	21	21	0.01
L	536472916	536472916	1	21	21	0.01
L	535391010	535391010	1	21	21	0.01
L	370409974	370409974	1	21	21	0.01
L	535589698	535589698	1	21	21	0.01
L	1542172173	1542172173	1	21	21	0.01
L	1534489525	1534489525	1	21	21	0.01
L	525712536	525712536	1	21	21	0.01
L	525712536	525712536	1	21	21	0.01
L	1542010542	1542010542	1	21	21	0.01
L	1414150778	1414150778	1	21	21	0.01
L	1993222475	1993222475	1	22	22	0.01
L	4354868009	4354868009	1	22	22	0.01
L	1905000465	1905000465	1	22	22	0.01
L	4354098282	4354098282	1	22	22	0.01
L	4319942136	4319942136	1	22	22	0.01
L	1902772726	1902772726	1	22	22	0.01
L	83853278	83853278	1	22	22	0.01
L	1883610800	1883610800	1	22	22	0.01
L	1874927837	1874927837	1	22	22	0.01
L	1874809884	1874809884	1	22	22	0.01
L	2004736808	2004736808	1	22	22	0.01
L	153153098	153153098	1	22	22	0.01
L	1851880843	1851880843	1	22	22	0.01
L	1944580041	1944580041	1	22	22	0.01
L	1936509057	1936509057	1	22	22	0.01
L	4265757500	4265757500	1	22	22	0.01
L	1937554406	1937554406	1	22	22	0.01
L	4316876288	4316876288	1	22	22	0.01
L	1863667489	1863667489	1	22	22	0.01
L	143069106	143069106	1	22	22	0.01
L	203957956	203957956	1	22	22	0.01
L	187543082	187543082	1	22	22	0.01
L	1916083038	1916083038	1	22	22	0.01
L	3897322890	3897322890	1	23	23	0.01
L	3897305891	3897305891	1	23	23	0.01
L	4498591961	4498591961	1	23	23	0.01
L	3812125311	3812125311	1	23	23	0.01
L	2593406642	2593406642	1	23	23	0.01
L	3816131871	3816131871	1	23	23	0.01
L	5094032239	5094032239	1	23	23	0.01
L	3898067113	3898067113	1	23	23	0.01
L	768125486	768125486	1	23	23	0.01
L	1471959644	1471959644	1	23	23	0.01
L	2864531859	2864531859	1	23	23	0.01
L	2861835768	2861835768	1	23	23	0.01
L	4529081790	4529081790	1	23	23	0.01
L	4560009062	4560009062	1	23	23	0.01
L	4086424433	4086424433	1	23	23	0.01
L	4572369093	4572369093	1	23	23	0.01
L	3793240902	3793240902	1	23	23	0.01
L	2722292023	2722292023	1	23	23	0.01
L	740009246	740009246	1	24	24	0.01
L	705438375	705438375	1	24	24	0.01
L	754078428	754078428	1	24	24	0.01
L	701693526	701693526	1	24	24	0.01
L	739606674	739606674	1	24	24	0.01
L	1722700810	1722700810	1	25	25	0.01
L	284934850	284934850	1	25	25	0.01
L	774748643	774748643	1	25	25	0.01
L	138300885	138300885	1	25	25	0.01
L	5109104445	5109104445	1	25	25	0.01
L	5110987897	5110987897	1	25	25	0.01
L	3532324127	3532324127	1	25	25	0.01
L	3528418674	3528418674	1	25	25	0.01
L	1674300386	1674300386	1	25	25	0.01
L	1692526088	1692526088	1	25	25	0.01
L	909260067	909260067	1	25	25	0.01
L	918601256	918601256	1	25	25	0.01
L	1657121920	1657121920	1	25	25	0.01
L	1072082713	1072082713	1	25	25	0.01
L	1673347259	1673347259	1	25	25	0.01
L	1672784440	1672784440	1	25	25	0.01
L	1121705341	1121705341	1	25	25	0.01
L	1071651269	1071651269	1	25	25	0.01
L	1602453211	1602453211	1	25	25	0.01
L	1602073624	1602073624	1	25	25	0.01
L	1022646348	1022646348	1	25	25	0.01
L	1771926633	1771926633	1	25	25	0.01
L	1653803811	1653803811	1	25	25	0.01
L	1655006515	1655006515	1	25	25	0.01
L	1591971766	1591971766	1	25	25	0.01
L	949967533	949967533	1	25	25	0.01
L	1112458607	1112458607	1	25	25	0.01
L	1030592715	1030592715	1	25	25	0.01
L	1691750689	1691750689	1	25	25	0.01
L	1672722871	1672722871	1	25	25	0.01
L	1652883382	1652883382	1	25	25	0.01
L	3365272113	3365272113	1	26	26	0.01
L	4687678940	4687678940	1	26	26	0.01
L	326313269	326313269	1	26	26	0.01
L	4860604940	4860604940	1	26	26	0.01
L	3230925182	3230925182	1	26	26	0.01
L	3629914843	3629914843	1	26	26	0.01
L	4681263171	4681263171	1	26	26	0.01
L	3273121260	3273121260	1	26	26	0.01
L	3277183794	3277183794	1	26	26	0.01
L	3070899213	3070899213	1	26	26	0.01
L	3068996144	3068996144	1	26	26	0.01
L	4793313883	4793313883	1	26	26	0.01
L	2850909641	2850909641	1	27	27	0.01
L	2056128961	2056128961	1	27	27	0.01
L	2056067689	2056067689	1	27	27	0.01
L	2055350479	2055350479	1	27	27	0.01
L	2057559170	2057559170	1	27	27	0.01
L	2247018454	2247018454	1	27	27	0.01
L	1980852525	1980852525	1	27	27	0.01
L	1836816168	1836816168	1	27	27	0.01
L	245974044	245974044	1	27	27	0.01
L	1983397575	1983397575	1	27	27	0.01
L	1842513378	1842513378	1	27	27	0.01
L	1867312863	1867312863	1	27	27	0.01
L	1971535047	1971535047	1	27	27	0.01
L	1972210289	1972210289	1	27	27	0.01
L	1173192650	1173192650	1	27	27	0.01
L	1294192051	1294192051	1	27	27	0.01
L	1337841259	1337841259	1	27	27	0.01
L	1257183736	1257183736	1	27	27	0.01
L	1440685803	1440685803	1	27	27	0.01
L	4985136920	4985136920	1	28	28	0.01
L	4677489267	4677489267	1	28	28	0.01
L	4678465379	4678465379	1	28	28	0.01
L	566672198	566672198	1	28	28	0.01
L	4543567983	4543567983	1	28	28	0.01
L	734757818	734757818	1	28	28	0.01
L	4688015376	4688015376	1	28	28	0.01
L	4688474753	4688474753	1	28	28	0.01
L	3299931010	3299931010	1	28	28	0.01
L	2451032663	2451032663	1	28	28	0.01
L	2439859162	2439859162	1	28	28	0.01
L	3205454892	3205454892	1	28	28	0.01
L	2455699046	2455699046	1	28	28	0.01
L	2434933104	2434933104	1	28	28	0.01
L	2434734934	2434734934	1	28	28	0.01
L	2293015770	2293015770	1	28	28	0.01
L	2300879893	2300879893	1	28	28	0.01
L	2399904276	2399904276	1	28	28	0.01
L	2433208713	2433208713	1	28	28	0.01
1	1	272819900	1	1		1
2	272819901	355074786	1	1		1
3	355074787	628632785	1	1		1
4	628632786	888788938	1	1		1
5	888788939	1143015315	1	1		1
6	1143015316	1573342482	1	1		1
7	1573342483	1814157308	1	1		1
8	1814157309	2020009923	1	1		1
9	2020009924	2276296837	1	1		1
10	2276296838	2531516877	1	1		1
11	2531516878	2725046357	1	1		1
12	2725046358	2923892468	1	1		1
13	2923892469	3188326295	1	1		1
14	3188326296	3406909244	1	1		1
15	3406909245	3626830483	1	1		1
16	3626830484	3865801967	1	1		1
17	3865801968	4086570229	1	1		1
18	4086570230	4255716777	1	1		1
19	4255716778	4415979791	1	1		1
20	4415979792	4586964175	1	1		1
21	4586964176	4818473550	1	1		1
22	4818473551	5024434667	1	1		1
24	5024434668	5178571771	1	1		1
